1 13.28216 0
1 13.28209 0
1 20.17488 0
1 20.17496 0
1 18.95062 0
1 18.95059 0
1 18.94002 0
1 18.93999 0
1 20.27894 0
1 20.27902 0
1 18.06245 0
1 18.06255 0
1 18.82505 0
1 18.82503 0
1 18.80135 0
1 23.46098 0
1 23.461 0
1 23.46113 0
1 7.288308 0
1 7.288227 0
1 3.468595 0
1 3.468425 0
1 3.262428 0
1 3.262308 0
1 3.202407 0
1 3.202285 0
1 3.235251 0
1 3.23519 0
1 3.23513 0
1 3.23513 0
1 13.28228 0
1 13.28218 0
1 13.28207 0
1 13.28216 0
1 13.28207 0
1 13.28216 0
1 13.28203 0
1 13.28207 0
1 13.28201 0
1 13.28218 0
1 13.28207 0
1 13.28222 0
1 13.28218 0
1 13.28216 0
1 13.28215 0
1 13.28225 0
1 13.28222 0
1 9.122488 0
1 9.122574 0
1 9.122553 0
1 8.873252 0
1 8.873208 0
1 8.873229 0
1 8.873208 0
1 8.873208 0
1 2.547911 0
1 2.548065 0
1 2.547835 0
1 2.547911 0
1 12.23422 0
1 12.23432 0
1 12.23432 0
1 12.2343 0
1 4.204353 0
1 4.204307 0
1 4.20426 0
1 4.204446 0
1 5.278786 0
1 5.278749 0
1 5.278674 0
1 5.278674 0
1 8.34099 0
1 8.341084 0
1 8.341108 0
1 8.341155 0
1 27.09098 0
1 27.09101 0
1 27.09109 0
1 27.09099 0
1 13.28218 0
1 13.28206 0
1 13.28212 0
1 13.28216 0
1 13.28207 0
1 13.28213 0
1 13.28209 0
1 13.28216 0
1 13.28222 0
1 8.970516 0
1 8.970582 0
1 8.970516 0
1 8.970472 0
1 11.67849 0
1 11.67843 0
1 11.6784 0
1 11.67849 0
1 5.805119 0
1 5.805288 0
1 5.80522 0
1 5.805288 0
1 0.6937978 0
1 0.6932335 0
1 0.6932335 0
1 0.6937978 0
1 0.8490367 0
1 0.8497278 0
1 0.8494976 0
1 0.8499581 0
1 0.9414921 0
1 0.9414921 0
1 0.9421154 0
1 0.9024397 0
1 0.9022229 0
1 0.9022229 0
1 0.9022229 0
1 0.9022229 0
1 0.8983104 0
1 0.8983104 0
1 0.8983104 0
1 0.8983104 0
1 0.9379522 0
1 0.9385778 0
1 0.9383693 0
1 0.9385778 0
1 0.9343988 0
1 0.9343988 0
1 0.9339799 0
1 0.9341894 0
1 0.9507989 0
1 0.9507989 0
1 0.9507989 0
1 0.9510047 0
1 0.8818219 0
1 0.8820438 0
1 0.8820438 0
1 0.8813781 0
1 0.8595729 0
1 0.8593453 0
1 0.8593453 0
1 0.8593453 0
1 1.003077 0
1 1.003272 0
1 1.003077 0
1 1.003272 0
1 1.002882 0
1 1.23067 0
1 1.23067 0
1 1.230988 0
1 1.230511 0
1 1.290588 0
1 1.290285 0
1 1.290437 0
1 1.290133 0
1 1.174365 0
1 1.174365 0
1 1.174365 0
1 1.174199 0
1 1.107475 0
1 1.107652 0
1 1.107652 0
1 1.107475 0
1 0.8913127 0
1 0.8910931 0
1 0.8910931 0
1 0.8908735 0
1 0.8268523 0
1 0.8266156 0
1 0.8268523 0
1 0.8270888 0
1 0.7888232 0
1 0.7890712 0
1 0.7888232 0
1 0.7890712 0
1 0.6786853 0
1 0.6783969 0
1 0.6783969 0
1 0.6781085 0
1 0.6824232 0
1 0.6829963 0
1 0.6827098 0
1 0.6824232 0
1 0.7707559 0
1 0.7707559 0
1 0.7710097 0
1 0.770502 0
1 0.957362 0
1 0.9571576 0
1 0.9569532 0
1 0.9567486 0
1 1.056844 0
1 1.057029 0
1 1.057399 0
1 1.056844 0
1 1.142096 0
1 1.141924 0
1 1.141924 0
1 1.141753 0
1 1.222854 0
1 1.222694 0
1 1.223014 0
1 1.222533 0
1 1.222854 0
1 1.183825 0
1 1.18366 0
1 1.18399 0
1 1.18399 0
1 1.212407 0
1 1.212085 0
1 1.212246 0
1 1.172197 0
1 1.292558 0
1 1.292709 0
1 1.292406 0
1 1.375155 0
1 1.375012 0
1 1.375155 0
1 1.375155 0
1 1.053877 0
1 1.054063 0
1 1.054248 0
1 1.054248 0
1 0.8943809 0
1 0.8943809 0
1 0.8941622 0
1 0.8943809 0
1 0.8568369 0
1 0.8568369 0
1 0.8566085 0
1 0.8568369 0
1 0.7798419 0
1 0.7798419 0
1 0.7798419 0
1 0.7795909 0
1 0.7798419 0
1 0.6106976 0
1 0.6106976 0
1 0.6103771 0
1 0.6103771 0
1 0.3420692 0
1 0.3420692 0
1 0.3414966 0
1 0.3426407 0
1 0.261696 0
1 0.261696 0
1 0.2624426 0
1 0.261696 0
1 0.2533378 0
1 0.2548778 0
1 0.2533378 0
1 0.254109 0
1 0.2853053 0
1 0.2853053 0
1 0.2853053 0
1 0.2846186 0
1 0.4668813 0
1 0.4660423 0
1 0.4668813 0
1 0.4893896 0
1 0.6361217 0
1 0.6351982 0
1 0.6361217 0
1 0.6355062 0
1 0.6258884 0
1 0.6258884 0
1 0.6258884 0
1 0.6255757 0
1 0.7206361 0
1 0.719821 0
1 0.7206361 0
1 0.7206361 0
1 0.6471007 0
1 0.6471007 0
1 0.6471007 0
1 0.6471007 0
1 0.6923862 0
1 0.6923862 0
1 0.6923862 0
1 0.6921035 0
1 0.7790887 0
1 0.7795909 0
1 0.7790887 0
1 0.7788376 0
1 0.7276617 0
1 0.7273927 0
1 0.7276617 0
1 0.7276617 0
1 0.5588315 0
1 0.5591815 0
1 0.5591815 0
1 0.5584812 0
1 0.4901886 0
1 0.4905876 0
1 0.4893896 0
1 0.4897892 0
1 0.5355885 0
1 0.5355885 0
1 0.5359538 0
1 0.5352231 0
1 0.5709552 0
1 0.5699261 0
1 0.5699261 0
1 0.5706123 0
1 0.5016313 0
1 0.5028 0
1 0.5028 0
1 0.5024107 0
1 0.4945601 0
1 0.4953507 0
1 0.4953507 0
1 0.4957456 0
1 0.3454843 0
1 0.3466151 0
1 0.3454843 0
1 0.3466151 0
1 0.1802258 0
1 0.1791368 0
1 0.1791368 0
1 0.1780411 0
1 0.09278741 0
1 0.09278741 0
1 0.09065409 0
1 0.08846933 0
1 0.06255726 0
1 0.05934703 0
1 0.06255726 0
1 0.05934703 0
1 0.1341704 0
1 0.132704 0
1 0.1297215 0
1 0.1312212 0
1 0.1855749 0
1 0.1845175 0
1 0.1855749 0
1 0.1876719 0
1 13.28206 0
1 13.28215 0
1 13.28213 0
1 13.28221 0
1 13.282 0
1 13.28224 0
1 13.28227 0
1 13.28212 0
1 9.109879 0
1 9.1099 0
1 9.109835 0
1 9.109835 0
1 9.109857 0
1 13.2821 0
1 13.28207 0
1 13.28216 0
1 11.7361 0
1 11.73596 0
1 11.73606 0
1 11.73598 0
1 13.28222 0
1 13.28207 0
1 13.28201 0
1 13.282 0
1 13.28218 0
1 13.28215 0
1 13.28207 0
1 13.28218 0
1 13.28221 0
1 9.944454 0
1 9.944375 0
1 9.944513 0
1 9.944316 0
1 10.01932 0
1 10.01936 0
1 10.0195 0
1 10.01932 0
1 3.812078 0
1 3.812027 0
1 3.811975 0
1 3.811821 0
1 3.864776 0
1 3.864776 0
1 3.864726 0
1 3.860163 0
1 3.860264 0
1 3.860163 0
1 3.860366 0
1 3.736174 0
1 3.736226 0
1 3.736174 0
1 3.736226 0
1 3.742667 0
1 3.681744 0
1 3.681797 0
1 3.681744 0
1 3.680361 0
1 3.680148 0
1 3.680254 0
1 3.680307 0
1 3.680148 0
1 3.620013 0
1 3.620013 0
1 3.620176 0
1 3.665007 0
1 3.6649 0
1 3.6649 0
1 3.665007 0
1 3.6649 0
1 3.737431 0
1 3.737536 0
1 3.737379 0
1 3.737484 0
1 3.61162 0
1 3.611783 0
1 3.611837 0
1 3.611783 0
1 3.594502 0
1 3.594448 0
1 3.594393 0
1 3.594448 0
1 3.667356 0
1 3.667303 0
1 3.66757 0
1 3.66741 0
1 3.849852 0
1 3.849648 0
1 3.849648 0
1 3.849699 0
1 4.313024 0
1 4.313069 0
1 4.313024 0
1 4.313069 0
1 4.60866 0
1 4.608574 0
1 4.60866 0
1 4.60866 0
1 4.745201 0
1 4.745366 0
1 4.745366 0
1 4.745284 0
1 4.723934 0
1 4.76148 0
1 4.761397 0
1 4.76148 0
1 4.735034 0
1 4.734993 0
1 4.7352 0
1 4.735076 0
1 4.735034 0
1 4.750565 0
1 4.750689 0
1 4.750689 0
1 4.750689 0
1 4.765428 0
1 4.765346 0
1 4.765428 0
1 4.765305 0
1 4.835618 0
1 4.835699 0
1 4.835658 0
1 4.835496 0
1 4.876404 0
1 4.876484 0
1 4.876484 0
1 4.876524 0
1 4.941535 0
1 4.941614 0
1 4.941495 0
1 4.941535 0
1 5.029054 0
1 5.029132 0
1 5.029015 0
1 5.029093 0
1 4.965542 0
1 4.965463 0
1 4.965424 0
1 4.965463 0
1 5.053771 0
1 5.053732 0
1 5.05381 0
1 5.053848 0
1 5.032208 0
1 5.032053 0
1 5.032014 0
1 5.032053 0
1 5.032053 0
1 5.032987 0
1 5.033026 0
1 5.033104 0
1 5.033026 0
1 7.124446 0
1 7.124308 0
1 7.124308 0
1 7.124528 0
1 18.9072 0
1 18.9072 0
1 18.90724 0
1 18.90725 0
1 13.28215 0
1 13.28224 0
1 13.2821 0
1 13.28215 0
1 23.57095 0
1 23.57094 0
1 23.57094 0
1 23.57096 0
1 29.40667 0
1 29.40658 0
1 29.40665 0
1 29.4066 0
1 29.31602 0
1 29.316 0
1 29.31601 0
1 29.31608 0
1 29.36481 0
1 29.36484 0
1 29.3648 0
1 29.3648 0
1 29.3108 0
1 29.31081 0
1 29.31078 0
1 29.31076 0
1 29.21484 0
1 29.21495 0
1 29.21492 0
1 29.21491 0
1 29.26681 0
1 29.2669 0
1 29.26691 0
1 29.26688 0
1 29.3177 0
1 29.31769 0
1 29.31766 0
1 29.31763 0
1 29.34845 0
1 29.34844 0
1 29.3484 0
1 29.34837 0
1 29.28556 0
1 29.28558 0
1 29.28559 0
1 29.28556 0
1 29.2495 0
1 29.2495 0
1 29.24948 0
1 29.24948 0
1 17.19735 0
1 17.19753 0
1 17.19743 0
1 17.19749 0
1 13.28207 0
1 13.28197 0
1 13.28209 0
1 13.28218 0
1 4.545622 0
1 4.545536 0
1 4.545752 0
1 4.545709 0
1 4.554103 0
1 4.554103 0
1 4.55419 0
1 4.55419 0
1 4.338605 0
1 4.33856 0
1 4.338696 0
1 4.338605 0
1 11.45979 0
1 11.45986 0
1 11.45992 0
1 11.4598 0
1 2.646415 0
1 2.646266 0
1 2.646193 0
1 2.646266 0
1 2.433893 0
1 2.433813 0
1 2.433813 0
1 2.433974 0
1 2.249859 0
1 2.249598 0
1 2.249598 0
1 2.249685 0
1 2.747731 0
1 2.747588 0
1 2.747588 0
1 2.747588 0
1 13.28212 0
1 13.28213 0
1 13.28212 0
1 13.28219 0
1 13.28212 0
1 13.28213 0
1 13.28227 0
1 13.28212 0
1 9.411227 0
1 9.411248 0
1 9.411289 0
1 9.411185 0
1 9.411165 0
1 13.28218 0
1 13.28215 0
1 13.2821 0
1 2.904006 0
1 2.903938 0
1 2.903871 0
1 2.904006 0
1 2.904073 0
1 2.369099 0
1 2.369182 0
1 2.369099 0
1 27.5738 1
1 27.61222 1
1 27.61216 1
1 27.61225 1
1 27.61228 1
1 27.53147 1
1 27.53157 1
1 27.53157 1
1 27.53152 1
1 27.52257 1
1 27.52271 1
1 27.52275 1
1 27.52259 1
1 27.57821 1
1 27.57821 1
1 27.57837 1
1 27.57841 1
1 27.44769 1
1 27.44771 1
1 27.44771 1
1 27.44756 1
1 19.3117 1
1 19.31179 1
1 19.31173 1
1 19.31165 1
1 19.31168 1
1 19.3116 1
1 19.31168 1
1 19.31168 1
1 4.656399 1
1 4.656483 1
1 4.656483 1
1 4.656399 1
1 4.58407 1
1 4.58407 1
1 4.583984 1
1 4.584027 1
1 4.584113 1
1 4.584027 1
1 4.58407 1
1 4.584156 1
1 4.632358 1
1 4.632527 1
1 4.632485 1
1 4.632485 1
1 4.649874 1
1 4.649789 1
1 4.649916 1
1 4.649789 1
1 4.787329 1
1 4.787206 1
1 4.787288 1
1 4.787329 1
1 4.838533 1
1 4.838574 1
1 4.838533 1
1 4.838574 1
1 4.838574 1
1 2.077731 1
1 2.077825 1
1 2.077919 1
1 2.077731 1
1 4.340095 1
1 4.340004 1
1 4.34005 1
1 4.340095 1
1 4.148646 1
1 4.148646 1
1 4.148693 1
1 4.148693 1
1 16.92717 1
1 16.92717 1
1 16.92722 1
1 16.92714 1
1 19.31164 1
1 19.31176 1
1 19.31172 1
1 19.3117 1
1 10.55419 1
1 10.554 1
1 10.55417 1
1 10.55406 1
1 10.55417 1
1 10.55406 1
1 10.55413 1
1 10.55406 1
1 19.31175 1
1 19.31167 1
1 19.31161 1
1 19.31164 1
1 0.598725 1
1 0.5990517 1
1 0.5990517 1
1 0.598725 1
1 3.944368 1
1 3.944417 1
1 3.944368 1
1 3.944467 1
1 3.969015 1
1 3.969064 1
1 3.969064 1
1 3.968916 1
1 3.911814 1
1 3.911814 1
1 3.911964 1
1 3.911864 1
1 3.909761 1
1 3.909811 1
1 3.909811 1
1 3.909961 1
1 3.383446 1
1 3.383272 1
1 3.38333 1
1 3.383446 1
1 3.588778 1
1 3.588778 1
1 3.588724 1
1 3.588887 1
1 3.862749 1
1 3.862749 1
1 3.862749 1
1 3.862698 1
1 3.394191 1
1 3.394249 1
1 3.394249 1
1 3.394307 1
1 3.269202 1
1 3.269262 1
1 3.269202 1
1 3.269142 1
1 3.218323 1
1 3.218323 1
1 3.218384 1
1 3.218384 1
1 3.306892 1
1 3.306892 1
1 3.307011 1
1 3.278591 1
1 3.278531 1
1 3.278591 1
1 3.278471 1
1 3.378755 1
1 3.378813 1
1 3.378697 1
1 3.378813 1
1 3.483577 1
1 3.48369 1
1 3.483633 1
1 3.48369 1
1 3.754889 1
1 3.754837 1
1 3.754785 1
1 3.754733 1
1 3.648407 1
1 3.648353 1
1 3.648407 1
1 3.648353 1
1 3.648407 1
1 3.62396 1
1 3.623744 1
1 3.62396 1
1 3.623798 1
1 3.536956 1
1 3.537011 1
1 3.536901 1
1 3.537011 1
1 3.470908 1
1 3.470908 1
1 3.470852 1
1 3.470908 1
1 3.506098 1
1 3.506154 1
1 3.50621 1
1 3.493063 1
1 3.490035 1
1 3.490147 1
1 3.490035 1
1 3.490035 1
1 3.483858 1
1 3.483914 1
1 3.483914 1
1 3.483858 1
1 3.564088 1
1 3.564198 1
1 3.564033 1
1 3.564198 1
1 3.622014 1
1 3.622014 1
1 3.622069 1
1 3.622069 1
1 3.802924 1
1 3.802924 1
1 3.802872 1
1 3.802975 1
1 3.791011 1
1 3.791011 1
1 3.791062 1
1 3.791166 1
1 3.780356 1
1 3.780407 1
1 3.780407 1
1 3.780459 1
1 3.795708 1
1 3.853055 1
1 3.852953 1
1 3.853055 1
1 3.96304 1
1 3.962991 1
1 3.96304 1
1 3.962991 1
1 3.96309 1
1 3.654734 1
1 3.654681 1
1 3.654788 1
1 3.654627 1
1 3.522923 1
1 3.522978 1
1 3.523145 1
1 3.522978 1
1 3.558315 1
1 3.558315 1
1 3.558425 1
1 3.558315 1
1 3.733605 1
1 3.733552 1
1 3.733552 1
1 3.733552 1
1 3.98197 1
1 3.98197 1
1 3.98197 1
1 3.98197 1
1 3.982314 1
1 3.982363 1
1 3.982265 1
1 3.982363 1
1 4.209148 1
1 4.209241 1
1 4.209241 1
1 4.209241 1
1 4.226236 1
1 4.22619 1
1 4.226236 1
1 4.226236 1
1 4.212636 1
1 4.21259 1
1 4.212729 1
1 4.212776 1
1 4.252293 1
1 4.25243 1
1 4.25243 1
1 4.25243 1
1 4.412241 1
1 4.412241 1
1 4.412286 1
1 4.412286 1
1 4.293088 1
1 4.29318 1
1 4.292952 1
1 4.293088 1
1 4.330788 1
1 4.330653 1
1 4.330698 1
1 4.330879 1
1 4.352937 1
1 4.352847 1
1 4.352937 1
1 4.352802 1
1 4.319785 1
1 4.319739 1
1 4.319921 1
1 4.319694 1
1 4.266638 1
1 4.266638 1
1 4.266776 1
1 4.26673 1
1 4.278968 1
1 4.278831 1
1 4.278968 1
1 4.278877 1
1 4.208916 1
1 4.208869 1
1 4.208869 1
1 4.209009 1
1 4.189748 1
1 4.189701 1
1 4.189654 1
1 4.189701 1
1 4.254963 1
1 4.255055 1
1 4.255055 1
1 4.255055 1
1 4.230035 1
1 4.229942 1
1 4.229942 1
1 4.229942 1
1 4.113708 1
1 4.113851 1
1 4.113946 1
1 4.113803 1
1 4.130811 1
1 4.130858 1
1 4.130811 1
1 4.130858 1
1 4.238961 1
1 4.239007 1
1 4.238961 1
1 4.238961 1
1 4.301657 1
1 4.301702 1
1 4.301611 1
1 4.301657 1
1 4.265766 1
1 4.265766 1
1 4.26572 1
1 4.265766 1
1 4.315294 1
1 4.315248 1
1 4.315294 1
1 4.31534 1
1 4.424034 1
1 4.424078 1
1 4.424123 1
1 4.424078 1
1 4.494924 1
1 4.494924 1
1 4.49488 1
1 4.495011 1
1 4.484017 1
1 4.484104 1
1 4.48406 1
1 4.483929 1
1 4.56939 1
1 4.569347 1
1 4.569261 1
1 4.569175 1
1 4.569561 1
1 4.569561 1
1 4.569604 1
1 4.569647 1
1 4.560164 1
1 4.549327 1
1 4.549327 1
1 4.549241 1
1 4.544588 1
1 4.441267 1
1 4.441179 1
1 4.441267 1
1 4.441134 1
1 4.601301 1
1 4.601301 1
1 4.601258 1
1 4.601301 1
1 4.583514 1
1 4.583471 1
1 4.583514 1
1 4.583514 1
1 4.695276 1
1 4.695234 1
1 4.695151 1
1 4.695359 1
1 4.687384 1
1 4.687468 1
1 4.687384 1
1 4.687426 1
1 4.538766 1
1 4.538809 1
1 4.538723 1
1 4.538852 1
1 4.560809 1
1 4.560765 1
1 4.560765 1
1 4.560894 1
1 3.917516 1
1 3.917516 1
1 3.917467 1
1 3.917516 1
1 3.917617 1
1 19.31175 1
1 19.31175 1
1 19.31167 1
1 19.3117 1
1 3.478009 1
1 3.478234 1
1 3.478009 1
1 3.478009 1
1 3.580093 1
1 3.580093 1
1 3.580093 1
1 3.580312 1
1 3.663404 1
1 3.663457 1
1 3.663404 1
1 3.663404 1
1 3.680627 1
1 3.680733 1
1 3.68068 1
1 3.680733 1
1 3.648192 1
1 3.648139 1
1 3.648139 1
1 3.648085 1
1 3.661906 1
1 3.6618 1
1 3.6618 1
1 3.661853 1
1 3.704172 1
1 3.704013 1
1 3.704066 1
1 3.704172 1
1 3.738479 1
1 3.738426 1
1 3.738479 1
1 3.738531 1
1 3.737746 1
1 3.73764 1
1 3.737536 1
1 3.737693 1
1 5.487159 1
1 5.487195 1
1 5.487266 1
1 5.487301 1
1 5.364507 1
1 5.36458 1
1 5.364543 1
1 5.364653 1
1 5.231918 1
1 5.231918 1
1 5.231881 1
1 5.231881 1
1 5.166874 1
1 5.166874 1
1 5.166874 1
1 5.166874 1
1 5.101656 1
1 5.101617 1
1 5.101617 1
1 5.101656 1
1 5.047448 1
1 5.024065 1
1 5.024065 1
1 5.024065 1
1 4.88748 1
1 4.88744 1
1 4.8874 1
1 4.88744 1
1 4.88744 1
1 4.886317 1
1 4.886277 1
1 4.886357 1
1 4.886317 1
1 4.994536 1
1 4.994497 1
1 4.994614 1
1 4.994497 1
1 4.986645 1
1 4.986724 1
1 4.986606 1
1 4.986724 1
1 4.9824 1
1 4.982283 1
1 4.982518 1
1 4.9824 1
1 5.039484 1
1 5.039367 1
1 5.039329 1
1 5.039367 1
1 5.185725 1
1 5.185762 1
1 5.185762 1
1 5.185725 1
1 5.199196 1
1 5.199196 1
1 5.199234 1
1 5.199158 1
1 5.270427 1
1 5.270427 1
1 5.270464 1
1 5.270502 1
1 5.27314 1
1 5.273178 1
1 5.273215 1
1 5.273103 1
1 5.300937 1
1 5.3009 1
1 5.300937 1
1 5.300937 1
1 5.345808 1
1 5.345771 1
1 5.345844 1
1 5.345808 1
1 5.335387 1
1 5.335277 1
1 5.335314 1
1 5.335314 1
1 5.202248 1
1 5.20221 1
1 5.202285 1
1 5.202248 1
1 5.18478 1
1 5.18478 1
1 5.18478 1
1 5.18478 1
1 5.082378 1
1 5.082301 1
1 5.082378 1
1 5.08234 1
1 5.075743 1
1 5.075743 1
1 5.075782 1
1 5.07582 1
1 5.169831 1
1 5.169869 1
1 5.169869 1
1 5.169907 1
1 5.231282 1
1 5.231282 1
1 5.231319 1
1 5.231356 1
1 5.265815 1
1 5.265778 1
1 5.265703 1
1 5.265852 1
1 5.312827 1
1 5.312937 1
1 5.313011 1
1 5.312937 1
1 5.113356 1
1 5.113394 1
1 5.113356 1
1 5.113317 1
1 4.998143 1
1 4.998026 1
1 4.998065 1
1 4.998065 1
1 4.876565 1
1 4.876605 1
1 4.876565 1
1 4.876484 1
1 4.942922 1
1 24.41368 2
1 24.41358 2
1 24.41357 2
1 24.44666 2
1 24.44668 2
1 24.44662 2
1 24.44665 2
1 24.55916 2
1 24.5592 2
1 24.55908 2
1 24.55918 2
1 24.52543 2
1 24.52542 2
1 24.52545 2
1 24.52547 2
1 24.42574 2
1 24.42575 2
1 24.4258 2
1 24.4257 2
1 24.18448 2
1 24.1844 2
1 24.18443 2
1 24.18444 2
1 4.035365 2
1 4.03551 2
1 4.035462 2
1 4.035559 2
1 7.061887 2
1 7.06197 2
1 7.061859 2
1 7.062054 2
1 1.252577 2
1 1.252889 2
1 1.252577 2
1 1.252577 2
1 1.429713 2
1 1.429576 2
1 1.429576 2
1 1.429713 2
1 1.685512 2
1 1.685628 2
1 1.685512 2
1 1.685395 2
1 1.510513 2
1 1.125701 2
1 1.125527 2
1 1.125353 2
1 1.125701 2
1 0.2130625 2
1 0.2130625 2
1 0.2139789 2
1 0.2130625 2
1 0.3351346 2
1 0.3351346 2
1 0.3345502 2
1 0.3351346 2
1 0.646193 2
1 0.6467983 2
1 0.6467983 2
1 0.6467983 2
1 0.8851442 2
1 0.8851442 2
1 0.8851442 2
1 0.8851442 2
1 0.9528548 2
1 0.9526493 2
1 0.9524438 2
1 0.9526493 2
1 0.9903157 2
1 0.9899204 2
1 0.9897227 2
1 0.9899204 2
1 7.34489 2
1 7.344916 2
1 7.344863 2
1 7.344916 2
1 6.342947 2
1 6.343009 2
1 6.343009 2
1 6.343101 2
1 6.342978 2
1 8.367785 2
1 8.367715 2
1 8.367715 2
1 8.367644 2
1 7.853755 2
1 7.853805 2
1 7.853805 2
1 7.853779 2
1 1.631828 2
1 1.631828 2
1 1.631828 2
1 1.704906 2
1 1.705021 2
1 1.704906 2
1 1.705021 2
1 1.705135 2
1 1.698351 2
1 1.698351 2
1 1.698466 2
1 1.698351 2
1 1.640202 2
1 1.640082 2
1 1.639963 2
1 1.640082 2
1 1.55066 2
1 1.550786 2
1 1.550912 2
1 1.550912 2
1 1.520971 2
1 1.520971 2
1 1.520971 2
1 1.520971 2
1 1.574207 2
1 1.574331 2
1 1.574207 2
1 1.574207 2
1 1.48464 2
1 1.484772 2
1 1.484772 2
1 1.484772 2
1 1.153857 2
1 1.153857 2
1 1.153518 2
1 1.153688 2
1 1.153857 2
1 1.146201 2
1 1.146371 2
1 1.146371 2
1 1.146371 2
1 1.583132 2
1 1.583009 2
1 1.583132 2
1 1.583256 2
1 1.744394 2
1 1.74417 2
1 1.74417 2
1 1.74417 2
1 1.896098 2
1 1.895891 2
1 1.895788 2
1 1.895891 2
1 1.594955 2
1 1.594832 2
1 1.594955 2
1 1.594832 2
1 1.438447 2
1 1.438583 2
1 1.438719 2
1 1.438447 2
1 1.296035 2
1 1.296186 2
1 1.295884 2
1 1.295884 2
1 1.33662 2
1 1.336473 2
1 1.336473 2
1 1.336473 2
1 1.241593 2
1 1.241593 2
1 1.241593 2
1 1.241593 2
1 1.20788 2
1 1.208042 2
1 1.20788 2
1 1.207718 2
1 1.197303 2
1 1.19714 2
1 1.197303 2
1 1.19714 2
1 1.257566 2
1 1.257877 2
1 1.257722 2
1 1.257566 2
1 1.049784 2
1 1.049971 2
1 1.049784 2
1 1.050157 2
1 1.225252 2
1 1.225252 2
1 1.225252 2
1 1.224932 2
1 1.423403 2
1 1.423541 2
1 1.423541 2
1 1.423541 2
1 1.467004 2
1 1.468471 2
1 1.468338 2
1 1.468737 2
1 1.46967 2
1 1.565356 2
1 1.565356 2
1 1.565231 2
1 1.331045 2
1 1.330898 2
1 1.331045 2
1 1.331045 2
1 1.240805 2
1 1.240647 2
1 1.240962 2
1 1.240805 2
1 1.192882 2
1 1.192882 2
1 1.19321 2
1 1.193046 2
1 1.257255 2
1 1.257255 2
1 1.256943 2
1 1.257411 2
1 1.371735 2
1 1.371735 2
1 1.371735 2
1 1.380835 2
1 1.332808 2
1 1.332661 2
1 1.332514 2
1 1.209337 2
1 1.209499 2
1 1.209013 2
1 1.209499 2
1 1.209175 2
1 1.233528 2
1 1.233528 2
1 1.233528 2
1 1.233528 2
1 1.210631 2
1 1.210792 2
1 1.210469 2
1 1.210631 2
1 1.231782 2
1 1.2321 2
1 1.231941 2
1 1.231941 2
1 1.359123 2
1 1.359123 2
1 1.359123 2
1 1.359267 2
1 1.351326 2
1 1.351326 2
1 1.351471 2
1 1.351326 2
1 1.466871 2
1 1.466738 2
1 1.466871 2
1 1.467138 2
1 1.619067 2
1 1.618946 2
1 1.619067 2
1 1.619187 2
1 1.517364 2
1 1.517493 2
1 1.517364 2
1 1.517364 2
1 1.516977 2
1 1.516848 2
1 1.516719 2
1 1.517106 2
1 1.520971 2
1 1.520842 2
1 1.520842 2
1 1.5211 2
1 1.453065 2
1 1.453065 2
1 1.452661 2
1 1.453065 2
1 1.50766 2
1 1.50792 2
1 1.507531 2
1 1.507531 2
1 1.467671 2
1 1.467538 2
1 1.467805 2
1 1.467404 2
1 1.538751 2
1 1.538624 2
1 1.53837 2
1 1.538497 2
1 1.562853 2
1 1.562603 2
1 1.562728 2
1 1.562728 2
1 1.568104 2
1 1.567979 2
1 1.567979 2
1 1.568104 2
1 1.568104 2
1 1.520714 2
1 1.520585 2
1 1.520456 2
1 1.520585 2
1 1.444014 2
1 1.443878 2
1 1.443878 2
1 1.443743 2
1 1.321158 2
1 1.32101 2
1 1.32101 2
1 1.32101 2
1 1.297846 2
1 1.297393 2
1 1.297695 2
1 1.297544 2
1 1.459515 2
1 1.459783 2
1 1.459649 2
1 1.459649 2
1 1.523927 2
1 1.523927 2
1 1.524184 2
1 1.523927 2
1 1.479226 2
1 1.479226 2
1 1.479226 2
1 1.479094 2
1 1.541547 2
1 1.498547 2
1 1.498547 2
1 1.498547 2
1 1.498547 2
1 1.504932 2
1 1.504672 2
1 1.504932 2
1 1.504802 2
1 1.631229 2
1 1.631469 2
1 1.630989 2
1 1.631349 2
1 1.636379 2
1 1.636379 2
1 1.636499 2
1 1.63626 2
1 1.680279 2
1 1.680162 2
1 1.680162 2
1 1.680162 2
1 1.645681 2
1 1.6458 2
1 1.645919 2
1 1.567105 2
1 1.56723 2
1 1.56698 2
1 1.56723 2
1 1.56723 2
1 1.545097 2
1 1.544844 2
1 1.545097 2
1 1.544844 2
1 1.382393 2
1 20.85267 3
1 20.8527 3
1 20.85279 3
1 20.76581 3
1 20.76584 3
1 20.76581 3
1 20.76579 3
1 20.76578 3
1 20.73433 3
1 20.73426 3
1 20.73422 3
1 20.73428 3
1 20.66254 3
1 20.66243 3
1 20.66257 3
1 20.66249 3
1 20.6452 3
1 20.64521 3
1 20.64509 3
1 20.64514 3
1 21.51197 3
1 21.51197 3
1 21.51199 3
1 21.51191 3
1 3.719575 3
1 3.719575 3
1 3.719681 3
1 3.719628 3
1 1.334129 3
1 1.334129 3
1 1.334275 3
1 1.334422 3
1 2.135975 3
1 2.136067 3
1 2.136067 3
1 2.136158 3
1 6.341834 3
1 6.341741 3
1 6.341741 3
1 6.341772 3
1 6.369783 3
1 6.369783 3
1 6.369752 3
1 6.369845 3
1 6.465052 3
1 6.465112 3
1 6.465203 3
1 6.465052 3
1 0.96773 3
1 0.96773 3
1 0.96773 3
1 0.9673254 3
1 6.610732 3
1 6.610761 3
1 6.610732 3
1 6.610642 3
1 1.169188 3
1 1.169356 3
1 1.169356 3
1 1.169021 3
1 0.5784457 3
1 0.5791218 3
1 0.5791218 3
1 0.5784457 3
1 0.6428534 3
1 0.6428534 3
1 0.6428534 3
1 0.6425489 3
1 1.269954 3
1 1.2698 3
1 1.269954 3
1 1.2698 3
1 1.156399 3
1 1.156399 3
1 1.156399 3
1 1.156229 3
1 1.099317 3
1 1.099673 3
1 1.099317 3
1 1.099317 3
1 0.7835966 3
1 0.7835966 3
1 0.7835966 3
1 0.7835966 3
1 0.4805128 3
1 0.4809199 3
1 0.4801054 3
1 0.4805128 3
1 0.6202354 3
1 0.6199199 3
1 0.6196041 3
1 0.6202354 3
1 0.7222635 3
1 0.7219925 3
1 0.7222635 3
1 0.7222635 3
1 0.5200178 3
1 0.5192646 3
1 0.5192646 3
1 0.5196414 3
1 0.618656 3
1 0.618656 3
1 0.618656 3
1 0.6189722 3
1 0.6110179 3
1 0.6103771 3
1 0.6100564 3
1 0.6103771 3
1 0.9000514 3
1 0.8996165 3
1 0.8996165 3
1 0.8996165 3
1 6.531619 3
1 6.531679 3
1 6.531739 3
1 6.531649 3
1 6.579778 3
1 6.579808 3
1 6.579808 3
1 6.579838 3
1 0.8627541 3
1 0.8632076 3
1 0.8629809 3
1 0.8634343 3
1 1.172698 3
1 1.173032 3
1 1.172531 3
1 1.172698 3
1 6.54835 3
1 6.54838 3
1 6.54832 3
1 6.54832 3
1 1.306262 3
1 1.306262 3
1 1.306112 3
1 1.305813 3
1 6.530568 3
1 6.530418 3
1 6.530447 3
1 6.530508 3
1 1.622689 3
1 1.622568 3
1 1.622689 3
1 1.62293 3
1 6.44993 3
1 6.44996 3
1 6.44993 3
1 6.449991 3
1 6.392061 3
1 6.391969 3
1 6.392184 3
1 6.39203 3
1 1.100385 3
1 1.100385 3
1 1.100029 3
1 1.100207 3
1 0.5359538 3
1 0.5366834 3
1 0.5355885 3
1 0.5359538 3
1 0.707759 3
1 0.707759 3
1 0.707759 3
1 0.707759 3
1 0.711069 3
1 0.660568 3
1 0.660568 3
1 0.6602717 3
1 6.307392 3
1 6.307423 3
1 6.307361 3
1 6.307392 3
1 6.307423 3
1 1.008136 3
1 1.00833 3
1 1.008136 3
1 1.00833 3
1 0.8715547 3
1 0.8717791 3
1 0.8715547 3
1 0.872228 3
1 6.345233 3
1 6.345264 3
1 6.345326 3
1 6.345295 3
1 1.14961 3
1 1.14944 3
1 1.14978 3
1 1.14961 3
1 0.7504317 3
1 0.7499101 3
1 0.7504317 3
1 0.7501709 3
1 6.416769 3
1 6.416769 3
1 6.41686 3
1 6.416738 3
1 0.7974581 3
1 0.7974581 3
1 0.7974581 3
1 0.7974581 3
1 6.49202 3
1 6.49208 3
1 6.492111 3
1 6.492171 3
1 1.088764 3
1 1.088764 3
1 1.088585 3
1 1.088405 3
1 6.492352 3
1 6.492413 3
1 6.492261 3
1 6.492322 3
1 6.492443 3
1 6.492413 3
1 6.492413 3
1 6.492291 3
1 6.523057 3
1 6.524259 3
1 6.52429 3
1 6.524259 3
1 6.52435 3
1 0.5218958 3
1 0.5215207 3
1 0.5218958 3
1 0.5218958 3
1 6.43023 3
1 6.430291 3
1 6.430352 3
1 6.430322 3
1 0.339197 3
1 0.3386196 3
1 0.3386196 3
1 0.3420692 3
1 0.3420692 3
1 0.3432113 3
1 0.3420692 3
1 1.081189 3
1 1.081189 3
1 1.08137 3
1 1.08137 3
1 1.081189 3
1 0.2601963 3
1 0.2594432 3
1 0.2594432 3
1 6.438184 3
1 6.438093 3
1 6.438275 3
1 6.438245 3
1 6.438154 3
1 6.45382 3
1 6.453728 3
1 6.45382 3
1 6.45379 3
1 6.496549 3
1 6.496519 3
1 6.496579 3
1 6.514243 3
1 1.137632 3
1 1.137976 3
1 1.137632 3
1 1.137804 3
1 1.461525 3
1 1.461659 3
1 1.461525 3
1 1.461659 3
1 6.485583 3
1 6.485492 3
1 6.485553 3
1 6.485462 3
1 1.819084 3
1 1.818976 3
1 1.818976 3
1 1.818976 3
1 1.471533 3
1 1.471666 3
1 1.4714 3
1 1.4714 3
1 6.65891 3
1 6.659028 3
1 6.659145 3
1 6.659028 3
1 6.659057 3
1 21.51184 3
1 21.51189 3
1 21.51184 3
1 21.51189 3
1 21.51182 3
1 21.51196 3
1 21.5119 3
1 21.51193 3
1 17.37473 3
1 17.37451 3
1 17.37456 3
1 17.37452 3
1 0.7969672 3
1 0.7969672 3
1 0.7969672 3
1 0.7969672 3
1 0.7499101 3
1 0.749649 3
1 0.7499101 3
1 0.7499101 3
1 0.8118062 3
1 0.8108415 3
1 0.811324 3
1 0.8110828 3
1 6.985839 3
1 6.985755 3
1 6.985783 3
1 6.985811 3
1 0.7669383 3
1 0.7674484 3
1 0.7677034 3
1 0.7669383 3
1 6.803513 3
1 6.80357 3
1 6.803541 3
1 6.803657 3
1 6.7666 3
1 6.766716 3
1 6.766745 3
1 6.766629 3
1 6.752034 3
1 6.75215 3
1 6.751888 3
1 6.752005 3
1 2.625474 3
1 2.625399 3
1 2.625474 3
1 2.625623 3
1 2.760737 3
1 2.760737 3
1 2.760595 3
1 2.760737 3
1 6.884159 3
1 6.884216 3
1 6.884159 3
1 6.884102 3
1 6.871354 3
1 6.871354 3
1 6.871325 3
1 6.871497 3
1 6.924839 3
1 6.924839 3
1 6.924754 3
1 6.924726 3
1 1.428481 3
1 1.428755 3
1 1.428481 3
1 1.428755 3
1 0.8697567 3
1 0.8706562 3
1 0.8697567 3
1 0.8699816 3
1 6.785096 3
1 6.785067 3
1 6.785211 3
1 6.785153 3
1 6.798437 3
1 6.798408 3
1 6.798437 3
1 6.798408 3
1 2.096018 3
1 2.095738 3
1 2.095738 3
1 2.095832 3
1 1.579419 3
1 1.579296 3
1 1.579296 3
1 1.579296 3
1 1.547755 3
1 1.547881 3
1 1.547628 3
1 1.547628 3
1 1.716916 3
1 1.716802 3
1 1.71703 3
1 1.716802 3
1 0.8381346 3
1 0.8381346 3
1 0.8388348 3
1 0.8386015 3
1 2.83628 3
1 2.836349 3
1 2.83628 3
1 2.836418 3
1 6.943141 3
1 6.943367 3
1 6.943339 3
1 6.943339 3
1 2.608871 3
1 2.608946 3
1 2.608946 3
1 2.60872 3
1 6.930898 3
1 6.930983 3
1 6.931011 3
1 6.930954 3
1 6.969422 3
1 6.969534 3
1 6.969366 3
1 6.969563 3
1 21.51199 3
1 21.51187 3
1 21.51184 3
1 21.51199 3
1 21.51187 3
1 21.51193 3
1 21.51188 3
1 21.51196 3
1 21.27949 3
1 21.27954 3
1 14.55256 4
1 14.55258 4
1 14.43214 4
1 14.43227 4
1 14.4323 4
1 14.43229 4
1 14.22184 4
1 14.22183 4
1 14.22176 4
1 14.22179 4
1 14.22177 4
1 14.11904 4
1 14.11894 4
1 14.11899 4
1 14.11892 4
1 12.90424 4
1 12.90433 4
1 12.90419 4
1 12.90428 4
1 12.97662 4
1 12.97669 4
1 12.97663 4
1 12.97657 4
1 22.31553 4
1 22.31551 4
1 22.31541 4
1 22.31549 4
1 16.7963 4
1 16.79638 4
1 16.79628 4
1 16.79617 4
1 4.312025 4
1 4.312207 4
1 4.312298 4
1 4.312161 4
1 4.010246 4
1 4.010344 4
1 4.010294 4
1 4.010246 4
1 3.486667 4
1 3.486555 4
1 3.486667 4
1 3.486667 4
1 3.275066 4
1 3.275126 4
1 3.275066 4
1 3.275126 4
1 3.261408 4
1 3.37313 4
1 3.373188 4
1 3.373072 4
1 3.370342 4
1 3.370342 4
1 17.00408 4
1 17.00402 4
1 25.73341 4
1 25.7333 4
1 25.73341 4
1 25.73337 4
1 25.73339 4
1 17.35883 4
1 17.3588 4
1 17.35885 4
1 17.3589 4
1 17.21112 4
1 17.21126 4
1 17.21126 4
1 1.15216 4
1 1.1525 4
1 1.1525 4
1 1.151991 4
1 1.290285 4
1 1.290133 4
1 1.290437 4
1 1.290285 4
1 1.290133 4
1 1.29528 4
1 1.295582 4
1 1.295582 4
1 1.295431 4
1 1.393251 4
1 1.393251 4
1 1.393251 4
1 1.393251 4
1 1.441844 4
1 1.441979 4
1 1.442251 4
1 1.442115 4
1 1.475517 4
1 1.47565 4
1 1.475517 4
1 1.475384 4
1 1.361713 4
1 1.361425 4
1 1.361425 4
1 1.361281 4
1 0.8364988 4
1 0.8367326 4
1 0.8369665 4
1 0.8369665 4
1 0.8163731 4
1 0.8166127 4
1 0.8163731 4
1 0.8163731 4
1 0.7908052 4
1 0.7912999 4
1 0.7910526 4
1 0.7905577 4
1 0.7912999 4
1 0.6954879 4
1 0.6952065 4
1 0.6954879 4
1 0.7388696 4
1 0.7393991 4
1 0.7388696 4
1 0.7388696 4
1 0.6812752 4
1 0.680988 4
1 0.6815624 4
1 0.6815624 4
1 0.5675176 4
1 0.5675176 4
1 0.5675176 4
1 0.5671728 4
1 0.5675176 4
1 0.6480073 4
1 0.6483091 4
1 0.6483091 4
1 0.6489125 4
1 0.5801346 4
1 0.5801346 4
1 0.5794597 4
1 0.5804718 4
1 0.589503 4
1 0.5901666 4
1 0.589503 4
1 0.589503 4
1 0.5740312 4
1 0.5740312 4
1 0.5740312 4
1 0.5743721 4
1 0.4554249 4
1 0.4558544 4
1 0.454995 4
1 0.4554249 4
1 0.3936644 4
1 0.3936644 4
1 0.3941611 4
1 0.3946573 4
1 0.6575991 4
1 0.6573014 4
1 0.6573014 4
1 0.6570037 4
1 0.8919711 4
1 0.8924097 4
1 0.8924097 4
1 0.892629 4
1 1.260519 4
1 1.260519 4
1 1.260519 4
1 1.26083 4
1 16.37001 4
1 16.36992 4
1 16.36989 4
1 16.36997 4
1 0.6367366 4
1 0.6367366 4
1 0.6370438 4
1 0.6361217 4
1 0.5824909 4
1 0.5824909 4
1 0.5821548 4
1 0.5821548 4
1 0.2430897 4
1 0.2422834 4
1 0.2414744 4
1 0.2422834 4
1 0.2594432 4
1 0.2609472 4
1 0.2609472 4
1 0.2594432 4
1 0.4068635 4
1 0.4063823 4
1 0.4068635 4
1 0.4068635 4
1 0.6740565 4
1 0.6743467 4
1 0.6746368 4
1 0.6180231 4
1 0.2281412 4
1 0.2281412 4
1 0.2281412 4
1 0.2646699 4
1 0.2811602 4
1 0.2804634 4
1 0.2790645 4
1 0.2797648 4
1 16.44791 4
1 16.4481 4
1 16.44794 4
1 16.44786 4
1 16.41894 4
1 16.41898 4
1 16.41895 4
1 16.41895 4
1 16.39328 4
1 16.39328 4
1 16.3932 4
1 16.39331 4
1 0.4541341 4
1 0.453703 4
1 0.4545648 4
1 0.4541341 4
1 25.73322 4
1 25.73331 4
1 25.73331 4
1 25.73335 4
1 25.73327 4
1 25.73349 4
1 25.73335 4
1 25.73333 4
1 25.73339 4
1 25.73329 4
1 25.73346 4
1 25.7333 4
1 25.73326 4
1 25.73332 4
1 25.73335 4
1 25.73341 4
1 25.73331 4
1 25.73342 4
1 25.73349 4
1 25.73342 4
1 25.73324 4
1 25.73336 4
1 25.73334 4
1 25.73339 4
1 25.73333 4
1 25.73335 4
1 25.73336 4
1 25.73334 4
1 25.7333 4
1 25.73336 4
1 25.73327 4
1 25.73341 4
1 25.73334 4
1 25.73333 4
1 25.73335 4
1 25.73343 4
1 25.73331 4
1 0.9084908 4
1 0.9080599 4
1 0.9082754 4
1 0.9080599 4
1 0.9130027 4
1 0.913217 4
1 0.912574 4
1 0.913217 4
1 0.7818466 4
1 0.7820969 4
1 0.7820969 4
1 0.7820969 4
1 0.9280951 4
1 0.9274623 4
1 0.9276733 4
1 0.9276733 4
1 0.8357967 4
1 0.8357967 4
1 0.8357967 4
1 0.8353283 4
1 0.6915378 4
1 0.6921035 4
1 0.6918207 4
1 0.6918207 4
1 0.5733491 4
1 0.5736903 4
1 0.5736903 4
1 0.5736903 4
1 0.612617 4
1 0.612617 4
1 0.612617 4
1 0.6129363 4
1 0.555319 4
1 0.5560232 4
1 0.555319 4
1 0.555319 4
1 0.5151029 4
1 0.5151029 4
1 0.5154827 4
1 0.5151029 4
1 0.4219727 4
1 0.4205793 4
1 0.4210443 4
1 0.4215088 4
1 0.4347627 4
1 0.4352126 4
1 0.4356619 4
1 0.4347627 4
1 0.7407211 4
1 0.7409853 4
1 0.7407211 4
1 0.7409853 4
1 0.6644077 4
1 0.6635236 4
1 0.6644077 4
1 0.6638185 4
1 0.4511079 4
1 0.4511079 4
1 0.4515415 4
1 0.4511079 4
1 0.3810355 4
1 0.3732531 4
1 0.3722032 4
1 0.3722032 4
1 0.3727285 4
1 0.3045456 4
1 0.3032579 4
1 0.3051875 4
1 0.3039024 4
1 0.4677188 4
1 0.4677188 4
1 0.468137 4
1 0.4677188 4
1 0.533025 4
1 0.533025 4
1 0.533392 4
1 0.5326577 4
1 25.73332 4
1 25.73331 4
1 25.7334 4
1 25.73339 4
1 25.73346 4
1 25.73332 4
1 25.73321 4
1 25.73346 4
1 21.6536 4
1 21.6536 4
1 21.65372 4
1 21.65375 4
1 26.43983 4
1 26.43995 4
1 26.43991 4
1 26.43982 4
1 19.04201 4
1 19.04199 4
1 19.04206 4
1 19.04206 4
1 18.99571 4
1 18.9957 4
1 18.99577 4
1 18.99578 4
1 18.89271 4
1 18.82333 4
1 18.82327 4
1 18.8234 4
1 18.76127 4
1 18.76112 4
1 18.76111 4
1 18.76132 4
1 24.22814 4
1 24.22805 4
1 24.2282 4
1 24.22801 4
1 21.81773 4
1 21.81785 4
1 21.81771 4
1 21.81767 4
1 21.78687 4
1 21.78666 4
1 21.78681 4
1 21.78698 4
1 21.75621 4
1 21.75612 4
1 21.7562 4
1 21.72849 4
1 21.69224 4
1 21.69239 4
1 21.69227 4
1 21.72679 4
1 21.72671 4
1 21.72661 4
3 22.66391 0
3 22.66388 0
3 22.66392 0
3 22.66394 0
3 22.66391 0
3 22.59979 0
3 22.59982 0
3 22.59987 0
3 22.59981 0
3 22.59981 0
3 24.0716 0
3 24.07158 0
3 24.07158 0
3 24.07149 0
3 23.96765 0
3 23.52426 0
3 23.52427 0
3 23.52427 0
3 23.52422 0
3 23.08454 0
3 22.80831 0
3 22.80841 0
3 22.8083 0
3 22.80828 0
3 20.51549 0
3 20.51554 0
3 20.51551 0
3 20.51554 0
3 20.51554 0
3 14.14217 0
3 14.14217 0
3 14.14212 0
3 14.14215 0
3 14.14212 0
3 14.14214 0
3 6.982272 0
3 6.982301 0
3 6.982357 0
3 6.982272 0
3 6.982357 0
3 6.982272 0
3 15.75729 0
3 15.75735 0
3 15.75736 0
3 15.75734 0
3 15.75729 0
3 11.57207 0
3 11.57202 0
3 11.57205 0
3 11.57202 0
3 10.01202 0
3 10.01204 0
3 10.01192 0
3 10.012 0
3 10.01204 0
3 13.28212 0
3 13.28209 0
3 13.28209 0
3 13.2821 0
3 13.28216 0
3 13.28216 0
3 13.28213 0
3 13.2821 0
3 13.28218 0
3 13.28216 0
3 14.21837 0
3 5.5398 0
3 5.539835 0
3 5.539694 0
3 5.539729 0
3 5.502851 0
3 5.502851 0
3 5.502779 0
3 5.502851 0
3 5.502779 0
3 5.393723 0
3 5.393759 0
3 5.393759 0
3 5.393723 0
3 5.393795 0
3 5.200251 0
3 5.200289 0
3 5.200289 0
3 5.200251 0
3 4.99073 0
3 4.99073 0
3 4.99069 0
3 4.990651 0
3 4.990612 0
3 4.575859 0
3 4.57573 0
3 4.575816 0
3 4.575859 0
3 4.575859 0
3 4.415925 0
3 4.415836 0
3 4.415925 0
3 4.415969 0
3 4.022192 0
3 4.022192 0
3 4.022289 0
3 4.022241 0
3 3.677647 0
3 3.67754 0
3 3.677593 0
3 3.677593 0
3 3.67754 0
3 3.331313 0
3 3.331372 0
3 3.33143 0
3 3.331254 0
3 3.331313 0
3 3.394653 0
3 3.394653 0
3 3.394595 0
3 3.394595 0
3 3.394595 0
3 3.600761 0
3 3.600761 0
3 3.60087 0
3 3.600816 0
3 3.60087 0
3 3.600761 0
3 3.600816 0
3 4.0849 0
3 4.084949 0
3 4.084997 0
3 4.0849 0
3 4.084853 0
3 4.290442 0
3 4.29035 0
3 4.290396 0
3 4.290396 0
3 4.373362 0
3 4.373362 0
3 4.373362 0
3 4.373451 0
3 4.388206 0
3 4.466334 0
3 4.46629 0
3 4.46629 0
3 4.466334 0
3 4.466422 0
3 4.647429 0
3 4.647514 0
3 4.647429 0
3 4.647514 0
3 4.92752 0
3 4.927599 0
3 4.92756 0
3 4.92756 0
3 4.865907 0
3 4.865988 0
3 4.865988 0
3 4.865867 0
3 4.865948 0
3 13.89067 0
3 13.89072 0
3 13.89074 0
3 13.89067 0
3 13.89073 0
3 13.28212 0
3 13.28209 0
3 13.28212 0
3 13.28213 0
3 13.28221 0
3 13.28206 0
3 13.28215 0
3 13.28215 0
3 13.2821 0
3 3.137125 0
3 3.136938 0
3 3.137 0
3 3.137 0
3 3.137125 0
3 3.101351 0
3 3.101225 0
3 3.101288 0
3 3.101351 0
3 3.101225 0
3 5.171726 0
3 5.171764 0
3 5.171764 0
3 5.171726 0
3 4.888923 0
3 4.888962 0
3 4.889002 0
3 4.888923 0
3 4.888843 0
3 4.239146 0
3 4.239192 0
3 4.239192 0
3 4.239192 0
3 4.2391 0
3 3.653931 0
3 3.653984 0
3 3.653931 0
3 3.653984 0
3 3.647548 0
3 3.725152 0
3 3.725046 0
3 3.725046 0
3 3.725046 0
3 3.725046 0
3 3.885394 0
3 3.885494 0
3 3.885293 0
3 3.885494 0
3 3.885444 0
3 5.365894 0
3 5.366004 0
3 5.365931 0
3 5.365967 0
3 5.365931 0
3 5.261087 0
3 5.261012 0
3 5.26105 0
3 5.261012 0
3 5.260938 0
3 5.36772 0
3 5.367647 0
3 5.367647 0
3 5.367683 0
3 5.367756 0
3 13.2821 0
3 13.2821 0
3 13.28222 0
3 13.28216 0
3 13.28213 0
3 13.28215 0
3 13.28224 0
3 13.28216 0
3 13.28207 0
3 13.28215 0
3 13.28221 0
3 13.28216 0
3 13.28219 0
3 13.28219 0
3 13.28221 0
3 8.585678 0
3 8.585631 0
3 8.585517 0
3 8.585608 0
3 13.1797 0
3 13.17962 0
3 13.17971 0
3 13.17964 0
3 13.17968 0
3 5.595661 0
3 5.595661 0
3 5.595661 0
3 5.595661 0
3 5.595626 0
3 5.532154 0
3 5.532118 0
3 5.532083 0
3 5.532118 0
3 5.532189 0
3 5.592753 0
3 5.592718 0
3 5.592788 0
3 5.592683 0
3 5.592718 0
3 5.800053 0
3 5.800086 0
3 5.799917 0
3 5.80012 0
3 5.800019 0
3 5.812172 0
3 5.812205 0
3 5.812138 0
3 5.812205 0
3 5.812205 0
3 5.648473 0
3 5.648509 0
3 5.648473 0
3 5.648509 0
3 5.648509 0
3 5.384195 0
3 5.384195 0
3 5.384232 0
3 5.384123 0
3 5.186556 0
3 5.186556 0
3 5.186481 0
3 5.186556 0
3 5.186518 0
3 5.113203 0
3 5.113126 0
3 5.113203 0
3 5.113126 0
3 5.113126 0
3 4.976577 0
3 4.976419 0
3 4.976459 0
3 4.97638 0
3 4.976499 0
3 4.880861 0
3 4.880821 0
3 4.880821 0
3 4.880741 0
3 4.880861 0
3 4.884512 0
3 4.884593 0
3 4.884512 0
3 4.884593 0
3 4.887921 0
3 4.887921 0
3 4.88796 0
3 4.887881 0
3 4.887881 0
3 4.801344 0
3 4.801303 0
3 4.801344 0
3 4.801344 0
3 4.801303 0
3 4.653916 0
3 4.653874 0
3 4.653832 0
3 4.653832 0
3 4.65379 0
3 4.488426 0
3 4.488382 0
3 4.488426 0
3 4.488382 0
3 4.48847 0
3 4.22095 0
3 4.22095 0
3 4.220858 0
3 4.220997 0
3 4.079191 0
3 3.966843 0
3 3.966942 0
3 3.966942 0
3 3.966942 0
3 3.950767 0
3 3.950767 0
3 3.950717 0
3 3.950717 0
3 3.983838 0
3 3.983691 0
3 3.98374 0
3 3.98374 0
3 3.983789 0
3 3.983838 0
3 3.954285 0
3 3.954235 0
3 3.954285 0
3 3.954235 0
3 3.933828 0
3 3.945609 0
3 3.945609 0
3 3.945708 0
3 3.945658 0
3 4.089118 0
3 4.089165 0
3 4.089118 0
3 4.089213 0
3 4.089021 0
3 4.362959 0
3 4.36287 0
3 4.362825 0
3 4.36287 0
3 4.36287 0
3 4.317653 0
3 4.317699 0
3 4.317653 0
3 4.317608 0
3 4.317653 0
3 4.350642 0
3 4.350687 0
3 4.350732 0
3 4.350732 0
3 4.350732 0
3 4.45461 0
3 4.454654 0
3 4.454566 0
3 4.454654 0
3 4.542735 0
3 4.542735 0
3 4.542735 0
3 4.542821 0
3 4.542735 0
3 4.486812 0
3 4.486855 0
3 4.486768 0
3 4.486812 0
3 4.486768 0
3 4.4066 0
3 4.406556 0
3 4.406645 0
3 4.406556 0
3 4.449638 0
3 4.449638 0
3 4.449727 0
3 4.44955 0
3 4.449594 0
3 4.41659 0
3 4.416634 0
3 4.416723 0
3 4.416634 0
3 4.416634 0
3 4.428282 0
3 4.428194 0
3 4.428105 0
3 4.428238 0
3 4.42815 0
3 4.375243 0
3 4.375243 0
3 4.375287 0
3 4.375287 0
3 4.375243 0
3 4.350372 0
3 4.350462 0
3 4.350462 0
3 4.350462 0
3 4.350372 0
3 4.243302 0
3 4.243209 0
3 4.24344 0
3 4.243302 0
3 4.243302 0
3 3.791682 0
3 3.791631 0
3 3.791631 0
3 3.791631 0
3 3.952551 0
3 3.973798 0
3 3.973798 0
3 3.973798 0
3 3.973798 0
3 3.979756 0
3 3.979805 0
3 3.979756 0
3 3.979756 0
3 3.979658 0
3 3.987278 0
3 3.987179 0
3 3.987179 0
3 3.987179 0
3 3.987228 0
3 4.101933 0
3 4.101933 0
3 4.10198 0
3 4.101837 0
3 4.189608 0
3 4.347444 0
3 4.347444 0
3 4.347399 0
3 4.347219 0
3 4.347264 0
3 4.347309 0
3 4.347264 0
3 4.347309 0
3 4.347264 0
3 4.412775 0
3 4.412819 0
3 4.412863 0
3 4.412819 0
3 4.412908 0
3 4.421864 0
3 4.421864 0
3 4.421731 0
3 4.421864 0
3 4.607001 0
3 4.610869 0
3 4.610912 0
3 4.610869 0
3 4.610954 0
3 4.610742 0
3 4.678391 0
3 4.678474 0
3 4.678432 0
3 4.678516 0
3 4.823449 0
3 4.898211 0
3 4.89817 0
3 4.89817 0
3 4.89817 0
3 4.89813 0
3 5.250088 0
3 5.250126 0
3 5.250126 0
3 5.2502 0
3 5.303671 0
3 5.433541 0
3 5.433432 0
3 5.433396 0
3 5.433432 0
3 5.364507 0
3 5.364543 0
3 5.36447 0
3 5.364543 0
3 5.364543 0
3 5.364543 0
3 5.36447 0
3 5.471386 0
3 5.471314 0
3 5.471279 0
3 5.471458 0
3 5.471243 0
3 5.491478 0
3 5.491514 0
3 5.491443 0
3 5.491514 0
3 5.49155 0
3 5.399714 0
3 5.399678 0
3 5.399605 0
3 5.399569 0
3 5.399605 0
3 5.292169 0
3 5.292243 0
3 5.29228 0
3 5.292132 0
3 8.76932 0
3 8.76932 0
3 8.769342 0
3 8.769231 0
3 8.769253 0
3 8.769186 0
3 4.588554 0
3 4.588554 0
3 4.588597 0
3 4.588554 0
3 4.588597 0
3 4.553287 0
3 4.553329 0
3 4.553287 0
3 4.553287 0
3 4.553243 0
3 4.533325 0
3 4.533454 0
3 4.533541 0
3 4.533541 0
3 4.533584 0
3 13.28218 0
3 13.28212 0
3 13.28209 0
3 13.28215 0
3 13.28213 0
3 13.28213 0
3 13.28215 0
3 13.28216 0
3 13.28218 0
3 13.28215 0
3 13.28215 0
3 13.28207 0
3 13.28215 0
3 13.28218 0
3 13.28204 0
3 8.6085 0
3 8.608614 0
3 8.608638 0
3 8.608546 0
3 8.608546 0
3 9.144711 0
3 9.144755 0
3 9.144755 0
3 9.144711 0
3 9.144648 0
3 7.756915 0
3 7.779882 0
3 7.780058 0
3 7.780008 0
3 7.780033 0
3 3.498943 0
3 3.498999 0
3 3.498999 0
3 3.498887 0
3 3.489137 0
3 3.466957 0
3 3.466957 0
3 3.466788 0
3 3.466957 0
3 3.466901 0
3 3.467014 0
3 3.466901 0
3 3.453547 0
3 3.453604 0
3 3.453717 0
3 3.453604 0
3 3.433819 0
3 3.433819 0
3 3.433933 0
3 3.433876 0
3 3.433876 0
3 3.272315 0
3 3.272075 0
3 3.272075 0
3 3.272075 0
3 3.289381 0
3 3.289441 0
3 3.2895 0
3 3.289322 0
3 3.289381 0
3 3.32596 0
3 3.32596 0
3 3.32596 0
3 3.32596 0
3 3.434104 0
3 3.093831 0
3 3.093831 0
3 3.093831 0
3 3.093831 0
3 3.005308 0
3 3.005112 0
3 3.005308 0
3 3.005242 0
3 3.005112 0
3 3.005177 0
3 3.005177 0
3 3.005112 0
3 3.005177 0
3 3.005242 0
3 3.005112 0
3 3.005242 0
3 3.005177 0
3 3.005112 0
3 3.005177 0
3 3.005308 0
3 3.005177 0
3 3.005242 0
3 3.060559 0
3 3.519587 0
3 3.519587 0
3 3.519587 0
3 3.51942 0
3 3.519531 0
3 3.386742 0
3 3.386742 0
3 3.386742 0
3 3.386858 0
3 3.386684 0
3 3.432336 0
3 3.432336 0
3 3.432393 0
3 3.432393 0
3 3.580312 0
3 3.580257 0
3 3.580421 0
3 3.580421 0
3 3.580366 0
3 3.716679 0
3 3.716732 0
3 3.716679 0
3 3.716732 0
3 3.716679 0
3 3.668905 0
3 3.668905 0
3 3.668958 0
3 3.668798 0
3 3.668958 0
3 3.749984 0
3 3.749984 0
3 3.750088 0
3 3.750141 0
3 3.750141 0
3 3.714571 0
3 3.714413 0
3 3.714518 0
3 3.71436 0
3 3.74455 0
3 3.74455 0
3 3.744602 0
3 3.744497 0
3 3.74434 0
3 3.756505 0
3 3.756505 0
3 3.756505 0
3 3.756505 0
3 3.756401 0
3 3.71014 0
3 3.710088 0
3 3.710088 0
3 3.710193 0
3 3.713991 0
3 3.680414 0
3 3.680467 0
3 3.680414 0
3 3.680521 0
3 3.680414 0
3 3.713727 0
3 3.713727 0
3 3.713727 0
3 3.713886 0
3 3.713833 0
3 3.738007 0
3 3.73785 0
3 3.738007 0
3 3.737955 0
3 3.699623 0
3 3.69957 0
3 3.699623 0
3 3.699623 0
3 3.699623 0
3 3.747529 0
3 3.747529 0
3 3.747581 0
3 3.747477 0
3 3.747633 0
3 3.810845 0
3 3.810845 0
3 3.810742 0
3 3.810794 0
3 4.007657 0
3 4.007706 0
3 4.007754 0
3 4.007657 0
3 4.007657 0
3 4.083798 0
3 4.083846 0
3 4.083606 0
3 4.08375 0
3 4.083702 0
3 4.117515 0
3 4.11742 0
3 4.117562 0
3 4.117467 0
3 4.12991 0
3 4.124738 0
3 4.124738 0
3 4.124833 0
3 4.124785 0
3 4.102123 0
3 4.102219 0
3 4.102171 0
3 4.102171 0
3 4.102123 0
3 4.083846 0
3 4.083846 0
3 4.083942 0
3 4.083893 0
3 4.083893 0
3 4.001397 0
3 4.001495 0
3 4.001397 0
3 4.001446 0
3 3.969804 0
3 3.924758 0
3 3.924758 0
3 3.924908 0
3 3.924758 0
3 3.920365 0
3 4.075541 0
3 4.075541 0
3 4.075445 0
3 4.075589 0
3 5.557636 0
3 14.67663 0
3 14.67667 0
3 14.67667 0
3 14.67655 0
3 14.67652 0
3 16.24847 0
3 16.24846 0
3 16.24843 0
3 16.24852 0
3 16.17985 0
3 16.17976 0
3 16.17985 0
3 16.17975 0
3 16.17979 0
3 16.26944 0
3 16.26946 0
3 16.26951 0
3 16.26948 0
3 16.26937 0
3 16.03419 0
3 16.03422 0
3 16.0343 0
3 16.03421 0
3 16.0343 0
3 15.89366 0
3 15.89361 0
3 15.89364 0
3 15.89365 0
3 15.89366 0
3 15.75658 0
3 15.75663 0
3 15.75661 0
3 15.75672 0
3 15.75656 0
3 15.79872 0
3 15.7987 0
3 15.79877 0
3 15.79873 0
3 15.7988 0
3 15.45903 0
3 15.45912 0
3 15.45906 0
3 15.4591 0
3 15.46633 0
3 21.50656 1
3 21.50665 1
3 21.50669 1
3 21.5067 1
3 21.28575 1
3 21.28571 1
3 21.28578 1
3 21.28569 1
3 21.28573 1
3 21.2857 1
3 21.26374 1
3 21.26379 1
3 21.26382 1
3 21.26377 1
3 21.22089 1
3 21.22094 1
3 21.22091 1
3 21.22096 1
3 21.22094 1
3 11.61113 1
3 11.61111 1
3 11.61111 1
3 11.61106 1
3 11.61109 1
3 19.31167 1
3 19.31175 1
3 19.3117 1
3 19.31164 1
3 19.31164 1
3 19.31174 1
3 19.31174 1
3 19.31167 1
3 19.3117 1
3 19.31165 1
3 19.31163 1
3 19.31178 1
3 19.31167 1
3 19.31172 1
3 19.31172 1
3 3.275066 1
3 3.274886 1
3 3.274946 1
3 3.274946 1
3 3.274707 1
3 3.393672 1
3 3.393788 1
3 3.393845 1
3 3.393845 1
3 3.393845 1
3 3.433249 1
3 3.433249 1
3 3.433306 1
3 3.433135 1
3 3.493175 1
3 3.493287 1
3 3.493287 1
3 3.493231 1
3 3.493343 1
3 3.493063 1
3 3.492951 1
3 3.492951 1
3 3.492951 1
3 3.492951 1
3 3.431651 1
3 3.431823 1
3 3.431709 1
3 3.431709 1
3 3.268124 1
3 3.268064 1
3 3.268244 1
3 3.268064 1
3 3.268184 1
3 3.23186 1
3 3.231679 1
3 3.231557 1
3 3.231557 1
3 3.231557 1
3 3.247572 1
3 3.247391 1
3 3.247633 1
3 3.247572 1
3 3.247512 1
3 3.177429 1
3 3.177306 1
3 3.177306 1
3 3.177367 1
3 3.138747 1
3 3.138934 1
3 3.13881 1
3 3.138747 1
3 3.138872 1
3 3.501237 1
3 3.501237 1
3 3.501125 1
3 3.501069 1
3 3.501293 1
3 3.609722 1
3 3.609776 1
3 3.609885 1
3 3.609831 1
3 3.668264 1
3 3.673012 1
3 3.673118 1
3 3.672958 1
3 3.673065 1
3 3.673012 1
3 3.71926 1
3 3.719312 1
3 3.719365 1
3 3.71926 1
3 3.719365 1
3 3.766397 1
3 3.766344 1
3 3.766448 1
3 3.766397 1
3 3.766397 1
3 3.825001 1
3 3.825052 1
3 3.825103 1
3 3.825103 1
3 3.825052 1
3 3.879947 1
3 3.879947 1
3 3.879997 1
3 3.879997 1
3 3.877069 1
3 3.877019 1
3 3.87712 1
3 3.87712 1
3 3.87712 1
3 3.888618 1
3 3.868018 1
3 3.868119 1
3 3.868068 1
3 3.868119 1
3 3.867157 1
3 3.867157 1
3 3.867157 1
3 3.866954 1
3 3.865334 1
3 3.825154 1
3 3.824847 1
3 3.825205 1
3 3.825154 1
3 3.828327 1
3 3.55413 1
3 3.55413 1
3 3.55424 1
3 3.553965 1
3 3.544918 1
3 3.534076 1
3 3.534021 1
3 3.534187 1
3 3.534076 1
3 3.534132 1
3 3.579054 1
3 3.578999 1
3 3.578944 1
3 3.579054 1
3 3.59156 1
3 3.591614 1
3 3.591614 1
3 3.59145 1
3 3.59156 1
3 3.586377 1
3 3.586432 1
3 3.586377 1
3 3.586432 1
3 3.628388 1
3 3.628442 1
3 3.62828 1
3 3.628334 1
3 3.628334 1
3 3.652644 1
3 3.652698 1
3 3.652805 1
3 3.652751 1
3 3.652698 1
3 3.698776 1
3 3.698776 1
3 3.698776 1
3 3.698565 1
3 3.69867 1
3 3.740312 1
3 3.740259 1
3 3.740259 1
3 3.740207 1
3 3.740207 1
3 3.764784 1
3 3.764784 1
3 3.764836 1
3 3.764888 1
3 3.807761 1
3 3.807658 1
3 3.807606 1
3 3.807503 1
3 3.807658 1
3 3.779423 1
3 3.779423 1
3 3.77932 1
3 3.779423 1
3 3.779216 1
3 3.781547 1
3 3.781391 1
3 3.781391 1
3 3.781443 1
3 3.782686 1
3 3.782582 1
3 3.782634 1
3 3.782634 1
3 3.771695 1
3 3.771748 1
3 3.771643 1
3 3.771748 1
3 3.771695 1
3 3.799678 1
3 3.799678 1
3 3.799627 1
3 3.799678 1
3 3.799678 1
3 7.464585 1
3 7.464637 1
3 7.464612 1
3 7.464664 1
3 7.464585 1
3 3.857169 1
3 3.85727 1
3 3.85727 1
3 3.857423 1
3 7.376824 1
3 7.376717 1
3 7.37685 1
3 7.376797 1
3 7.376824 1
3 7.37677 1
3 7.376743 1
3 3.819622 1
3 3.779475 1
3 3.779268 1
3 3.779475 1
3 3.779475 1
3 19.31161 1
3 19.31167 1
3 19.31163 1
3 19.31167 1
3 19.31176 1
3 19.3117 1
3 19.31177 1
3 19.31172 1
3 19.31167 1
3 19.31173 1
3 19.31166 1
3 32.11684 1
3 32.11701 1
3 32.117 1
3 32.11697 1
3 32.11689 1
3 19.31163 1
3 19.31167 1
3 19.31167 1
3 19.31163 1
3 19.31163 1
3 19.31168 1
3 19.31166 1
3 19.31166 1
3 19.31168 1
3 19.31167 1
3 19.31173 1
3 19.31168 1
3 19.31165 1
3 19.31168 1
3 19.31173 1
3 29.63275 1
3 29.63287 1
3 29.63275 1
3 29.63275 1
3 29.63285 1
3 26.2422 1
3 26.2422 1
3 26.2422 1
3 26.24215 1
3 26.24217 1
3 23.44862 1
3 23.44852 1
3 23.44848 1
3 23.44859 1
3 19.31164 1
3 19.31167 1
3 19.31165 1
3 19.31164 1
3 19.31173 1
3 26.23084 1
3 26.23076 1
3 26.23083 1
3 26.23082 1
3 26.23087 1
3 23.2247 1
3 23.22457 1
3 23.22459 1
3 23.22454 1
3 23.22476 1
3 19.31163 1
3 19.31173 1
3 19.31167 1
3 19.31165 1
3 19.31172 1
3 10.80658 1
3 10.80657 1
3 10.80666 1
3 10.80662 1
3 10.80648 1
3 0.6113381 1
3 0.6113381 1
3 0.6110179 1
3 0.6116581 1
3 0.6116581 1
3 6.089593 1
3 6.089787 1
3 6.08969 1
3 6.089593 1
3 6.089658 1
3 6.143919 1
3 6.143887 1
3 6.143791 1
3 6.143855 1
3 6.143855 1
3 2.921747 1
3 2.921546 1
3 2.921747 1
3 2.92168 1
3 2.92168 1
3 6.206746 1
3 6.206778 1
3 6.20681 1
3 6.206746 1
3 6.206746 1
3 19.31161 1
3 19.31171 1
3 19.31175 1
3 19.31173 1
3 19.31169 1
3 25.02449 1
3 25.0244 1
3 25.02445 1
3 25.02441 1
3 25.0244 1
3 22.53169 1
3 22.53164 1
3 22.53166 1
3 22.53159 1
3 22.51563 1
3 19.77554 1
3 19.7755 1
3 19.77558 1
3 19.77561 1
3 19.77554 1
3 19.85172 1
3 19.85158 1
3 19.8517 1
3 19.85169 1
3 19.85161 1
3 19.85313 1
3 19.85312 1
3 19.85307 1
3 19.85313 1
3 19.85311 1
3 19.72002 1
3 19.72003 1
3 19.71996 1
3 19.72005 1
3 19.69503 1
3 20.24813 1
3 20.24812 1
3 20.24817 1
3 20.24821 1
3 20.24807 1
3 8.291785 1
3 8.29188 1
3 8.291761 1
3 8.291785 1
3 8.501242 1
3 8.50115 1
3 8.501219 1
3 8.50115 1
3 8.501335 1
3 8.642043 1
3 8.642179 1
3 8.642201 1
3 8.642179 1
3 8.642248 1
3 23.63702 1
3 23.63702 1
3 23.63707 1
3 23.63704 1
3 19.31168 1
3 19.31169 1
3 19.31166 1
3 19.31163 1
3 19.31166 1
3 19.31173 1
3 19.31166 1
3 19.31166 1
3 19.31161 1
3 19.31164 1
3 19.31168 1
3 15.77741 1
3 15.77748 1
3 15.77746 1
3 15.77736 1
3 15.77742 1
3 15.61685 1
3 15.61684 1
3 15.61673 1
3 15.61687 1
3 15.61682 1
3 15.5425 1
3 15.54255 1
3 15.54253 1
3 15.54246 1
3 15.22424 1
3 15.22416 1
3 15.22438 1
3 15.22422 1
3 15.22418 1
3 14.82611 1
3 14.82611 1
3 14.82611 1
3 14.82611 1
3 14.82606 1
3 21.80879 1
3 21.80879 1
3 21.8088 1
3 21.80876 1
3 21.8088 1
3 19.35861 1
3 19.35873 1
3 19.35868 1
3 19.35869 1
3 19.35874 1
3 22.42332 1
3 22.4234 1
3 22.42336 1
3 22.42345 1
3 22.42343 1
3 27.92319 1
3 27.9232 1
3 27.92311 1
3 27.92321 1
3 27.9232 1
3 25.08667 1
3 25.08671 1
3 25.08673 1
3 25.08671 1
3 25.08666 1
3 22.26963 1
3 22.26954 1
3 22.26951 1
3 22.2695 1
3 19.31172 1
3 19.31169 1
3 19.31165 1
3 19.31165 1
3 19.31166 1
3 19.31165 1
3 19.3117 1
3 19.31169 1
3 19.31156 1
3 19.31164 1
3 19.31168 1
3 19.3117 1
3 19.3117 1
3 19.31172 1
3 19.31161 1
3 19.31163 1
3 19.31171 1
3 19.31163 1
3 19.31171 1
3 19.31166 1
3 19.3117 1
3 19.31169 1
3 19.31168 1
3 19.31174 1
3 19.31174 1
3 19.3117 1
3 19.31163 1
3 19.31161 1
3 19.31164 1
3 19.3116 1
3 19.31168 1
3 19.31165 1
3 4.392577 1
3 4.392488 1
3 4.392444 1
3 4.392533 1
3 4.392533 1
3 4.582147 1
3 4.58219 1
3 4.582061 1
3 4.582018 1
3 4.582104 1
3 4.633119 1
3 4.633119 1
3 4.633034 1
3 4.633161 1
3 4.49427 1
3 4.494314 1
3 4.494357 1
3 4.494314 1
3 4.494357 1
3 7.068967 1
3 7.068967 1
3 7.068939 1
3 7.068911 1
3 7.068939 1
3 19.3117 1
3 19.31165 1
3 19.31168 1
3 19.31167 1
3 19.3117 1
3 19.31171 1
3 19.31167 1
3 19.31166 1
3 19.31167 1
3 19.31166 1
3 17.12531 1
3 17.12543 1
3 17.12535 1
3 17.12532 1
3 17.12535 1
3 17.10085 1
3 17.10075 1
3 17.10082 1
3 17.10084 1
3 17.1008 1
3 17.1495 1
3 17.14953 1
3 17.14958 1
3 17.14953 1
3 17.14945 1
3 16.99962 1
3 16.9994 1
3 16.99948 1
3 16.99947 1
3 16.91679 1
3 12.59453 1
3 12.59456 1
3 12.59456 1
3 12.59457 1
3 18.50563 1
3 18.65657 1
3 18.65662 1
3 18.65649 1
3 18.65659 1
3 18.6567 1
3 12.48952 1
3 12.48949 1
3 12.48952 1
3 12.48955 1
3 14.84344 1
3 12.86017 1
3 12.86031 1
3 12.86029 1
3 12.86034 1
3 12.86012 1
3 12.66867 1
3 12.66867 1
3 12.66858 1
3 12.6686 1
3 12.86617 1
3 12.86612 1
3 12.86612 1
3 12.86618 1
3 12.866 1
3 10.90281 1
3 10.90282 1
3 10.90286 1
3 10.90281 1
3 10.9029 1
3 20.5469 1
3 20.54681 1
3 20.54695 1
3 20.54676 1
3 20.54683 1
3 11.0106 1
3 11.0107 1
3 11.01051 1
3 11.01068 1
3 11.01054 1
3 13.79742 1
3 13.79747 1
3 13.7974 1
3 13.79747 1
3 13.79737 1
3 13.4832 1
3 13.48326 1
3 13.48321 1
3 13.48324 1
3 13.48321 1
3 12.92754 1
3 12.9276 1
3 12.92772 1
3 12.92769 1
3 12.92769 1
3 12.15098 1
3 12.15103 1
3 12.15091 1
3 12.15108 1
3 12.15108 1
3 11.72587 1
3 11.72585 1
3 11.72598 1
3 11.72602 1
3 11.72602 1
3 11.68279 1
3 11.6828 1
3 11.6828 1
3 11.68282 1
3 11.68268 1
3 11.47602 1
3 11.47602 1
3 11.47609 1
3 11.47597 1
3 11.47595 1
3 11.13829 1
3 11.13822 1
3 11.13814 1
3 11.13814 1
3 11.14189 1
3 11.13082 1
3 11.13073 1
3 11.13073 1
3 11.13061 1
3 11.13063 1
3 10.54988 1
3 10.54992 1
3 10.54984 1
3 10.54986 1
3 10.54988 1
3 10.15683 1
3 10.15685 1
3 10.15672 1
3 10.15685 1
3 10.15679 1
3 22.45757 1
3 22.45762 1
3 22.45757 1
3 22.45762 1
3 22.45758 1
3 21.45097 1
3 21.45102 1
3 21.451 1
3 21.45101 1
3 21.45106 1
3 19.89092 1
3 19.89097 1
3 19.89107 1
3 19.89105 1
3 19.89103 1
3 19.00228 1
3 19.00233 1
3 19.00228 1
3 19.00236 1
3 18.37179 1
3 18.37165 1
3 18.37179 1
