11 14.34284
11 14.34282
11 14.42919
11 14.70189
11 14.70175
11 14.70225
11 14.70166
11 14.70171
11 14.70179
11 14.78104
11 14.78087
11 14.78111
11 14.78111
11 14.78085
11 14.78098
11 14.87118
11 14.87122
11 14.87123
11 14.87153
11 14.87128
11 14.87142
11 14.6814
11 14.68124
11 14.681
11 14.6813
11 14.68151
11 14.6813
11 30.21182
11 30.21178
11 30.21178
11 30.21163
11 30.2118
11 30.21173
11 30.21178
11 30.21168
11 30.21155
11 30.21176
11 30.21163
11 30.2117
11 30.21175
11 30.01353
11 30.01347
11 30.01356
11 30.01338
11 30.01348
11 30.01347
11 30.47533
11 30.47517
11 30.47514
11 30.47519
11 30.47524
11 30.71095
11 30.71109
11 30.71107
11 30.711
11 30.71091
11 30.71102
11 30.62919
11 30.62929
11 30.62922
11 30.62928
11 30.62917
11 30.62921
11 30.36213
11 30.36223
11 30.36221
11 30.36223
11 30.36225
11 30.36221
11 30.09278
11 30.09284
11 30.09283
11 30.09282
11 30.09283
11 30.09278
11 30.21166
11 30.21189
11 30.21164
11 30.21163
11 30.21168
11 30.21165
11 30.21167
11 30.21172
11 30.21187
11 30.2117
11 30.21172
11 30.21161
11 30.21167
11 30.21175
11 30.21181
11 30.21158
11 30.21181
11 30.2117
11 30.21165
11 29.81034
11 29.81031
11 29.81038
11 29.81039
11 29.81034
11 29.81023
11 30.00947
11 30.0093
11 30.00929
11 30.00933
11 30.00942
11 30.00928
11 30.21161
11 30.21168
11 30.2118
11 30.21187
11 30.21164
11 30.2117
11 29.67156
11 29.70838
11 29.70834
11 29.70841
11 29.70828
11 29.70841
11 29.70816
11 29.70996
11 29.71
11 29.71008
11 29.70987
11 29.70997
11 29.71005
11 30.5203
11 30.52032
11 30.52027
11 30.52023
11 30.52045
11 30.52017
11 30.21174
11 30.21167
11 30.21165
11 30.21182
11 30.21163
11 30.21184
11 30.21169
11 30.21166
11 30.2117
11 30.21196
11 30.21167
11 30.21155
11 30.21173
11 3.518418
11 3.518196
11 3.518251
11 3.518196
11 3.518529
11 3.518251
11 28.88039
11 28.88054
11 28.88054
11 28.88042
11 28.88039
11 28.88052
11 28.89606
11 28.89597
11 28.89604
11 28.8959
11 28.89588
11 28.89597
11 28.89586
11 30.2118
11 30.21159
11 30.21156
11 30.21172
11 30.21174
11 30.21177
11 29.68172
11 29.68181
11 29.68178
11 29.68197
11 29.68175
11 29.68176
11 11.23291
11 11.23298
11 11.23289
11 11.23282
11 11.23289
11 2.16564
11 2.16555
11 2.16564
11 2.16564
11 2.165911
11 2.16564
11 2.16564
11 2.421639
11 2.421558
11 2.421801
11 2.421558
11 2.421396
11 2.421477
11 2.383431
11 2.383513
11 2.383595
11 2.383677
11 2.383184
11 2.383431
11 30.21152
11 30.21177
11 30.21172
11 30.21172
11 30.21175
11 30.21182
11 30.21176
11 30.21168
11 30.21165
11 30.21194
11 30.21172
11 30.21168
11 4.522683
11 4.522813
11 4.522727
11 4.522596
11 4.522683
11 4.52264
11 29.12189
11 29.12194
11 29.12187
11 29.12195
11 29.12183
11 29.12183
11 29.11325
11 29.11328
11 29.11319
11 29.11329
11 29.11324
11 29.11321
11 29.10487
11 29.10486
11 29.1047
11 29.10482
11 29.10483
11 29.10488
11 6.708791
11 4.532806
11 4.532763
11 4.532547
11 4.53272
11 4.53259
11 4.532633
11 4.229803
11 4.229757
11 4.229942
11 4.229849
11 4.229896
11 4.181794
11 4.151477
11 4.15143
11 4.151382
11 4.15143
11 4.151241
11 4.061872
11 4.06192
11 4.06192
11 4.061727
11 4.061823
11 4.061823
11 29.09233
11 29.09215
11 29.09221
11 29.09222
11 29.09215
11 29.08265
11 15.01654
11 15.01653
11 15.01665
11 15.01687
11 15.01659
11 15.01669
11 15.26519
11 15.2649
11 15.2648
11 15.26507
11 15.26491
11 15.26502
11 28.94192
11 28.942
11 28.94202
11 28.94206
11 28.94208
11 28.94196
11 28.99221
11 28.99229
11 28.99224
11 28.99238
11 28.99243
11 28.99244
11 30.21183
11 30.21167
11 30.21174
11 30.21174
11 30.21178
11 30.2117
11 30.21155
11 30.21185
11 30.2117
11 30.21172
11 30.21178
11 30.21168
11 30.21181
11 5.797619
11 5.797686
11 5.797754
11 5.797416
11 5.797585
11 5.79745
11 30.2118
11 30.21179
11 30.21174
11 30.21176
11 30.21163
11 30.2117
11 29.56833
11 29.56828
11 29.56838
11 29.56829
11 29.56829
11 29.5683
11 29.56407
11 29.56406
11 29.56392
11 29.56397
11 29.56388
11 29.5639
11 4.587658
11 4.587615
11 4.587615
11 4.587701
11 4.587658
11 4.587444
11 29.62468
11 29.56948
11 29.56953
11 29.56958
11 29.56933
11 29.56958
11 29.56939
11 3.375567
11 3.375741
11 3.375857
11 3.375509
11 3.375683
11 3.375683
11 3.181
11 3.180816
11 3.180754
11 3.180754
11 3.180816
11 3.180754
11 3.078289
11 3.078352
11 3.078543
11 3.07848
11 3.07848
11 3.078543
11 3.053258
11 3.053194
11 3.053386
11 3.05345
11 3.053322
11 3.053386
11 3.001918
11 3.001984
11 3.002114
11 3.002114
11 3.00231
11 3.002049
11 2.813343
11 2.813412
11 2.813482
11 2.813343
11 2.813343
11 2.813343
11 2.360574
11 2.360657
11 2.360491
11 2.360159
11 2.360243
11 2.360408
11 2.209126
11 2.209126
11 2.209037
11 2.209126
11 2.20886
11 2.209214
11 2.249598
11 2.249685
11 2.249598
11 2.249511
11 2.249772
11 2.249685
11 2.224576
11 2.224312
11 2.224224
11 2.224752
11 2.224488
11 2.224488
11 2.177088
11 2.177177
11 2.177357
11 2.177357
11 2.177267
11 2.177357
11 2.229234
11 2.229585
11 2.229497
11 2.229409
11 2.229234
11 2.229322
11 2.266154
11 2.265895
11 2.265809
11 2.265809
11 2.265981
11 2.265722
11 2.245853
11 2.245766
11 2.245679
11 2.245592
11 2.246028
11 2.245766
11 2.224224
11 2.224048
11 2.224224
11 2.224048
11 2.224576
11 2.224488
11 2.210808
11 2.21072
11 2.210543
11 2.21072
11 2.210808
11 2.210631
11 2.240706
11 2.240444
11 2.240444
11 2.240269
11 2.240618
11 2.240444
11 30.21184
11 30.21162
11 30.21162
11 30.21174
11 30.21183
11 30.21181
11 32.57856
11 32.5784
11 32.57853
11 32.57833
11 32.57841
11 32.57835
11 32.57844
11 30.18378
11 30.18403
11 30.1837
11 30.18385
11 30.18392
11 30.18396
11 30.18375
11 29.32649
11 29.32636
11 29.32627
11 29.32631
11 29.32634
11 29.32629
11 28.98529
11 28.98529
11 28.98526
11 28.98525
11 28.9853
11 28.98523
11 28.75398
11 28.754
11 28.75409
11 28.75395
11 28.75396
11 28.75403
11 30.21168
11 30.21183
11 30.21177
11 30.21171
11 30.21169
11 29.83537
11 29.83548
11 29.83548
11 29.83535
11 29.83543
11 29.83541
11 29.94238
11 29.94246
11 29.94231
11 29.94237
11 29.94242
11 29.94246
11 30.02473
11 30.02456
11 30.02475
11 30.02472
11 30.02458
11 30.02462
11 4.617322
11 4.617619
11 4.617407
11 4.617322
11 4.617322
11 4.617407
11 4.647303
11 4.647429
11 4.647514
11 4.647598
11 4.647345
11 4.64764
11 3.095222
11 3.095096
11 3.095285
11 3.095222
11 3.095285
11 3.095349
11 3.016101
11 3.016101
11 3.016166
11 3.016166
11 3.016361
11 3.016426
11 3.078607
11 3.078671
11 3.07848
11 3.078607
11 3.078289
11 3.078543
11 3.306833
11 3.306774
11 3.306833
11 3.306952
11 3.306774
11 3.306656
11 4.238407
11 4.238637
11 4.238499
11 4.238452
11 4.238407
11 4.238452
11 30.3362
11 30.33617
11 30.33619
11 30.33629
11 30.33616
11 30.33604
11 30.36741
11 30.36735
11 38.84643
11 38.84623
11 38.84621
11 38.84637
11 22.6855
11 22.68574
11 22.68559
11 22.6856
11 22.6856
11 22.68561
11 22.61145
11 22.6114
11 22.6112
11 22.61143
11 22.6115
11 22.61145
11 22.48017
11 22.48009
11 22.48008
11 22.48004
11 22.47993
11 22.47986
11 22.4799
11 22.47976
11 22.4797
11 22.47989
11 38.03408
11 38.03392
11 38.03406
11 38.03394
11 38.0339
11 38.03389
11 36.88553
11 36.88571
11 36.88558
11 36.88554
11 36.88559
11 36.88567
11 36.8414
11 36.84141
11 36.84131
11 36.84134
11 36.84113
11 36.84126
11 35.98314
11 38.61996
11 38.61992
11 38.61989
11 38.62003
11 38.62001
11 37.48284
11 37.48273
11 37.48298
11 37.48277
11 37.48272
11 37.48288
11 38.62001
11 38.61994
11 38.61993
11 38.62003
11 38.61985
11 38.61986
11 38.62003
11 38.61986
11 38.61985
11 38.62019
11 38.61993
11 38.6198
11 38.61991
11 38.61985
11 38.61993
11 38.61985
11 38.62002
11 38.6197
11 38.6198
11 38.61992
11 5.005038
11 5.005155
11 5.005234
11 5.005116
11 5.005077
11 5.005116
11 4.770728
11 4.770769
11 4.770974
11 4.770769
11 4.770769
11 4.770851
11 38.61991
11 38.61988
11 38.61992
11 38.6198
11 38.61991
11 38.61994
11 17.01888
11 17.01895
11 17.0189
11 17.01896
11 17.01884
11 17.01885
11 7.187855
11 36.82636
11 36.82663
11 36.82633
11 36.82618
11 36.82647
11 36.82634
11 4.675961
11 4.675836
11 4.676003
11 4.676087
11 4.675961
11 4.67592
11 4.634007
11 4.633922
11 4.634007
11 4.634091
11 4.633965
11 4.634091
11 4.711727
11 4.711685
11 4.71181
11 4.711685
11 4.711644
11 4.711644
11 4.754728
11 4.794608
11 4.794608
11 4.794689
11 4.794771
11 4.79473
11 4.794526
11 4.883951
11 4.883911
11 4.883871
11 4.883871
11 4.883951
11 4.883951
11 4.883991
11 4.744788
11 4.744788
11 4.744788
11 4.744912
11 4.74483
11 4.744871
11 4.728245
11 4.728204
11 4.728245
11 4.728328
11 4.728204
11 4.728162
11 4.842945
11 4.842945
11 4.843187
11 4.842945
11 4.842945
11 4.885314
11 4.889283
11 4.889323
11 4.889283
11 4.889323
11 4.889483
11 4.857284
11 4.857203
11 4.857082
11 4.857122
11 4.856961
11 4.856961
11 4.744375
11 4.744499
11 4.744541
11 4.744541
11 4.744458
11 4.744334
11 4.716464
11 4.716298
11 4.716256
11 4.716547
11 4.716215
11 4.71634
11 4.676003
11 4.676129
11 4.676297
11 4.676213
11 4.676003
11 4.676213
11 4.650716
11 4.650927
11 4.650842
11 4.650842
11 4.650885
11 4.632823
11 4.632612
11 4.632654
11 4.632612
11 4.632527
11 4.632654
11 4.563041
11 4.563084
11 4.562912
11 4.562826
11 4.563084
11 4.563041
11 4.627704
11 4.627535
11 4.627577
11 4.627492
11 4.627662
11 4.627704
11 4.685378
11 4.68567
11 4.685628
11 4.685336
11 4.685336
11 4.708691
11 4.708941
11 4.708899
11 4.708857
11 4.708941
11 4.709023
11 4.708816
11 4.776924
11 4.777006
11 4.777006
11 4.776883
11 4.776883
11 4.776883
11 4.811045
11 4.811208
11 4.810923
11 4.811086
11 4.811086
11 4.855549
11 4.865102
11 4.864941
11 4.865062
11 4.864981
11 4.864901
11 4.865021
11 4.885194
11 4.885154
11 4.885114
11 4.885194
11 4.885114
11 4.885114
11 4.871018
11 4.870857
11 4.870937
11 4.870937
11 4.871098
11 4.871098
11 4.862645
11 4.862725
11 4.862645
11 4.862565
11 4.862645
11 4.861598
11 4.908119
11 4.908479
11 4.908279
11 4.908239
11 4.908439
11 4.908439
11 4.984287
11 4.984209
11 4.984248
11 4.984287
11 4.984209
11 4.98413
11 4.992653
11 4.992456
11 4.992613
11 4.992613
11 4.992731
11 4.992653
11 4.950249
11 4.950289
11 4.950289
11 4.95021
11 4.950091
11 4.95017
11 4.939632
11 4.939592
11 4.939513
11 4.939354
11 4.939394
11 4.939632
11 36.90684
11 36.907
11 36.90684
11 36.90684
11 36.90686
11 36.90683
11 38.61997
11 38.61988
11 38.61995
11 38.61992
11 38.6199
11 38.61987
11 12.82948
11 12.82944
11 12.82941
11 12.62887
11 12.6287
11 12.62872
11 12.57907
11 12.57904
11 12.57901
11 12.57912
11 12.57898
11 12.57907
11 12.50675
11 12.50672
11 12.50675
11 12.50669
11 12.50678
11 12.50686
11 12.42724
11 12.42745
11 12.42735
11 12.42724
11 12.42734
11 12.42716
11 19.41135
11 19.4113
11 19.41129
11 19.41122
11 19.4113
11 19.41126
11 11.34076
11 11.3409
11 11.34097
11 11.34069
11 11.34092
11 11.34087
11 23.18707
11 23.1871
11 23.18709
11 23.18709
11 23.1871
11 23.187
11 23.00693
11 22.63999
11 22.63985
11 22.64008
11 22.63991
11 22.63979
11 22.63992
11 7.230227
11 7.2302
11 7.230227
11 7.230145
11 7.230173
11 7.230064
11 7.230336
11 6.668916
11 6.669063
11 6.669034
11 6.669092
11 6.669063
11 6.669063
11 6.669063
11 6.039068
11 6.03923
11 6.039068
11 6.0391
11 6.039165
11 6.0391
11 5.938118
11 5.938283
11 5.938151
11 5.938184
11 5.93825
11 5.938316
11 5.826924
11 5.826957
11 5.826924
11 5.827092
11 5.827059
11 5.826991
11 5.361985
11 5.361766
11 5.361912
11 5.361766
11 5.361803
11 5.361839
11 0.6370438
11 0.6364292
11 0.6367366
11 0.6370438
11 0.6370438
11 0.6373509
11 22.31491
11 22.31476
11 22.31488
11 22.31496
11 22.31491
11 22.31493
11 0.6714388
11 0.6717301
11 0.6717301
11 0.6720214
11 0.6714388
11 0.6339648
11 0.6339648
11 0.6342734
11 0.633656
11 0.6339648
11 0.6339648
11 0.6801254
11 0.6801254
11 0.6801254
11 0.680413
11 0.680413
11 0.6801254
11 0.6982958
11 0.6980155
11 0.6974546
11 0.6980155
11 0.6982958
11 0.6980155
11 0.7388696
11 0.7386047
11 0.7391344
11 0.7388696
11 0.7388696
11 0.7388696
11 19.41127
11 19.41119
11 19.41119
11 19.41114
11 19.41123
11 26.5626
11 26.56268
11 26.56267
11 26.56269
11 26.56255
11 26.56275
11 9.418827
11 19.41123
11 19.41128
11 19.41117
11 19.41139
11 19.41122
11 19.41125
11 1.248822
11 1.248822
11 1.248822
11 1.248665
11 1.248508
11 1.248978
11 0.8961296
11 0.8961296
11 0.8965662
11 0.8963478
11 0.8961296
11 0.8961296
11 0.7838463
11 0.7833468
11 0.7835966
11 0.783097
11 0.7840959
11 0.7833468
11 0.5784457
11 0.5791218
11 0.5791218
11 0.5791218
11 0.5787839
11 0.5791218
11 0.3511023
11 0.3505445
11 0.3505445
11 0.3511023
11 0.3505445
11 0.3516591
11 22.26015
11 22.26022
11 22.26013
11 22.26023
11 22.26014
11 22.26021
11 22.31059
11 22.31051
11 22.31063
11 22.31049
11 22.31065
11 22.3106
11 22.25744
11 22.25756
11 22.25755
11 22.25747
11 22.2574
11 0.4135417
11 0.4140146
11 0.4140146
11 0.4135417
11 0.4135417
11 0.4130683
11 0.5814822
11 0.5814822
11 0.5814822
11 0.5811456
11 0.5811456
11 0.5814822
11 0.6815624
11 0.6821364
11 0.6815624
11 0.6821364
11 0.6818494
11 0.6818494
11 0.6818494
11 0.6821364
11 0.6821364
11 0.6824232
11 0.6824232
11 0.6812752
11 0.7737964
11 0.7748073
11 0.7748073
11 0.7745547
11 0.774302
11 0.7745547
11 0.7745547
11 0.8230571
11 0.8232948
11 0.8228193
11 0.8230571
11 0.8225815
11 0.8230571
11 0.8230571
11 0.8223435
11 0.8221055
11 0.8221055
11 0.8213912
11 0.8218675
11 0.8221055
11 0.6708556
11 0.6705639
11 0.6711472
11 0.6714388
11 0.6711472
11 0.7525149
11 0.7209076
11 0.7206361
11 0.7206361
11 0.7209076
11 0.721179
11 0.721179
11 0.7311491
11 0.7308815
11 0.7306137
11 0.7311491
11 0.7306137
11 0.7311491
11 0.7160051
11 0.7162784
11 0.7162784
11 0.7160051
11 0.7157319
11 0.7209076
11 0.6074851
11 0.6084505
11 0.6084505
11 0.608772
11 0.6081289
11 0.6081289
11 0.6183397
11 0.6183397
11 0.6183397
11 0.618656
11 0.6180231
11 0.6177064
11 0.6549156
11 0.6537194
11 0.6540186
11 0.6540186
11 0.6540186
11 0.6537194
11 0.6584912
11 0.6587883
11 0.6587883
11 0.6587883
11 0.6587883
11 0.6584912
11 0.57743
11 0.6477052
11 0.6477052
11 0.6471007
11 0.6477052
11 0.6477052
11 0.6474031
11 0.6474031
11 0.5657911
11 0.5657911
11 0.5650989
11 0.5650989
11 0.5650989
11 0.5657911
11 0.4776538
11 0.477244
11 0.4780633
11 0.4776538
11 0.477244
11 0.4784724
11 0.4813265
11 0.4809199
11 0.4809199
11 0.4809199
11 0.4809199
11 0.4805128
11 0.5399548
11 0.5399548
11 19.99077
11 19.99092
11 19.99089
11 19.99101
11 19.93209
11 19.93189
11 19.9319
11 19.93212
11 19.93207
11 19.93203
11 19.88465
11 19.88471
11 19.88443
11 19.88452
11 19.88454
11 19.88455
11 19.88465
11 19.83962
11 19.83945
11 19.83962
11 19.83965
11 19.83957
11 19.83951
11 11.69883
11 11.69898
11 11.69885
11 11.69892
11 11.699
11 11.69892
11 11.69893
11 13.41944
11 13.41925
11 13.41938
11 13.41941
11 13.41945
11 13.41935
11 0.8062432
11 0.8067285
11 0.806971
11 0.8067285
11 0.806971
11 0.806971
11 0.9172792
11 0.9174925
11 0.9172792
11 0.9168525
11 0.9172792
11 0.9170658
11 0.7737964
11 0.7732905
11 0.7735435
11 0.7730374
11 0.7732905
11 0.7732905
11 0.9147157
11 0.9145018
11 0.9147157
11 0.9149297
11 0.9149297
11 0.9149297
11 1.025648
11 1.025648
11 1.026029
11 1.025648
11 1.025838
11 1.025838
11 1.025838
11 1.16969
11 1.16969
11 1.16969
11 1.169356
11 1.169523
11 1.169523
11 1.090739
11 1.091098
11 1.090739
11 1.090919
11 1.090739
11 1.090739
11 1.094322
11 1.094143
11 1.093964
11 1.094143
11 1.093785
11 1.094143
11 1.093964
11 1.103049
11 1.102871
11 1.103404
11 1.103226
11 1.102871
11 1.102871
11 1.235431
11 1.235589
11 1.235589
11 1.235747
11 1.235431
11 1.235589
11 1.766025
11 1.765803
11 1.766025
11 1.765914
11 1.765692
11 1.766025
11 1.765914
11 1.766468
11 1.766246
11 1.766136
11 1.766246
11 1.766357
11 1.766579
11 1.801354
11 1.801571
11 1.801788
11 1.801571
11 1.801571
11 1.801354
11 1.783338
11 1.783338
11 1.783228
11 1.783338
11 1.783338
11 1.783557
11 1.783228
11 1.762919
11 1.763141
11 1.76303
11 1.763252
11 1.762919
11 1.76303
11 1.717828
11 1.7176
11 1.7176
11 1.7176
11 1.7176
11 1.7176
11 1.736185
11 1.736073
11 1.736073
11 1.736073
11 1.736073
11 1.736185
11 1.736185
11 1.651616
11 1.651616
11 1.651735
11 1.651853
11 1.651616
11 1.651853
11 1.651616
11 1.464735
11 1.465002
11 1.465002
11 1.464735
11 1.464735
11 1.465002
11 1.653511
11 1.653629
11 1.653748
11 1.653866
11 1.653629
11 1.653629
11 1.86162
11 1.977937
11 1.977937
11 1.977937
11 1.977838
11 1.977739
11 1.886059
11 1.524441
11 1.524312
11 1.524441
11 1.524441
11 1.524441
11 1.524441
11 1.221413
11 1.221252
11 1.221413
11 1.221092
11 1.221092
11 1.221413
11 1.395356
11 1.394935
11 1.395075
11 1.395356
11 1.394935
11 1.394795
11 1.729296
11 1.729522
11 1.729522
11 1.729635
11 1.729409
11 1.729522
11 1.706512
11 1.613497
11 1.61374
11 1.613497
11 1.61374
11 1.61374
11 1.613861
11 1.661657
11 1.661657
11 1.661657
11 1.661539
11 1.661657
11 1.661893
11 1.622206
11 1.622206
11 1.622327
11 1.622206
11 1.622206
11 1.622086
11 1.617857
11 1.429029
11 1.428892
11 1.429029
11 1.429029
11 1.428755
11 1.429029
11 1.422303
11 1.422441
11 1.422303
11 1.422028
11 1.422441
11 1.422441
11 1.439127
11 1.438991
11 1.438855
11 1.438991
11 1.439127
11 1.439263
11 1.390439
11 1.39072
11 1.390579
11 1.39072
11 1.390439
11 1.390439
11 1.350747
11 1.350747
11 1.350747
11 1.350747
11 1.351181
11 1.350891
11 1.340129
11 1.418445
11 1.418721
11 1.418445
11 1.418583
11 1.418583
11 1.418583
11 1.397738
11 1.397878
11 1.398018
11 1.397878
11 1.397598
11 1.398298
11 1.356241
11 1.356241
11 1.356241
11 1.356241
11 1.356096
11 1.355952
11 1.431081
11 1.430945
11 1.431218
11 1.431081
11 1.430945
11 1.431081
11 1.430808
11 1.408616
11 1.408894
11 1.408616
11 1.408894
11 1.408616
11 1.408894
11 1.343338
11 1.343338
11 1.343192
11 1.343192
11 1.343338
11 1.343338
11 1.469004
11 1.469137
11 1.46927
11 1.46927
11 1.46927
11 1.469404
11 4.341042
11 4.340907
11 4.340997
11 4.340907
11 4.340997
11 4.341087
11 4.341087
11 14.23115
11 14.23114
11 14.23115
11 14.23111
11 14.23115
11 14.23115
11 23.8989
11 23.89888
11 23.89861
11 23.89867
11 23.89874
11 23.89889
11 20.54885
11 20.54883
11 20.54897
11 20.54884
11 20.54883
11 20.54881
11 20.54892
11 19.52364
11 19.52366
11 19.52369
11 19.52374
11 19.52369
11 19.52382
11 19.43098
11 19.43091
11 19.43084
11 19.43097
11 19.43104
11 19.43097
11 19.43112
11 19.27785
11 19.27781
11 19.27787
11 19.27775
11 19.27794
11 19.27784
11 1.618704
11 1.618704
11 1.618825
11 1.618825
11 1.618704
11 1.618825
11 2.370008
11 2.370008
11 2.370173
11 2.369925
11 2.37009
11 2.37009
11 4.855468
11 19.30988
11 19.31001
11 19.31016
11 19.31008
11 19.31002
11 19.31007
11 2.637598
11 2.637672
11 2.637524
11 2.637524
11 2.637747
11 2.637672
11 2.338582
11 2.158761
11 2.158761
11 2.158852
11 2.15858
11 2.158761
11 2.15867
11 2.158761
11 2.010129
11 2.010129
11 2.010129
11 2.010032
11 2.009934
11 2.010226
11 1.876697
11 1.876593
11 1.876489
11 1.876593
11 1.876801
11 1.628828
11 1.628948
11 1.629068
11 1.629068
11 1.628948
11 1.629308
11 1.328396
11 1.328543
11 1.328691
11 1.328543
11 1.328691
11 1.328691
11 1.14141
11 1.141239
11 1.14141
11 1.14141
11 1.141239
11 1.140896
11 1.14141
11 1.096108
11 1.095751
11 1.095751
11 1.09593
11 1.096108
11 1.096108
11 1.144321
11 1.144663
11 1.144321
11 1.144492
11 1.14415
11 1.144663
11 0.9907107
11 1.128132
11 1.127959
11 1.127438
11 1.127264
11 1.127785
11 1.127612
11 1.270416
11 1.270724
11 1.27057
11 1.270108
11 1.270262
11 1.270416
11 1.332808
11 1.332367
11 1.332221
11 1.332367
11 1.332367
11 1.332367
11 1.437766
11 1.437766
11 1.43763
11 1.437766
11 1.43763
11 1.437766
11 1.437766
11 1.477505
11 1.47777
11 1.477638
11 1.477638
11 1.477373
11 1.477505
11 1.614103
11 1.613982
11 1.61374
11 1.613982
11 1.614103
11 1.613861
11 1.604009
11 1.603765
11 1.604131
11 1.604009
11 1.604009
11 1.604009
11 1.543576
11 1.543196
11 1.54345
11 1.54345
11 1.54345
11 1.543323
11 0.9974037
11 0.9970112
11 0.9974037
11 0.9970112
11 0.9972074
11 0.9970112
11 0.8809339
11 0.8273254
11 0.8275619
11 0.8275619
11 0.8268523
11 0.8270888
11 0.8275619
11 0.8376676
11 0.8381346
11 0.8381346
11 0.8376676
11 0.8376676
11 0.8381346
11 0.8652454
11 0.8654715
11 0.864793
11 0.8650193
11 0.8652454
11 0.8654715
11 0.8285072
11 0.8280347
11 0.8280347
11 0.8280347
11 0.8277984
11 0.8280347
11 0.828271
11 0.7522548
11 0.7525149
11 0.7519946
11 0.7519946
11 0.7522548
11 0.751474
11 0.7522548
11 0.6477052
11 0.646193
11 0.6467983
11 0.6464956
11 0.6467983
11 0.6467983
11 0.6106976
11 0.6116581
11 0.6106976
11 0.6110179
11 0.6110179
11 0.6106976
11 0.6110179
11 0.6827098
11 0.6824232
11 0.6815624
11 0.6824232
11 0.6821364
11 0.6821364
11 0.7441474
11 0.7620752
11 0.7620752
11 0.7618184
11 0.7618184
11 0.7620752
11 0.762332
11 0.7069291
11 0.7072059
11 0.7072059
11 0.7069291
11 0.7072059
11 0.7072059
11 0.6010084
11 0.6010084
11 0.6010084
11 0.6013339
11 0.6016592
11 0.6010084
11 0.4977152
11 0.4988932
11 0.4981082
11 0.4977152
11 0.4988932
11 0.4981082
11 0.4985009
11 0.5395923
11 0.5399548
11 0.5399548
11 0.5395923
11 0.5399548
11 0.5395923
11 0.5252593
11 0.5241405
11 0.5241405
11 0.5248867
11 0.5241405
11 0.5245137
11 0.4833549
11 0.4845679
11 0.4837596
11 0.4833549
11 0.4837596
11 0.4837596
11 0.4837596
11 0.4881886
11 0.4881886
11 0.4885893
11 0.4885893
11 0.4881886
11 0.4873863
11 0.4889896
11 0.4897892
11 0.4893896
11 0.4893896
11 0.4897892
11 0.4901886
11 0.6985759
11 0.6991359
11 0.6988559
11 0.6982958
11 0.6985759
11 0.6982958
11 0.7977034
11 0.7974581
11 0.7974581
11 0.7974581
11 0.7981939
11 0.7977034
11 18.46095
11 18.46095
11 18.46082
11 18.46082
11 18.46089
11 18.46091
11 18.42303
11 18.42323
11 18.42318
11 18.42323
11 18.42327
11 18.42317
11 1.933101
11 1.932898
11 1.932999
11 1.932898
11 1.933101
11 1.932999
