11 22.55643
11 22.55656
11 22.88425
11 23.1519
11 23.31029
11 23.31025
11 23.44585
11 23.63213
11 23.63217
11 23.72727
11 23.8369
11 23.83996
11 23.84007
11 19.53277
11 80.73077
11 80.7308
11 81.20431
11 13.136
11 13.13609
11 8.701184
11 13.01733
11 81.20431
11 81.20431
11 80.45844
11 81.20431
11 11.52923
11 11.52925
11 11.27248
11 11.21078
11 11.18266
11 11.1825
11 81.20432
11 81.20433
11 81.2043
11 10.98639
11 10.98636
11 10.84424
11 10.84437
11 10.84424
11 10.67394
11 10.67396
11 10.67389
11 10.60077
11 10.60072
11 10.51739
11 10.51738
11 10.51747
11 10.5299
11 10.52983
11 10.52994
11 10.57888
11 10.5789
11 10.57896
11 10.51792
11 10.51797
11 10.51797
11 10.53876
11 10.53881
11 0.3615361
11 0.3620769
11 0.3615361
11 0.3830841
11 0.3830841
11 0.3835945
11 0.4316007
11 0.4306931
11 0.4316007
11 0.3674413
11 0.3669084
11 0.3679734
11 0.5252593
11 0.5260038
11 0.5260038
11 0.598725
11 0.598725
11 0.57743
11 0.577091
11 0.5777687
11 10.84524
11 10.84529
11 10.84528
11 10.84526
11 10.95111
11 10.95116
11 10.95109
11 10.94582
11 10.94595
11 10.94571
11 11.00414
11 11.0041
11 11.00409
11 11.10887
11 11.10881
11 11.10888
11 3.543537
11 3.543592
11 3.543592
11 11.23421
11 11.23428
11 11.23428
11 11.28153
11 11.28168
11 11.24258
11 11.2425
11 11.24253
11 11.24246
11 11.20853
11 11.2086
11 11.20839
11 1.55066
11 1.550534
11 11.16811
11 11.13968
11 11.13959
11 11.08294
11 11.08287
11 11.08292
11 11.08298
11 11.13455
11 11.13452
11 11.13461
11 11.20695
11 11.20693
11 11.19658
11 11.19656
11 11.1966
11 11.19658
11 11.20607
11 11.20609
11 11.20609
11 11.18919
11 11.18923
11 11.18924
11 11.03098
11 11.03091
11 11.03093
11 36.93744
11 36.93741
11 36.96178
11 37.04802
11 37.04806
11 37.0509
11 37.07541
11 37.07545
11 37.07545
11 37.07706
11 37.0771
11 37.07709
11 37.11092
11 37.11093
11 37.19381
11 37.19379
11 37.19381
11 37.16432
11 37.16432
11 37.16432
11 37.10851
11 37.10849
11 37.17649
11 37.17646
11 37.17653
11 37.12981
11 37.12978
11 37.12978
11 37.14066
11 37.14065
11 37.14067
11 37.17462
11 37.17456
11 37.17455
11 37.25619
11 37.25619
11 37.31552
11 37.31551
11 37.31555
11 37.3175
11 37.31753
11 37.31756
11 37.31752
11 37.42382
11 37.42379
11 37.42382
11 37.37663
11 37.37659
11 37.37661
11 37.36074
11 37.36079
11 37.36077
11 37.42384
11 37.42382
11 37.42382
11 37.45418
11 37.45416
11 37.45415
11 37.48008
11 37.48013
11 37.50944
11 37.50942
11 37.50944
11 37.51606
11 37.51599
11 37.51603
11 37.47082
11 37.47078
11 37.4708
11 37.45409
11 37.45409
11 37.45406
11 37.48715
11 37.48709
11 37.52089
11 37.53784
11 37.53786
11 37.56991
11 37.56995
11 37.56989
11 37.56601
11 37.56599
11 37.56603
11 37.54522
11 37.5452
11 37.57405
11 37.57405
11 37.57405
11 37.54521
11 37.5452
11 37.5452
11 37.53926
11 37.53926
11 37.5519
11 37.55326
11 37.55331
11 37.60376
11 37.64111
11 37.64111
11 37.58734
11 37.58731
11 37.58732
11 37.56621
11 37.5662
11 37.56621
11 37.64029
11 37.6403
11 37.52819
11 37.53873
11 37.53873
11 37.53872
11 37.52252
11 37.52254
11 37.52253
11 37.49656
11 37.49656
11 37.4516
11 37.47437
11 37.47435
11 37.43567
11 37.43564
11 37.43563
11 37.40392
11 37.40394
11 37.40393
11 37.36372
11 37.36364
11 37.36372
11 37.28968
11 37.28967
11 37.33091
11 37.42655
11 37.42656
11 37.33368
11 37.33374
11 37.33372
11 37.2999
11 37.29993
11 37.29995
11 37.3186
11 37.31858
11 82.54353
11 82.54353
11 82.54353
11 82.54139
11 82.54135
11 82.54135
11 44.95048
11 44.95048
11 44.95047
11 45.03042
11 45.03043
11 45.03044
11 45.01717
11 45.01718
11 45.01717
11 44.97831
11 44.97833
11 44.97832
11 44.9144
11 44.91439
11 44.9144
11 45.41685
11 45.41684
11 45.41684
11 45.71621
11 45.71621
11 45.71621
11 45.84786
11 45.84784
11 45.84788
11 59.46195
11 59.46193
11 59.4619
11 59.58776
11 59.58777
11 59.58777
11 59.63037
11 59.63036
11 59.63037
11 59.67693
11 59.67695
11 59.7775
11 59.77747
11 59.7775
11 59.6687
11 59.66868
11 59.66874
11 59.69764
11 59.69763
11 59.69764
11 59.69881
11 59.69879
11 59.67688
11 59.66849
11 59.66848
11 59.67987
11 59.62608
11 59.62605
11 59.51013
11 59.51015
11 59.51013
11 59.6468
11 59.64684
11 59.64678
11 59.51787
11 59.51783
11 59.68662
11 59.45694
11 59.45697
11 59.45158
11 59.45158
11 59.45159
11 59.58493
11 59.58491
11 59.58493
11 59.35563
11 59.35564
11 59.39753
11 59.3899
11 59.38994
11 59.28836
11 59.28834
11 59.28836
11 59.19469
11 59.19471
11 59.1947
11 59.14038
11 59.14038
11 59.14035
11 58.92436
11 58.92438
11 58.92438
11 59.06768
11 59.06764
11 59.21001
11 59.21002
11 59.20999
11 59.22237
11 59.22239
11 59.22237
11 59.38946
11 59.38944
11 59.38946
11 59.44751
11 59.44752
11 59.44752
11 59.3975
11 59.39754
11 59.3707
11 59.37071
11 59.37072
11 59.30296
11 59.30292
11 59.30296
11 59.29185
11 59.29185
11 59.29185
11 59.2756
11 59.27557
11 59.27554
11 59.27231
11 59.27229
11 59.27233
11 58.96651
11 58.96655
11 58.96223
11 59.002
11 59.00202
11 59.00203
11 58.56915
11 58.56915
11 58.56914
11 58.57906
11 58.5791
11 58.57908
11 58.46781
11 58.46778
11 58.46781
11 58.48715
11 58.48712
11 58.48715
11 58.60832
11 58.60832
11 58.60831
11 58.77833
11 58.77835
11 58.77834
11 58.99732
11 58.99734
11 58.99735
11 59.19323
11 59.19326
11 59.14784
11 59.14783
11 59.14783
11 59.07737
11 59.07741
11 59.0774
11 59.16136
11 59.16136
11 59.16138
11 59.2042
11 59.20421
11 59.20421
11 59.2492
11 59.24923
11 59.24921
11 59.27093
11 59.27092
11 59.27095
11 59.04378
11 59.04378
11 59.0438
11 58.93007
11 58.93003
11 58.93004
11 58.7518
11 58.75182
11 58.75181
11 58.6398
11 58.63977
11 58.6398
11 58.68275
11 58.68275
11 58.68276
11 58.81718
11 58.81721
11 58.8172
11 58.79379
11 58.79378
11 58.79377
11 58.8929
11 58.89292
11 59.0848
11 59.08815
11 59.08816
11 59.31182
11 59.31181
11 59.31181
11 59.04938
11 59.04938
11 59.0494
11 59.09846
11 59.09846
11 59.09844
11 58.99473
11 58.99471
11 58.99472
11 59.07925
11 59.07925
11 59.06029
11 59.06033
11 59.06032
11 59.21783
11 59.21784
11 59.21781
11 59.22142
11 59.22143
11 59.22145
11 59.31689
11 59.31692
11 59.3169
11 59.3331
11 59.33312
11 59.33313
11 59.3446
11 59.34459
11 59.3371
11 59.3371
11 59.33708
11 59.23801
11 59.23803
11 59.23802
11 59.08841
11 59.08842
11 59.08842
11 59.10376
11 59.10374
11 59.16815
11 59.43479
11 59.43479
11 59.4348
11 59.29803
11 59.29804
11 59.29527
11 59.08493
11 59.08495
11 58.92815
11 58.92814
11 58.92814
11 58.77009
11 58.77012
11 58.7701
11 58.98521
11 58.98521
11 58.98521
11 59.11323
11 59.11321
11 59.11322
11 59.23572
11 59.23572
11 59.23568
11 59.19606
11 59.19608
11 59.19607
11 59.13942
11 59.13943
11 59.1394
11 59.30284
11 59.30282
11 59.30281
11 59.35954
11 59.35955
11 59.35953
11 59.37683
11 59.37681
11 59.1972
11 59.19973
11 59.19972
11 59.0563
11 59.0563
11 59.0563
11 59.0354
11 59.03538
11 59.03541
11 59.11795
11 59.11792
11 59.11792
11 58.94784
11 58.94785
11 58.9478
11 59.12738
11 59.12739
11 59.12737
11 59.22351
11 59.22351
11 59.22351
11 59.22647
11 59.22649
11 59.22647
11 82.48814
11 82.48814
11 82.48814
11 82.4955
11 82.49546
11 82.49546
11 44.31298
11 44.313
11 44.31298
11 44.15029
11 44.15028
11 44.15031
11 44.19987
11 44.19986
11 44.20073
11 44.20076
11 44.20075
11 44.20073
11 44.2164
11 44.2164
11 44.2164
11 44.14872
11 44.14872
11 44.14875
11 44.16797
11 44.16796
11 44.168
11 44.14467
11 44.1447
11 44.06717
11 44.05895
11 44.05896
11 44.05896
11 43.98315
11 43.9831
11 43.98313
11 43.93969
11 43.93973
11 43.89652
11 43.89653
11 43.89651
11 43.84713
11 43.84715
11 43.84714
11 43.79075
11 43.79074
11 43.79073
11 43.70897
11 43.70897
11 43.69573
11 43.67544
11 43.67545
11 43.67544
11 43.67545
11 43.67545
11 43.60931
11 43.60926
11 43.60929
11 43.60653
11 43.60651
11 43.60648
11 43.60651
11 43.60649
11 43.6065
11 43.60651
11 43.55972
11 43.55976
11 43.55973
11 43.52747
11 43.52748
11 43.52747
11 43.49672
11 43.49672
11 43.49672
11 43.50275
11 43.50274
11 43.49004
11 43.49659
11 43.49659
11 43.51632
11 43.51632
11 43.5163
11 43.48153
11 43.48153
11 43.48156
11 43.48489
11 43.4849
11 43.43812
11 43.43814
11 43.43813
11 43.43774
11 43.43775
11 43.43774
11 43.40355
11 43.40353
11 43.40355
11 43.38249
11 43.38248
11 43.38247
11 43.41594
11 43.41595
11 43.41595
11 43.40535
11 43.40536
11 43.408
11 43.408
11 43.40804
11 43.40394
11 43.40394
11 43.40397
11 43.41867
11 43.41869
11 43.41869
11 43.37189
11 43.37186
11 43.37186
11 43.33162
11 43.33159
11 43.34903
11 43.36632
11 43.36632
11 43.34474
11 43.34474
11 43.34471
11 43.37026
11 43.3703
11 43.37026
11 43.39867
11 43.39867
11 43.37318
11 43.3732
11 43.3732
11 43.36776
11 43.36777
11 43.36776
11 43.37105
11 43.37104
11 43.37106
11 43.32857
11 43.32861
11 43.3286
11 43.32439
11 43.32437
11 43.28482
11 43.2848
11 43.28479
11 43.27944
11 43.27943
11 43.27942
11 43.32773
11 43.32771
11 43.32774
11 43.31846
11 43.31847
11 43.31846
11 43.32557
11 43.32558
11 43.31377
11 43.31374
11 43.31376
11 43.3193
11 43.31931
11 43.31929
11 43.31399
11 43.31399
11 43.32897
11 43.32893
11 43.32896
11 43.35618
11 43.35618
11 43.35618
11 43.35152
11 43.35154
11 43.35152
11 43.33985
11 43.33984
11 43.33982
11 43.32991
11 43.32994
11 43.37415
11 43.37415
11 43.37416
11 43.35805
11 43.35807
11 43.35807
11 43.37617
11 43.37618
11 43.37619
11 43.43906
11 43.43904
11 43.43903
11 43.37465
11 43.37463
11 43.37464
11 43.47233
11 43.47231
11 43.48594
11 43.4859
11 43.48597
11 43.53289
11 43.53292
11 43.53293
11 43.5872
11 43.58719
11 43.58722
11 43.59345
11 43.59343
11 43.59346
11 43.71964
11 43.71968
11 43.71965
11 43.71534
11 43.71531
11 43.71534
11 43.71313
11 43.71314
11 43.71312
11 43.75682
11 43.75681
11 43.75683
11 43.71296
11 43.71291
11 43.71292
11 43.72161
11 43.72163
11 43.72161
11 43.72273
11 43.72273
11 43.72272
11 43.72382
11 43.72383
11 43.7347
11 43.7347
11 43.73471
11 43.74146
11 43.74149
11 43.74149
11 43.79049
11 43.79046
11 43.79047
11 43.8187
11 43.81867
11 43.76521
11 43.81931
11 43.81931
11 43.77858
11 43.77863
11 43.77863
11 43.83242
11 43.83244
11 43.83242
11 43.849
11 43.84898
11 43.80645
11 43.8064
11 43.80643
11 43.83988
11 43.84892
11 43.84893
11 43.82949
11 43.82951
11 43.82949
11 43.82737
11 43.82734
11 43.82732
11 43.81947
11 43.81949
11 43.81947
11 43.85502
11 43.85504
11 43.85502
11 43.86316
11 43.86313
11 43.86316
11 43.94035
11 43.94034
11 44.02879
11 44.02879
11 44.02877
11 44.1286
11 44.12861
11 44.12861
11 44.12963
11 44.12963
11 44.12961
11 44.16583
11 44.16583
11 44.16581
11 44.19474
11 44.19475
11 44.19473
11 44.27536
11 44.27535
11 44.27535
11 44.32148
11 44.32151
11 44.3215
11 44.32476
11 44.32473
11 44.32473
11 44.38469
11 44.38469
11 44.38468
11 44.42711
11 44.42711
11 44.4271
11 44.44624
11 44.44625
11 44.44623
11 44.44147
11 44.44147
11 44.4415
11 44.45052
11 44.45044
11 44.45049
11 44.50106
11 44.50107
11 44.52553
11 44.52552
11 44.52556
11 44.52555
11 44.62699
11 44.62699
11 44.62701
11 44.67779
11 44.6778
11 44.67781
11 44.74598
11 44.74596
11 44.74594
11 44.68089
11 44.68084
11 44.68087
11 44.69562
11 44.69563
11 44.6956
11 44.80475
11 44.80478
11 44.80474
11 44.85138
11 44.85134
11 44.85136
11 44.92795
11 44.92794
11 44.92798
11 44.90076
11 44.90078
11 44.90076
11 44.96484
11 44.96484
11 44.96484
11 45.04755
11 45.04757
11 45.04755
11 45.04044
11 45.04044
11 45.07978
11 45.06621
11 45.06618
11 45.12561
11 45.1256
11 45.12561
11 45.15722
11 45.15724
11 45.15724
11 45.21091
11 45.21092
11 45.21092
11 45.21663
11 45.21663
11 45.20491
11 45.2137
11 45.2137
11 45.17221
11 45.17221
11 45.17222
11 45.122
11 45.122
11 45.12199
11 45.10314
11 45.10312
11 45.10314
11 45.04874
11 45.04877
11 45.04875
11 45.15902
11 45.15901
11 45.18171
11 45.18172
11 45.18173
11 45.18209
11 45.1821
11 45.18208
11 45.16491
11 45.16488
11 45.1649
11 45.19295
11 45.19292
11 45.19292
11 45.19633
11 45.1963
11 45.19632
11 45.21869
11 45.21868
11 45.21867
11 45.27366
11 45.27365
11 45.27366
11 45.28697
11 45.28697
11 45.28697
11 45.28865
11 45.28865
11 45.28866
11 45.26981
11 45.26979
11 45.26981
11 45.27544
11 45.27544
11 45.27545
11 45.26534
11 45.26534
11 45.26009
11 45.26006
11 45.26009
11 45.30532
11 45.30531
11 45.30532
11 45.29911
11 45.29911
11 45.29913
11 45.2151
11 45.2151
11 45.2151
11 45.20752
11 45.20754
11 45.21854
11 45.21857
11 45.21855
11 45.25943
11 45.25942
11 45.25941
11 45.2496
11 45.24962
11 45.24962
11 45.25291
11 45.25291
11 45.25291
11 45.36047
11 45.3605
11 45.36048
11 45.34479
11 45.34481
11 45.41305
11 45.41306
11 45.41302
11 45.37388
11 45.37387
11 45.37389
11 45.39777
11 45.39779
11 45.39778
11 45.37177
11 45.37177
11 45.40882
11 45.40329
11 45.40325
11 45.41232
11 45.41233
11 45.41231
11 45.34624
11 45.34623
11 45.3627
11 45.36043
11 45.36044
11 45.33686
11 45.33684
11 45.33685
11 45.32367
11 45.32365
11 45.32367
11 45.31569
11 45.31569
11 45.31569
11 45.31603
11 45.31604
11 45.31604
11 45.36872
11 45.36872
11 45.36874
11 45.38627
11 45.38628
11 45.37712
11 45.37711
11 45.37713
11 45.32208
11 45.32207
11 45.32207
11 45.36412
11 45.36412
11 45.36408
11 45.38131
11 45.38129
11 45.38132
11 45.36884
11 45.36885
11 45.36885
11 45.36884
11 45.36885
11 45.35909
11 45.3591
11 45.3499
11 45.39912
11 45.39915
11 45.34127
11 45.34129
11 45.34127
11 45.35117
11 45.3512
11 45.35119
11 45.37407
11 45.37405
11 45.37407
11 45.3905
11 45.39048
11 45.39049
11 45.39314
11 45.39316
11 45.40718
11 45.40719
11 45.40715
11 45.43898
11 45.43896
11 45.439
11 45.42242
11 45.42241
11 45.42241
11 45.46149
11 45.46147
11 45.46474
11 45.45988
11 45.4599
11 45.46339
11 45.44623
11 45.44621
11 45.37743
11 45.37741
11 45.37742
11 45.39679
11 45.39679
11 22.07245
11 22.09077
11 22.09072
11 22.09073
11 22.11244
11 22.1125
11 22.08239
11 22.08495
11 22.08491
11 22.08493
11 22.10358
11 22.10352
11 22.1035
11 22.07631
11 22.0764
11 22.07637
11 22.0569
11 22.05685
11 22.05691
11 22.0298
11 22.02978
11 22.02982
11 60.52742
11 60.52744
11 60.52742
11 60.5274
11 60.52743
11 60.5274
11 60.52742
11 60.52742
11 60.52743
11 59.96815
11 59.96817
11 59.96818
11 59.92677
11 59.92676
11 59.92674
11 2.886765
11 2.886765
11 3.271716
11 3.148151
11 3.148027
11 3.148027
11 3.234827
11 3.234767
11 3.234827
11 3.490484
11 3.490371
11 3.490371
11 3.516025
11 3.516025
11 3.407892
11 3.407892
11 3.407777
11 3.407835
11 3.567931
11 3.567931
11 3.567986
11 2.57952
11 2.579216
11 2.579444
11 59.71297
11 59.71297
11 5.012665
11 5.012704
11 5.012665
11 4.983108
11 4.983069
11 4.982911
11 5.081954
11 5.09789
11 5.097929
11 5.097814
11 5.313343
11 5.313269
11 5.230308
11 5.230382
11 5.23042
11 5.168808
11 5.168808
11 5.168808
11 5.193691
11 5.193691
11 5.193578
11 5.194634
11 5.194446
11 5.194559
11 5.197047
11 5.197085
11 5.19701
11 5.229109
11 5.229033
11 5.228959
11 5.280789
11 5.280641
11 5.280827
11 5.226673
11 5.226523
11 5.226635
11 5.261943
11 5.261981
11 5.262018
11 5.347641
11 5.347677
11 5.347751
11 5.379426
11 5.379535
11 5.379608
11 5.386925
11 5.386852
11 5.386816
11 59.62848
11 59.62847
11 59.62847
11 59.6108
11 59.61078
11 59.61076
11 36.24874
11 36.24871
11 36.57899
11 36.57736
11 36.57746
11 36.57742
11 36.80636
11 36.80634
11 36.80634
11 36.83619
11 36.83603
11 36.83616
11 37.26023
11 37.26027
11 37.2921
11 37.29211
11 37.29211
11 37.55698
11 37.55692
11 37.5569
11 37.51588
11 37.51588
11 37.51591
11 7.732156
11 7.732232
11 7.732156
11 7.481495
11 7.481442
11 7.481416
11 7.511023
11 7.511023
11 7.510996
11 59.56945
11 59.56944
11 59.56944
11 59.56457
11 59.56458
11 59.56455
11 1.709491
11 1.709491
11 1.709377
11 1.54459
11 1.544337
11 1.54459
11 1.551165
11 1.551165
11 1.538497
11 1.538242
11 1.538242
11 1.418169
11 1.418031
11 1.418169
11 1.524441
11 1.524056
11 1.524312
11 1.634824
11 1.634944
11 1.588069
11 1.588192
11 1.588192
11 1.598876
11 1.599121
11 1.598999
11 1.612526
11 1.612526
11 1.514007
11 1.513878
11 1.514136
11 1.367306
11 1.367306
11 1.367306
11 1.505972
11 1.505972
11 1.505972
11 1.696852
11 1.696736
11 1.869697
11 1.869593
11 1.869593
11 1.917038
11 1.916936
11 1.91714
11 2.024971
11 2.024874
11 2.025067
11 1.958247
11 1.958147
11 1.958147
11 2.075752
11 2.075469
11 2.075563
11 2.03442
11 2.03442
11 2.034517
11 1.998412
11 1.998314
11 1.996942
11 1.99704
11 1.996746
11 1.993509
11 1.993411
11 1.993313
11 1.963437
11 1.963437
11 1.963338
11 2.110256
11 2.110163
11 2.110071
11 2.138448
11 2.138631
11 2.138631
11 2.135609
11 2.135517
11 2.002521
11 2.002716
11 2.002716
11 1.757583
11 1.757471
11 1.757583
11 1.757583
11 1.75736
11 1.75736
11 1.757471
11 1.689455
11 1.689686
11 1.689686
11 1.505972
11 1.505972
11 1.505972
11 1.64211
11 1.64211
11 1.641991
11 1.648414
11 1.648533
11 1.648414
11 1.596917
11 1.596794
11 1.605594
11 1.611434
11 1.610948
11 1.589793
11 1.589793
11 1.58967
11 1.592991
11 1.593113
11 1.592745
11 1.582143
11 1.582267
11 1.582267
11 1.491085
11 1.491085
11 1.491216
11 1.487932
11 1.487932
11 1.410282
11 1.407365
11 1.407504
11 1.417755
11 1.417893
11 1.417617
11 1.467271
11 1.467271
11 1.467271
11 1.452122
11 1.434223
11 1.434223
11 1.432585
11 1.502329
11 1.502329
11 1.502459
11 1.461525
11 1.461659
11 1.461391
11 1.432175
11 1.431765
11 1.431902
11 1.389171
11 1.389312
11 1.389171
11 1.419135
11 1.419411
11 1.419135
11 1.349732
11 1.349587
11 1.350022
11 1.350602
11 1.350602
11 1.394514
11 1.336327
11 1.336034
11 1.437902
11 1.437766
11 1.43763
11 1.442251
11 1.442251
11 1.442251
11 1.451178
11 1.450639
11 1.450909
11 1.454815
11 1.455084
11 1.455084
11 1.4941
11 1.493969
11 1.498286
11 1.498286
11 1.498024
11 1.56135
11 1.56135
11 1.561225
11 1.521228
11 1.521357
11 1.521228
11 1.542435
11 1.542562
11 1.49711
11 1.496979
11 1.49711
11 1.528159
11 1.528287
11 1.528287
11 1.592253
11 1.59213
11 1.57545
11 1.576691
11 1.576815
11 1.576939
11 1.600467
11 1.600589
11 1.610219
11 1.658002
11 1.658002
11 1.6876
11 1.687484
11 1.6876
11 1.692579
11 1.692695
11 1.692579
11 1.69616
11 1.696044
11 1.69616
11 1.704676
11 1.704676
11 1.679347
11 1.643539
11 1.64342
11 1.695006
11 1.695006
11 1.695237
11 1.741138
11 1.741025
11 1.74125
11 1.695698
11 1.695583
11 1.695467
11 1.727824
11 1.727711
11 1.727824
11 1.770231
11 1.770231
11 1.774427
11 1.777182
11 1.777182
11 1.798201
11 1.798092
11 1.798309
11 1.851289
11 1.851289
11 1.851289
11 1.889688
11 1.889895
11 1.889895
11 1.809916
11 1.809916
11 1.807969
11 1.927829
11 1.927626
11 1.927829
11 1.886371
11 1.886474
11 1.886578
11 1.937045
11 1.936944
11 1.937045
11 1.93472
11 1.934821
11 1.934619
11 2.027772
11 2.027868
11 2.027965
11 1.953244
11 1.953444
11 1.953244
11 1.976749
11 1.977046
11 1.976947
11 1.982483
11 1.982483
11 1.98268
11 1.857621
11 1.857727
11 1.857621
11 1.917549
11 1.917549
11 1.924476
11 1.924476
11 1.924273
11 1.953244
11 1.953244
11 1.953344
11 2.023134
11 2.023037
11 2.02323
11 1.967022
11 1.967122
11 1.978431
11 1.962041
11 1.961942
11 1.961443
11 1.955147
11 1.955147
11 1.972189
11 1.97209
11 1.972189
11 2.036728
11 2.036632
11 2.036536
11 2.098072
11 2.097885
11 2.097978
11 2.094804
11 2.094804
11 2.096112
11 2.096205
11 2.096112
11 2.085159
11 2.085159
11 2.085159
11 2.051854
11 2.051759
11 2.051854
11 1.804936
11 1.804936
11 1.952342
11 19.7751
11 19.77514
11 19.77716
11 19.77711
11 19.77716
11 19.60382
11 19.60367
11 19.60369
11 1.841113
11 1.841006
11 1.841006
11 1.789254
11 1.789145
11 1.789145
11 1.706856
11 1.706742
11 1.706742
11 1.656231
11 1.656113
11 1.633387
11 1.633387
11 1.633507
11 1.599855
11 1.599855
11 1.599488
11 1.586713
11 1.587083
11 1.587083
11 1.649838
11 1.649838
11 1.649719
11 1.655994
11 1.656113
11 1.656113
11 1.604984
11 1.604862
11 1.604619
11 1.59961
11 1.59961
11 1.599977
11 1.630869
11 1.630869
11 1.630869
11 1.561225
11 1.561601
11 1.571968
11 1.571843
11 1.571843
11 1.498024
11 1.497894
11 1.497763
11 1.47724
11 1.476975
11 1.477108
11 1.374301
11 1.374301
11 1.374158
11 1.258499
11 1.258499
11 1.258344
11 1.328691
11 1.328691
11 1.298298
11 1.297997
11 1.298298
11 1.339399
11 1.339545
11 1.339253
11 1.366876
11 1.367163
11 1.366733
11 1.274261
11 1.273954
11 1.273954
11 1.237488
11 1.237646
11 1.234004
11 1.240647
11 1.240647
11 1.314178
11 1.314625
11 1.314625
11 1.288615
11 1.288919
11 1.288919
11 1.277328
11 1.277635
11 1.277482
11 1.244741
11 1.244741
11 1.244584
11 1.21273
11 1.213053
11 1.21273
11 1.248195
11 1.248038
11 1.244584
11 1.25881
11 1.258966
11 1.24364
11 1.243483
11 1.243483
11 1.23733
11 1.23733
11 1.23733
11 1.209175
11 1.209337
11 1.209499
11 1.260053
11 1.260053
11 1.260209
11 1.231941
11 1.231782
11 18.25826
11 18.24609
11 18.24614
11 18.2618
11 18.24727
11 18.24734
11 18.24732
11 18.24236
11 18.24232
11 18.24239
11 18.27407
11 18.27408
11 18.27406
11 18.20894
11 18.20888
11 18.20898
11 18.00271
11 18.00273
11 18.00276
11 7.408938
11 7.408938
11 7.408833
11 11.07076
11 11.07075
11 11.10186
11 3.997382
11 3.997431
11 4.021462
11 4.021511
11 4.021511
11 3.913966
11 3.913966
11 3.896013
11 3.896013
11 3.896064
11 3.849394
11 3.838696
11 3.838543
11 3.838543
11 3.759267
11 3.759215
11 3.759267
11 3.539335
11 3.539335
11 3.442133
11 3.441906
11 3.441963
11 3.440825
11 3.440768
11 3.341347
11 3.316706
11 3.316647
11 3.17521
11 3.175148
11 3.175148
11 3.175087
11 2.948093
11 2.94796
11 2.926835
11 2.841245
11 2.841245
11 2.831998
11 2.832067
11 2.831928
11 2.823136
11 2.823067
11 2.822998
11 2.766545
11 2.766545
11 2.766545
11 2.70436
11 2.704216
11 2.704216
11 2.664548
11 2.664401
11 2.664621
11 2.683726
11 2.683726
11 2.683798
11 2.749369
11 2.74944
11 2.749369
11 2.647524
11 2.647598
11 2.647598
11 2.663739
11 2.663739
11 2.663593
11 2.620922
11 2.621072
11 2.620997
11 2.675471
11 2.675544
11 2.675544
11 2.686204
11 2.686131
11 2.686131
11 2.746448
11 2.746519
11 2.759957
11 2.721748
11 2.721892
11 2.743596
11 2.743524
11 2.743738
11 2.743596
11 2.806655
11 2.806725
11 2.806516
11 2.864232
11 2.8643
11 2.864164
11 2.871058
11 2.87099
11 2.87099
11 2.826393
11 2.826532
11 2.826463
11 2.84152
11 2.841383
11 2.841451
11 2.842347
11 2.842347
11 2.842416
11 2.826116
11 2.826116
11 2.772411
11 2.772411
11 2.772411
11 2.785372
11 2.785302
11 2.785372
11 2.785302
11 2.853482
11 2.853276
11 2.798833
11 2.841727
11 2.84152
11 2.811185
11 2.811115
11 2.811115
11 2.788322
11 2.788112
11 2.788322
11 2.780378
11 2.780519
11 2.781715
11 2.781715
11 2.781786
11 2.792742
11 2.792812
11 2.792812
11 2.828332
11 2.828401
11 2.828332
11 2.814873
11 2.814873
11 2.82937
11 2.850943
11 2.850874
11 2.873307
11 2.873512
11 2.873307
11 2.875214
11 2.875282
11 2.875146
11 2.875214
11 2.875282
11 2.875282
11 2.85307
11 2.85307
11 2.881607
11 2.844894
11 2.844619
11 2.839729
11 2.839729
11 2.839797
11 2.896919
11 2.896986
11 2.896851
11 2.901308
11 2.901308
11 2.854922
11 2.871876
11 2.872013
11 2.871944
11 2.830546
11 2.830477
11 2.830477
11 2.912688
11 2.912621
11 2.912621
11 2.924694
11 2.924493
11 2.924694
11 2.939515
11 2.939382
11 2.939448
11 2.941179
11 2.941313
11 2.941379
11 2.988127
11 2.988258
11 2.988127
11 2.982159
11 2.982225
11 2.982159
11 3.030282
11 3.030282
11 3.051655
11 3.065224
11 3.065097
11 3.065224
11 3.127375
11 3.127312
11 3.168235
11 3.164526
11 3.164587
11 3.158519
11 3.158457
11 3.158581
11 3.159883
11 3.159759
11 3.158643
11 3.158581
11 3.158705
11 3.136127
11 3.136064
11 3.136002
11 3.075299
11 3.075299
11 3.075299
11 2.999505
11 2.999505
11 2.999439
11 3.001984
11 3.001984
11 2.978481
11 2.955057
11 2.954991
11 2.915308
11 2.915375
11 2.915308
11 2.901308
11 2.901375
11 2.901308
11 2.853756
11 2.853825
11 2.866555
11 2.866623
11 2.866691
11 2.866623
11 2.805609
11 2.805678
11 2.805678
11 2.80533
11 2.805399
11 2.798203
11 2.798273
11 2.798064
11 2.814108
11 2.814108
11 2.814108
11 2.842347
11 2.842347
11 2.842485
11 2.842485
11 2.842485
11 2.842622
11 2.932247
11 2.93218
11 2.917926
11 2.917993
11 2.917926
11 2.912016
11 2.912016
11 2.912083
11 2.975522
11 2.97572
11 2.975522
11 2.944173
11 2.944106
11 2.94404
11 2.950814
11 2.950748
11 2.899958
11 2.899891
11 2.899958
11 2.900026
11 2.903062
11 2.903062
11 2.903197
11 2.940114
11 2.940181
11 2.940248
11 2.987996
11 2.987996
11 2.988062
11 3.048445
11 3.04851
11 3.048381
11 3.032671
11 3.032607
11 2.972494
11 2.972297
11 2.972429
11 2.925229
11 2.925229
11 2.92543
11 3.012399
11 3.012464
11 3.012464
11 2.93545
11 2.935317
11 2.935383
11 2.996632
11 2.996697
11 2.996762
11 2.992775
11 2.992775
11 3.05127
11 3.033188
11 3.033123
11 3.033188
11 3.015777
11 3.015712
11 3.015777
11 3.040279
11 3.040343
11 3.040343
11 3.036284
11 3.036284
11 2.99526
11 2.995194
11 2.995129
11 2.973943
11 2.97368
11 2.973811
11 2.990485
11 2.990485
11 2.990485
11 2.990157
11 2.990157
11 2.990026
11 3.001527
11 3.001592
11 3.001527
11 2.980386
11 2.980452
11 2.980386
11 2.939249
11 2.939315
11 2.939448
11 2.864642
11 2.86471
11 2.864779
11 2.895635
11 2.895702
11 2.895635
11 2.847301
11 2.847301
11 2.847232
11 2.967221
11 2.967221
11 2.967089
11 11.10668
11 11.1067
11 11.10667
11 61.97085
11 61.97087
11 61.97086
11 61.97085
11 61.97086
11 61.97085
11 61.97083
11 61.97086
11 9.690206
11 9.690206
11 9.690166
11 61.97085
11 61.97087
11 61.97084
11 61.97085
11 61.97086
11 61.97083
11 61.97085
11 61.97087
11 61.97085
11 61.97084
11 61.97084
11 61.97087
11 61.97087
11 61.97085
11 61.97084
11 61.97086
11 61.97086
11 61.97088
11 61.97081
11 20.58606
11 20.58614
11 20.58615
11 61.97085
11 61.97087
11 61.97085
11 61.97085
11 61.97086
11 61.97084
11 61.97087
11 61.97086
11 61.97086
11 61.97085
11 61.97087
11 61.97085
11 9.804055
11 9.804116
11 61.97085
11 61.97085
11 61.97086
11 63.07585
11 63.07586
11 63.07586
11 5.139155
11 5.139193
11 5.139231
11 28.02909
11 28.02905
11 28.02903
11 3.95671
11 3.956661
11 61.97086
11 61.97085
11 61.97084
11 61.97087
11 61.97086
11 61.97086
11 13.68092
11 13.68095
11 13.681
11 61.97085
11 61.97085
11 61.97085
11 6.24642
11 6.246451
11 6.246451
11 6.333078
11 6.332985
11 6.332892
11 6.419212
11 6.41909
11 6.41906
11 6.410165
11 6.410226
11 6.410134
11 6.304842
11 6.304904
11 6.30478
11 6.127719
11 6.127623
11 6.044032
11 5.971563
11 5.97153
11 5.97153
11 5.687616
11 5.687719
11 5.621728
11 5.560633
11 5.560421
11 5.546517
11 5.51068
11 5.510751
11 5.656552
11 5.65631
11 5.656379
11 5.740815
11 5.740883
11 5.740883
11 6.013467
11 6.013597
11 63.31373
11 63.31372
11 63.31375
11 63.30999
11 63.30998
11 63.31
11 63.29888
11 63.2989
11 63.2989
11 6.938931
11 6.938931
11 6.822024
11 6.822082
11 6.822052
11 6.728436
11 6.72829
11 6.728436
11 6.591659
11 6.591689
11 6.591599
11 6.467235
11 6.467326
11 6.467296
11 6.417166
11 6.417135
11 6.417074
11 6.423243
11 6.423274
11 6.431602
11 6.46869
11 6.468509
11 9.585193
11 9.585152
11 9.585173
11 3.44293
11 3.442873
11 3.442873
11 3.087623
11 3.08775
11 3.087623
11 3.357305
11 3.35713
11 3.538782
11 3.724048
11 3.724153
11 3.724048
11 10.5095
11 10.50951
11 10.5095
11 4.799426
11 4.799426
11 4.799467
11 2.075657
11 2.075469
11 2.075469
11 1.683537
11 1.683653
11 1.683653
11 1.605228
11 1.604984
11 1.60535
11 1.666009
11 1.665892
11 1.666126
11 1.698466
11 1.69812
11 1.698005
11 1.779383
11 1.779383
11 1.779053
11 1.863301
11 1.863196
11 1.753346
11 1.753346
11 1.75357
11 1.701344
11 1.701574
11 1.701459
11 1.601078
11 1.6012
11 1.601078
11 1.457905
11 1.457905
11 1.458174
11 1.394374
11 1.394233
11 1.4201
11 1.315666
11 1.315666
11 1.295884
11 1.295884
11 1.296186
11 1.890205
11 1.890205
11 1.890102
11 1.954947
11 1.954947
11 1.971594
11 1.971594
11 1.971693
11 1.971594
11 2.137532
11 2.137441
11 2.137349
11 2.273656
11 2.273828
11 2.338331
11 2.338331
11 2.338331
11 8.196662
11 8.196662
11 8.196711
11 61.97085
11 61.97084
11 5.4828
11 5.4828
11 5.482764
11 5.482728
11 5.478187
11 5.478044
11 5.478187
11 5.518924
11 5.518782
11 5.506803
11 5.581528
11 5.581528
11 5.581563
11 5.29091
11 5.290984
11 5.290947
11 4.85123
11 4.85127
11 4.85115
11 4.834726
11 4.834726
11 4.834726
11 4.974608
11 4.97453
11 5.019851
11 5.027262
11 5.027067
11 5.037423
11 5.063492
11 5.063376
11 4.933639
11 4.891847
11 4.891606
11 4.859865
11 4.859824
11 4.860066
11 4.741815
11 4.74198
11 4.741897
11 4.643128
11 4.643128
11 4.643044
11 4.748007
11 4.748049
11 4.806972
11 4.807053
11 4.807094
11 4.80689
11 63.31336
11 63.31335
11 63.31337
11 61.97086
11 61.97084
11 61.97085
11 61.97083
11 61.97086
11 61.97085
11 61.97084
11 10.57244
11 10.57244
11 10.57244
11 10.52151
11 10.52153
11 7.613344
11 7.571393
11 7.571316
11 7.571316
11 5.643163
11 5.643267
11 5.643197
11 5.571618
11 5.571794
11 5.571758
11 2.823552
11 2.823483
11 2.823483
11 6.820183
11 6.82004
11 6.674383
11 6.674383
11 6.6745
11 6.674442
11 6.611681
11 6.611651
11 6.611621
11 9.941942
11 9.941902
11 9.941942
11 9.907267
11 9.907307
11 9.907247
11 9.870119
11 9.87016
11 9.870139
11 3.453037
11 3.453037
11 3.453094
11 3.374348
11 3.374581
11 3.374464
11 2.657633
11 2.657707
11 2.657633
11 2.434858
11 2.434858
11 2.434858
11 2.122187
11 2.122279
11 9.78217
11 9.78211
11 9.78217
11 3.656074
11 3.656181
11 3.656127
11 1.637575
11 1.637336
11 1.637455
11 1.56748
11 1.567729
11 1.567604
11 1.899398
11 1.899398
11 1.899398
11 2.014311
11 2.014409
11 2.054333
11 2.054237
11 2.054237
11 2.162294
11 2.162203
11 2.162384
11 2.209746
11 2.209746
11 2.209834
11 2.192853
11 2.192942
11 2.192942
11 2.383349
11 2.383349
11 2.383349
11 2.430997
11 2.430997
11 2.430916
11 2.513727
11 2.513571
11 2.513649
11 2.548295
11 2.548142
11 2.548295
11 2.557802
11 2.557802
11 2.557878
11 2.557802
11 2.399636
11 2.399717
11 2.399799
11 2.207885
11 2.207885
11 2.207796
11 2.128724
11 2.128724
11 2.128816
11 1.96533
11 1.965231
11 1.921117
11 1.921117
11 1.921117
11 1.921117
11 1.717144
11 1.717258
11 1.717144
11 1.653866
11 1.653748
11 1.653866
11 1.587823
11 1.587823
11 1.587823
11 1.55658
11 1.55658
11 1.507401
11 1.491216
11 1.490954
11 1.491216
11 1.558841
11 1.558841
11 1.558841
11 1.552678
11 1.55293
11 1.497633
11 1.507271
11 1.507141
11 1.568603
11 1.568852
11 1.568728
11 1.740688
11 1.740463
11 1.740576
11 1.794387
11 1.794278
11 1.794387
11 1.935327
11 1.935428
11 1.935327
11 2.035671
11 2.035671
11 2.097512
11 2.097698
11 2.097698
11 2.115813
11 2.115721
11 2.115813
11 2.641751
11 2.641825
11 2.641677
11 63.20849
11 63.20849
11 63.20848
11 11.10489
11 11.10489
11 11.10489
11 18.24007
11 18.23988
11 18.23998
11 61.97086
11 61.97085
11 61.97085
11 61.97085
11 61.97086
11 61.97085
11 2.82168
11 10.57726
11 10.57723
11 10.54818
11 10.54813
11 10.54809
11 2.415488
11 2.415164
11 2.415327
11 2.400777
11 2.400696
11 2.400859
11 2.49591
11 2.495832
11 2.431158
11 2.431158
11 2.431077
11 2.51614
11 2.521657
11 2.515829
11 2.502254
11 2.502333
11 2.418242
11 2.417999
11 2.366785
11 2.350187
11 2.350187
11 2.35027
11 2.397351
11 2.397432
11 2.398657
11 2.398901
11 2.398738
11 2.448326
11 2.448166
11 2.448246
11 2.568188
11 2.568188
11 2.617185
11 2.617185
11 2.61726
11 2.598571
11 2.598496
11 2.598421
11 2.611345
11 2.61127
11 2.538984
11 2.539138
11 2.538984
11 2.43526
11 2.435421
11 2.422528
11 2.422447
11 2.422528
11 2.25594
11 2.256027
11 2.256113
11 2.221318
11 2.221494
11 1.959546
11 1.959446
11 1.959446
11 1.731784
11 1.731897
11 1.680512
11 1.680512
11 1.680395
11 1.66777
11 1.667887
11 1.668005
11 1.708117
11 1.707659
11 1.721356
11 1.72181
11 1.721697
11 1.969806
11 1.969806
11 1.969806
11 1.966027
11 1.966326
11 1.966226
11 1.890205
11 1.890516
11 1.862776
11 1.862776
11 1.862881
11 1.781801
11 1.781801
11 1.781911
11 1.582761
11 1.582638
11 1.582761
11 1.432585
11 1.432175
11 1.360706
11 1.236222
11 1.236222
11 1.182667
11 1.254606
11 1.254606
11 1.117501
11 1.117676
11 1.101806
11 1.101984
11 1.101806
11 1.099851
11 1.099317
11 1.099673
11 1.151481
11 1.151821
11 1.132633
11 1.132979
11 1.132979
11 1.134704
11 1.134704
11 1.134704
11 1.165836
11 1.166004
11 1.166004
11 1.255853
11 1.255853
11 1.255697
11 1.215309
11 1.21547
11 1.277788
11 1.277788
11 1.277788
11 1.344503
11 1.344503
11 1.344648
11 1.460721
11 1.460989
11 1.460453
11 1.545477
11 1.545477
11 1.54535
11 1.618099
11 1.618099
11 1.649007
11 1.649007
11 1.648889
11 1.794824
11 1.794714
11 1.83387
11 1.702609
11 1.702379
11 1.600711
11 1.600711
11 1.600833
11 1.800159
11 1.800267
11 1.702609
11 1.702609
11 1.702494
11 1.55066
11 1.550786
11 1.50818
11 1.50818
11 1.50818
11 1.680395
11 1.680395
11 1.800811
11 1.800811
11 1.800811
11 1.853297
11 1.853508
11 1.891861
11 1.891965
11 1.891965
11 1.996942
11 1.996746
11 1.996844
11 1.917242
11 1.91714
11 1.917344
11 2.090409
11 2.08994
11 2.090221
11 2.022843
11 2.022747
11 2.046314
11 2.046601
11 2.04641
11 2.071221
11 2.071126
11 2.06829
11 2.171777
11 2.171957
11 2.176997
11 2.176997
11 2.177088
11 2.177088
11 2.158308
11 2.15858
11 2.136433
11 2.136158
11 2.136342
11 2.204247
11 2.204159
11 2.081119
11 2.080931
11 2.081119
11 2.208062
11 2.208062
11 2.208062
11 2.243674
11 2.243586
11 2.293028
11 2.293028
11 2.293028
11 2.380308
11 2.380308
11 2.380226
11 2.295672
11 2.295502
11 2.285761
11 2.42172
11 2.421801
11 2.409566
11 2.409566
11 2.409729
11 2.562008
11 2.561778
11 2.561778
11 2.638118
11 2.638118
11 2.638118
11 2.730221
11 2.730078
11 2.753424
11 2.753353
11 2.753068
11 2.891508
11 2.89144
11 2.891373
11 2.860334
11 2.860334
11 2.860334
11 2.772341
11 2.772341
11 2.77227
11 2.848401
11 2.848332
11 2.848195
11 2.90151
11 2.901578
11 2.8302
11 2.830131
11 2.830062
11 2.792601
11 2.792812
11 2.792742
11 2.737811
11 2.737668
11 2.737739
11 2.773964
11 2.774035
11 2.719734
11 2.75655
11 2.75655
11 2.647598
11 2.647672
11 2.647672
11 2.550215
11 2.550292
11 2.550368
11 2.618307
11 2.618307
11 2.618307
11 2.66271
11 2.662784
11 2.666163
11 2.73101
11 2.730938
11 2.729791
11 2.729719
11 2.729648
11 2.743025
11 2.743025
11 2.890899
11 2.891034
11 2.891034
11 2.890966
11 2.890831
11 2.891034
11 2.890966
11 2.919267
11 2.919267
11 2.919334
11 2.958235
11 2.958235
11 2.980255
11 2.980255
11 2.917053
11 2.917053
11 2.917187
11 2.871808
11 2.871808
11 2.871876
11 2.819459
11 2.81932
11 2.819459
11 2.714907
11 2.714763
11 2.714907
11 2.698709
11 2.698491
11 2.698564
11 2.706676
11 2.70682
11 2.67452
11 2.674447
11 2.674447
11 2.670271
11 2.670345
11 2.698346
11 2.698201
11 2.698346
11 2.685549
11 2.685621
11 2.685621
11 2.730078
11 2.730006
11 2.805469
11 2.805539
11 2.805609
11 2.834623
11 2.834761
11 2.840693
11 2.840762
11 2.840831
11 2.77756
11 2.777772
11 2.777772
11 2.884052
11 2.883984
11 2.877732
11 2.877732
11 2.8778
11 2.994475
11 2.99454
11 2.99454
11 3.032413
11 3.032349
11 3.009669
11 3.009799
11 3.009799
11 3.095475
11 3.095349
11 3.063946
11 3.063946
11 3.063883
11 3.091995
11 3.091995
11 3.059023
11 3.12725
11 3.127312
11 3.237247
11 3.237126
11 3.237187
11 3.193837
11 3.193898
11 3.190894
11 3.239121
11 3.239001
11 3.115396
11 3.115333
11 3.115333
11 10.4196
11 10.95574
11 10.95574
11 10.95573
11 61.97086
11 61.97083
11 61.97083
11 61.97085
11 9.431005
11 9.430984
11 9.430923
11 61.97085
11 61.97085
11 61.97085
11 61.97085
11 61.97085
11 61.97085
11 61.97086
11 2.635222
11 2.635148
11 2.635148
11 2.782841
11 2.782911
11 2.782841
11 2.741954
11 2.742026
11 2.741812
11 2.771987
11 2.772058
11 2.779251
11 2.779181
11 2.779322
11 2.724049
11 2.724192
11 2.621072
11 2.621072
11 2.621072
11 2.587929
11 2.587853
11 2.587853
11 2.559715
11 2.559561
11 2.539216
11 2.539138
11 2.539061
11 2.541296
11 2.541219
11 2.541296
11 2.525225
11 2.52538
11 2.496695
11 2.496773
11 2.496695
11 2.454155
11 2.454155
11 2.454235
11 2.46323
11 2.46323
11 2.42608
11 2.426161
11 2.426242
11 2.432606
11 2.432365
11 2.432526
11 2.52057
11 2.52057
11 2.613967
11 2.613893
11 2.613893
11 2.786707
11 2.786777
11 2.786848
11 2.90596
11 2.90596
11 3.071859
11 3.071859
11 3.071859
11 3.141677
11 3.141615
11 3.141677
11 3.254557
11 3.254377
11 3.297881
11 3.297822
11 3.297941
11 3.309437
11 3.309378
11 3.362957
11 3.363074
11 3.362899
11 3.362258
11 3.3622
11 3.358704
11 3.343514
11 3.343632
11 3.376784
11 3.376726
11 3.3769
11 3.410132
11 3.410075
11 3.487453
11 3.487341
11 3.487341
11 3.539667
11 3.539778
11 3.539833
11 3.596735
11 3.596681
11 3.63475
11 3.634965
11 3.634858
11 3.761038
11 3.761038
11 3.760986
11 3.864877
11 3.864827
11 3.864928
11 3.90194
11 3.90194
11 3.92371
11 3.92371
11 3.92356
11 3.932185
11 3.932136
11 3.932136
11 3.906454
11 3.906454
11 3.906053
11 3.901588
11 3.901539
11 3.930791
11 3.930741
11 3.930741
11 3.87161
11 3.871711
11 3.871661
11 3.879644
11 3.879493
11 3.879644
11 3.871965
11 3.871965
11 3.869385
11 3.869334
11 3.869486
11 3.836808
11 3.836859
11 3.836655
11 3.6992
11 3.699253
11 3.56057
11 3.56057
11 3.56057
11 3.318063
11 3.318122
11 3.318063
11 3.159201
11 3.159325
11 3.159263
11 2.843862
11 2.843793
11 2.616886
11 2.616512
11 2.616811
11 2.427371
11 2.427371
11 2.42729
11 2.315283
11 2.315283
11 2.232568
11 2.232568
11 2.232743
11 2.134417
11 2.134417
11 2.036439
11 2.036343
11 2.036439
11 2.017127
11 2.017127
11 2.017224
11 1.949433
11 1.949433
11 1.953244
11 1.955847
11 1.955447
11 1.928438
11 1.928641
11 1.92854
11 1.894136
11 1.894342
11 1.741138
11 1.741138
11 1.741138
11 1.791659
11 1.79144
11 1.807428
11 1.807428
11 1.807428
11 1.806345
11 1.806453
11 1.806453
11 1.802548
11 1.802548
11 1.757471
11 1.757694
11 1.757583
11 1.721697
11 1.721583
11 1.72147
11 1.565981
11 1.566231
11 1.565981
11 1.494755
11 1.494755
11 1.417341
11 1.277175
11 1.277175
11 1.158765
11 1.158427
11 1.158427
11 1.023355
11 1.023355
11 1.023547
11 1.013363
11 1.012977
11 1.002492
11 1.002492
11 1.002492
11 0.9801866
11 0.9799869
11 0.9795874
11 0.9755841
11 0.9753835
11 0.9753835
11 0.9985801
11 0.9983841
11 1.161633
11 1.161801
11 1.161969
11 1.076473
11 1.076655
11 1.076837
11 1.04605
11 1.045863
11 1.045676
11 0.9242921
11 0.9249271
11 0.8289794
11 0.8289794
11 0.8287433
11 0.8400003
11 0.8397673
11 0.7540734
11 0.7540734
11 0.7543329
11 0.7646385
11 0.7651502
11 0.7643827
11 0.858434
11 0.858434
11 0.858434
11 0.8813781
11 0.8813781
11 0.8753631
11 0.8753631
11 0.8753631
11 0.9174925
11 0.9172792
11 0.930201
11 0.9304113
11 0.9306217
11 0.8554656
11 0.8554656
11 0.614212
11 0.6148488
11 0.6145305
11 0.5650989
11 0.4519747
11 0.4519747
11 0.1735894
11 0.1713202
11 0.1713202
11 0.07132626
11 0.0656106
11 0.1802258
11 0.2661444
11 0.2661444
11 0.3743001
11 0.3743001
11 0.3743001
11 0.6071628
11 0.6065179
11 0.6726035
11 0.8697567
11 0.8695317
11 0.96773
11 0.9679322
11 0.96773
11 1.081008
11 1.08137
11 1.184982
11 1.184651
11 1.184651
11 1.255542
11 1.255697
11 1.255542
11 1.303112
11 1.303112
11 1.37615
11 1.375724
11 1.375724
11 1.481473
11 1.481209
11 1.481077
11 1.567105
11 1.723174
11 1.723174
11 1.802657
11 1.802657
11 1.802657
11 1.905262
11 1.904851
11 1.905056
11 1.963736
11 1.963736
11 1.963836
11 2.036439
11 2.036343
11 2.061655
11 2.06156
11 2.06175
11 2.052426
11 2.052522
11 2.069803
11 2.085722
11 2.08591
11 2.129
11 2.113315
11 2.113407
11 2.11988
11 2.119972
11 2.119972
11 1.948228
11 1.948328
11 1.948328
11 1.771667
11 1.771557
11 1.771667
11 1.615558
11 1.615679
11 1.615558
11 1.454277
11 1.454277
11 1.322194
11 1.322046
11 1.322342
11 1.218846
11 1.219007
11 1.219007
11 1.20073
11 1.201056
11 1.203498
11 1.20366
11 1.203823
11 1.203498
11 1.33896
11 1.33896
11 1.374016
11 1.374016
11 1.374158
11 1.40667
11 1.406809
11 1.406392
11 1.487274
11 1.486879
11 1.498286
11 1.507011
11 1.507141
11 1.507141
11 1.518138
11 1.521228
11 1.521228
11 1.521357
11 1.537097
11 1.536842
11 1.536715
11 1.604619
11 1.604619
11 1.604619
11 1.668826
11 1.668709
11 1.668709
11 1.924578
11 1.924578
11 1.924578
11 2.360077
11 2.359994
11 2.359994
11 2.60459
11 2.604515
11 2.60459
11 2.831998
11 2.831998
11 2.832067
11 2.962798
11 2.96293
11 3.025433
11 3.030088
11 3.030088
11 3.225919
11 3.225676
11 3.225797
11 3.478403
11 3.478177
11 3.755567
11 3.755619
11 3.755515
11 4.038954
11 4.039051
11 4.038906
11 4.688763
11 4.688638
11 4.688638
11 5.206465
11 5.206389
11 5.206502
11 5.284017
11 5.284091
11 5.284017
11 5.218832
11 5.218794
11 4.59457
11 61.97086
11 61.97085
11 61.97083
11 61.97087
11 61.97087
11 61.97087
11 63.66795
11 63.66795
11 6.071507
11 5.43992
11 5.439813
11 5.20669
11 5.206577
11 5.20654
11 5.206615
11 4.481526
11 4.481658
11 4.481658
11 3.742405
11 3.742562
11 3.742352
11 3.74251
11 3.742352
11 2.342513
11 2.342596
11 2.342513
11 2.342513
11 1.501156
11 1.500896
11 0.9127884
11 0.9127884
11 0.9127884
11 0.9127884
11 10.00178
11 10.0018
11 10.00182
11 1.736636
11 1.736749
11 1.736636
11 1.736523
11 2.170605
11 2.170605
11 2.170605
11 2.312153
11 2.312153
11 2.312153
11 11.0188
11 11.01878
11 11.01873
11 2.975193
11 2.975193
11 3.096866
11 3.166072
11 3.166072
11 3.166134
11 3.466053
11 3.46611
11 3.466166
11 3.372433
11 3.455248
11 3.455191
11 3.455361
11 6.092297
11 6.09233
11 6.092297
11 6.222457
11 6.222583
11 6.22252
11 6.292328
11 6.292391
11 6.292391
11 6.30478
11 6.304718
11 6.304873
11 6.343009
11 6.342978
11 6.342947
11 4.120795
11 4.120748
11 4.120795
11 3.82454
11 3.824591
11 3.824591
11 3.652162
11 3.652108
11 3.652162
11 3.500398
11 3.500174
11 3.500286
11 3.613409
11 3.613463
11 3.672478
11 3.672425
11 3.672478
11 3.915917
11 3.915767
11 3.915817
11 4.008487
11 4.008487
11 3.98713
11 3.987081
11 3.987032
11 3.832467
11 3.832519
11 3.832417
11 3.757912
11 3.757808
11 3.757756
11 3.680946
11 3.681
11 3.681
11 3.634858
11 3.634642
11 3.532192
11 3.532136
11 3.532303
11 3.511344
11 3.511344
11 3.503529
11 3.503361
11 3.503417
11 3.503417
11 3.571441
11 3.571496
11 3.571496
11 3.761246
11 3.761142
11 3.820185
11 3.820134
11 3.820134
11 3.895762
11 3.895712
11 3.895762
11 4.02696
11 4.02696
11 4.02696
11 4.02696
11 4.154919
11 4.154919
11 4.154919
11 4.154872
11 4.154919
11 4.274801
11 4.274801
11 4.274801
11 4.298013
11 4.298013
11 4.298104
11 4.333682
11 4.333682
11 4.333637
11 4.333682
11 4.343568
11 4.343432
11 4.343478
11 4.374257
11 4.374212
11 4.374168
11 4.705029
11 4.704987
11 4.704945
11 4.704987
11 4.738095
11 4.738054
11 4.738013
11 4.629989
11 4.629947
11 4.629989
11 4.539025
11 4.539111
11 4.649747
11 4.649789
11 4.649789
11 4.872304
11 4.872425
11 4.872345
11 5.139803
11 5.139918
11 5.139841
11 5.46386
11 5.464003
11 5.65222
11 5.652289
11 5.652185
11 5.636873
11 5.636803
11 5.636769
11 12.22361
11 12.22361
11 12.22492
11 6.091718
11 6.091782
11 6.127687
11 6.127687
11 6.127655
11 6.146343
11 6.146407
11 6.146407
11 6.146407
11 6.146279
11 6.146343
11 6.146311
11 6.043319
11 6.043481
11 6.043448
11 6.012326
11 6.012359
11 6.012326
11 5.860365
11 5.860265
11 5.860332
11 5.844692
11 5.844658
11 5.816352
11 5.816386
11 5.816386
11 5.884531
11 5.884465
11 5.884531
11 5.884531
11 6.994707
11 6.994651
11 6.994678
11 7.006588
11 7.006615
11 12.47337
11 12.47334
11 12.47335
11 61.97085
11 61.97087
11 61.97083
11 61.97085
11 61.97087
11 61.97083
11 61.97084
11 61.97084
11 61.97084
11 11.17211
11 11.17209
11 11.17209
11 2.866623
11 2.866691
11 3.010579
11 3.010644
11 3.010709
11 3.073197
11 3.073133
11 3.073261
11 3.165454
11 3.16533
11 3.165392
11 3.464189
11 3.464246
11 3.68302
11 3.682967
11 3.683073
11 3.857423
11 3.857473
11 3.857524
11 3.998117
11 3.998117
11 3.998215
11 3.359054
11 3.359171
11 3.359113
11 10.20681
11 10.20681
11 10.20679
11 1.068262
11 1.067896
11 1.068262
11 0.7618184
11 0.7618184
11 0.7620752
11 0.5881739
11 0.5888388
11 0.5888388
11 0.4370072
11 0.4365593
11 0.4370072
11 0.4837596
11 0.4837596
11 0.4837596
11 0.4969283
11 0.4973219
11 0.4973219
11 0.6977351
11 0.6977351
11 0.7770769
11 0.8529457
11 0.8527163
11 0.9421154
11 0.9421154
11 0.9419076
11 1.240489
11 1.240489
11 1.240647
11 1.397878
11 1.398158
11 1.441029
11 1.481077
11 1.480813
11 1.513749
11 1.514007
11 1.513749
11 1.522643
11 1.522514
11 1.522771
11 1.514783
11 1.514783
11 1.514653
11 1.504542
11 1.504672
11 1.504542
11 1.460855
11 1.461123
11 1.461123
11 1.415269
11 1.415269
11 1.399836
11 1.399836
11 1.399976
11 1.277022
11 1.277022
11 1.277022
11 1.19239
11 1.192061
11 1.192226
11 1.090022
11 1.089842
11 1.013943
11 1.014136
11 1.014329
11 0.9974037
11 0.9907107
11 0.9909081
11 1.237804
11 1.237804
11 1.237804
11 1.554064
11 1.553938
11 1.553938
11 1.806886
11 1.806886
11 1.962839
11 1.962839
11 1.962739
11 2.092561
11 2.09228
11 2.092467
11 2.266845
11 2.266759
11 2.266759
11 2.518084
11 2.518084
11 2.691082
11 2.691155
11 2.691155
11 2.820917
11 2.820778
11 2.820917
11 2.88846
11 2.888596
11 2.944572
11 2.944771
11 2.944705
11 2.944638
11 2.890221
11 2.890221
11 2.890221
11 2.802258
11 2.802397
11 2.802188
11 2.740741
11 2.740669
11 2.682631
11 2.682485
11 2.682485
11 2.674447
11 2.6743
11 2.6743
11 2.674447
11 2.67225
11 2.67247
11 2.672396
11 2.667264
11 2.667191
11 2.667191
11 2.633216
11 2.63329
11 2.633142
11 2.732515
11 2.732515
11 2.732515
11 2.715556
11 2.715628
11 2.657339
11 2.657339
11 2.657412
11 2.657192
11 2.480098
11 2.480098
11 2.292345
11 2.292174
11 2.292259
11 2.067816
11 2.068006
11 2.067911
11 1.97566
11 1.975759
11 1.975759
11 1.864981
11 1.864981
11 1.799832
11 1.799941
11 1.799832
11 1.755577
11 1.755466
11 1.755577
11 1.697313
11 1.697428
11 1.697313
11 1.688064
11 1.68818
11 1.672574
11 1.672691
11 1.672808
11 1.672808
11 1.776962
11 1.776851
11 1.777072
11 1.879407
11 1.879303
11 1.997824
11 1.997824
11 1.997726
11 2.056903
11 2.056903
11 2.065828
11 2.076694
11 2.076694
11 2.096392
11 2.096485
11 2.096485
11 2.221935
11 2.222023
11 2.221935
11 2.313761
11 2.313676
11 2.313676
11 2.350187
11 2.350187
11 2.349104
11 2.3354
11 2.335232
11 2.355179
11 2.355179
11 2.355012
11 2.233444
11 2.233357
11 2.233444
11 2.219732
11 2.219644
11 2.152041
11 2.152041
11 2.152041
11 2.152041
11 2.096859
11 2.096952
11 2.148401
11 2.148401
11 2.148401
11 2.155404
11 2.155222
11 2.155313
11 2.155404
11 2.155404
11 2.155313
11 2.155404
11 2.155313
11 2.155495
11 2.155313
11 2.291491
11 2.291577
11 2.291405
11 2.291405
11 2.29132
11 2.291491
11 2.291577
11 2.291405
11 2.29132
11 2.243412
11 2.243325
11 2.243237
11 2.243412
11 2.191603
11 2.097139
11 2.097232
11 2.096952
11 1.884502
11 1.884398
11 1.884606
11 1.820267
11 1.820267
11 1.741138
11 1.74125
11 1.741363
11 1.667653
11 1.667653
11 1.667535
11 1.539768
11 1.539641
11 1.486484
11 1.47618
11 1.476313
11 1.476313
11 1.33662
11 1.33662
11 1.300557
11 1.166172
11 1.16634
11 1.166172
11 1.033819
11 1.03363
11 0.912574
11 0.912574
11 0.9127884
11 0.7465102
11 0.7465102
11 0.7467723
11 0.4714689
11 0.4710537
11 0.4706381
11 0.4044518
11 0.403483
11 0.403483
11 0.466462
11 0.4656223
11 0.4656223
11 0.4396856
11 0.4401304
11 0.4401304
11 0.4410186
11 0.4405747
11 0.4396856
11 0.309643
11 0.3090104
11 0.3083766
11 0.3499859
11 0.3488659
11 0.3146578
11 0.3140353
11 0.3146578
11 0.2907402
11 0.2900664
11 0.2887141
11 0.2272819
11 0.2255535
11 0.2264194
11 0.1802258
11 0.1802258
11 0.1791368
11 0.2940859
11 0.2934199
11 0.2934199
11 0.3779418
11 0.3769049
11 0.4261257
11 0.4265846
11 0.4261257
11 0.5082192
11 0.5089886
11 0.508604
11 0.605226
11 0.605226
11 0.6055493
11 0.90309
11 0.90309
11 1.041175
11 1.423678
11 1.423128
11 1.423403
11 1.703758
11 1.703758
11 1.963138
11 1.963138
11 1.963039
11 2.132766
11 2.132858
11 2.132766
11 2.165459
11 2.165279
11 2.033843
11 2.033747
11 2.033651
11 1.928844
11 1.733252
11 1.733252
11 1.675847
11 1.668709
11 1.668826
11 1.668826
11 1.645562
11 1.645681
11 1.645443
11 1.522643
11 1.522643
11 1.522386
11 1.514266
11 1.514136
11 1.514395
11 63.29822
11 63.29823
11 61.97085
11 61.97085
11 61.97083
11 8.191895
11 8.19199
11 8.191871
11 8.191918
11 5.324285
11 5.324248
11 5.324137
11 2.257848
11 2.257674
11 1.397738
11 1.397598
11 1.397598
11 1.397458
11 1.395636
11 1.395777
11 1.399137
11 1.399277
11 1.399277
11 1.334862
11 1.334715
11 1.334569
11 1.024693
11 1.024693
11 1.024693
11 0.9759852
11 0.9759852
11 0.8798226
11 0.8800449
11 0.8800449
11 0.8720036
11 0.8720036
11 0.9221727
11 0.9221727
11 0.9219604
11 0.9926839
11 0.9926839
11 0.9920924
11 1.018756
11 1.018756
11 1.012784
11 1.012977
11 1.012977
11 1.106768
11 1.107122
11 1.106945
11 1.15012
11 1.14995
11 1.271494
11 1.271648
11 1.271494
11 1.345812
11 1.346103
11 1.345666
11 1.405278
11 1.405138
11 1.520842
11 1.520971
11 1.521228
11 1.48464
11 1.485035
11 1.485035
11 1.390579
11 1.390861
11 1.390579
11 1.354941
11 1.354797
11 1.339691
11 1.329279
11 1.329279
11 1.314773
11 1.315071
11 1.314922
11 1.314922
11 1.315071
11 1.242381
11 1.242538
11 1.242853
11 1.244426
11 1.244269
11 1.244426
11 1.28527
11 1.28527
11 1.28527
11 1.351471
11 1.35176
11 1.351616
11 1.454949
11 1.455084
11 1.455084
11 1.527775
11 1.527903
11 1.570971
11 1.583874
11 1.583997
11 1.576319
11 1.57607
11 1.575822
11 1.494231
11 1.494231
11 1.494231
11 1.465803
11 1.46567
11 1.453873
11 1.453738
11 1.453604
11 1.324413
11 1.324117
11 1.324413
11 1.277175
11 1.277175
11 1.276869
11 1.428755
11 1.428755
11 1.428892
11 1.717144
11 1.716916
11 1.79733
11 1.79733
11 1.797221
11 1.92295
11 1.923052
11 1.923052
11 1.92295
11 1.923154
11 1.923052
11 1.923052
11 1.923154
11 4.997987
11 5.33289
11 5.332853
11 5.332853
11 63.08012
11 63.08009
11 63.08012
11 61.97085
11 61.97085
11 61.97086
11 57.47817
11 57.47815
11 61.97086
11 61.97083
11 61.97085
11 61.97085
11 61.97087
11 61.97087
11 10.63737
11 10.63734
11 10.63732
11 13.07003
11 13.06998
11 12.9952
11 12.99507
11 12.99513
11 12.90785
11 12.90788
11 12.90783
11 8.922533
11 8.922644
11 12.82669
11 12.82668
11 12.82665
11 12.82201
11 12.82212
11 12.82209
11 12.82206
11 12.73647
11 12.73647
11 12.73643
11 12.73637
11 12.72814
11 12.72813
11 12.72819
11 12.64972
11 12.64974
11 12.64979
11 12.64977
11 12.52231
11 12.52224
11 12.52227
11 10.95167
11 10.9517
11 10.95177
11 1.870221
11 1.870221
11 1.870325
11 1.710178
11 1.710292
11 1.710407
11 1.56398
11 1.56373
11 1.563855
11 1.339107
11 1.339253
11 1.339253
11 9.908001
11 9.907961
11 9.907961
11 1.410282
11 1.410282
11 1.410143
11 1.344794
11 1.344648
11 1.344794
11 1.344794
11 1.328838
11 1.328691
11 1.328543
11 1.319083
11 1.318934
11 1.319231
11 1.345666
11 1.345666
11 1.345521
11 1.345376
11 1.379843
11 1.379701
11 1.379559
11 1.394654
11 1.384939
11 1.385221
11 1.385221
11 1.2986
11 1.298901
11 1.2986
11 1.299503
11 1.299503
11 1.299353
11 1.282374
