13 14.41124 0
13 13.62366 0
13 13.62369 0
13 13.62363 0
13 13.62368 0
13 13.97891 0
13 13.97896 0
13 13.97887 0
13 13.97892 0
13 14.42334 0
13 14.42331 0
13 14.42339 0
13 14.69211 0
13 14.69223 0
13 14.69214 0
13 14.69218 0
13 15.14188 0
13 15.14184 0
13 15.14187 0
13 15.14193 0
13 15.63072 0
13 15.6307 0
13 15.63075 0
13 15.7286 0
13 15.89875 0
13 15.89878 0
13 15.89878 0
13 18.18228 0
13 18.18225 0
13 18.18216 0
13 18.18214 0
13 11.39081 0
13 11.39079 0
13 11.39077 0
13 11.39083 0
13 19.95134 0
13 19.95133 0
13 19.95131 0
13 19.95135 0
13 12.64422 0
13 12.64415 0
13 12.64426 0
13 12.64415 0
13 12.47512 0
13 12.47525 0
13 12.47511 0
13 2.845444 0
13 2.845169 0
13 2.845307 0
13 2.845238 0
13 2.681537 0
13 2.681537 0
13 2.681537 0
13 11.38332 0
13 11.38334 0
13 11.3834 0
13 11.38335 0
13 19.95132 0
13 19.95124 0
13 19.9513 0
13 19.95131 0
13 19.95136 0
13 19.95134 0
13 19.9514 0
13 19.95141 0
13 12.75515 0
13 12.75515 0
13 12.75512 0
13 12.7551 0
13 12.54266 0
13 12.54259 0
13 12.54267 0
13 12.54262 0
13 12.54267 0
13 12.10467 0
13 12.10464 0
13 12.1047 0
13 2.580354 0
13 2.580278 0
13 2.580354 0
13 2.580278 0
13 2.515284 0
13 2.515284 0
13 2.515206 0
13 2.448166 0
13 2.424224 0
13 2.424224 0
13 2.424062 0
13 2.374133 0
13 2.414192 0
13 2.414192 0
13 2.462118 0
13 2.462197 0
13 2.462197 0
13 2.543683 0
13 2.543529 0
13 2.543683 0
13 2.54376 0
13 2.61217 0
13 2.61217 0
13 2.61217 0
13 2.61217 0
13 2.716061 0
13 2.716205 0
13 2.716061 0
13 2.846476 0
13 2.846545 0
13 2.846545 0
13 2.846545 0
13 3.024009 0
13 3.024074 0
13 3.024139 0
13 3.024074 0
13 3.062796 0
13 3.062605 0
13 3.062668 0
13 3.062732 0
13 3.09402 0
13 3.09402 0
13 3.09402 0
13 3.046325 0
13 3.046325 0
13 3.046325 0
13 3.04639 0
13 2.973548 0
13 2.973482 0
13 2.973614 0
13 2.973548 0
13 2.939249 0
13 2.939182 0
13 2.939182 0
13 2.939049 0
13 2.992971 0
13 2.993037 0
13 2.992971 0
13 3.019539 0
13 3.027244 0
13 3.027179 0
13 3.027179 0
13 3.055822 0
13 3.055822 0
13 3.055886 0
13 3.055822 0
13 3.034543 0
13 3.034543 0
13 3.034672 0
13 3.034607 0
13 3.034027 0
13 3.034091 0
13 3.034091 0
13 3.088447 0
13 3.088511 0
13 3.088447 0
13 3.088511 0
13 3.131504 0
13 3.131504 0
13 3.131504 0
13 3.175888 0
13 3.193347 0
13 3.193224 0
13 3.193347 0
13 3.091235 0
13 3.091108 0
13 3.091108 0
13 3.091108 0
13 3.056334 0
13 3.05627 0
13 3.056206 0
13 3.056462 0
13 2.972758 0
13 2.972758 0
13 2.972692 0
13 2.972758 0
13 2.937383 0
13 2.937383 0
13 2.937383 0
13 2.93725 0
13 2.92456 0
13 2.924426 0
13 2.924426 0
13 2.91094 0
13 2.939182 0
13 2.939182 0
13 2.939115 0
13 2.888663 0
13 2.888799 0
13 2.888799 0
13 2.888866 0
13 2.841245 0
13 2.841245 0
13 2.841107 0
13 2.841107 0
13 2.807771 0
13 2.807631 0
13 24.49435 1
13 24.49433 1
13 24.45168 1
13 24.45172 1
13 24.45167 1
13 24.45173 1
13 24.39384 1
13 24.39384 1
13 24.3939 1
13 24.39387 1
13 24.35098 1
13 24.35099 1
13 24.35099 1
13 24.35103 1
13 24.29528 1
13 24.29529 1
13 24.29536 1
13 24.2953 1
13 24.28106 1
13 24.28109 1
13 24.28106 1
13 24.28105 1
13 24.19262 1
13 24.19262 1
13 24.19265 1
13 24.19263 1
13 13.42463 1
13 13.42459 1
13 13.42462 1
13 3.410706 1
13 3.410649 1
13 3.410649 1
13 3.410649 1
13 3.377422 1
13 3.377364 1
13 3.37748 1
13 3.377596 1
13 3.390613 1
13 3.390671 1
13 3.390613 1
13 3.390671 1
13 3.401336 1
13 3.401279 1
13 3.401452 1
13 3.527533 1
13 3.527588 1
13 3.527533 1
13 3.527588 1
13 3.647333 1
13 3.647333 1
13 3.64728 1
13 3.647387 1
13 3.709982 1
13 3.709982 1
13 3.709982 1
13 3.709877 1
13 3.719418 1
13 3.719575 1
13 3.719523 1
13 3.719575 1
13 3.717311 1
13 3.717258 1
13 3.717364 1
13 3.344041 1
13 3.3441 1
13 3.343924 1
13 3.343924 1
13 3.144854 1
13 3.144854 1
13 3.144916 1
13 3.144854 1
13 2.966693 1
13 2.966693 1
13 2.966759 1
13 2.966627 1
13 2.931379 1
13 2.931379 1
13 2.931312 1
13 2.931312 1
13 4.147135 1
13 4.14704 1
13 4.14704 1
13 4.08514 1
13 4.064041 1
13 4.064089 1
13 4.064041 1
13 4.064186 1
13 4.118608 1
13 4.118561 1
13 4.118466 1
13 4.118561 1
13 2.956978 1
13 2.957044 1
13 2.956779 1
13 2.956845 1
13 2.976048 1
13 2.975851 1
13 2.975851 1
13 2.982685 1
13 2.982619 1
13 2.982553 1
13 2.982685 1
13 3.013504 1
13 3.013569 1
13 3.013504 1
13 3.013374 1
13 3.012594 1
13 3.012594 1
13 3.012594 1
13 3.012464 1
13 3.045811 1
13 3.045811 1
13 3.045876 1
13 3.045876 1
13 3.026274 1
13 3.02621 1
13 3.026145 1
13 3.026145 1
13 2.999178 1
13 2.999374 1
13 2.999374 1
13 2.999178 1
13 2.985899 1
13 2.98603 1
13 2.985965 1
13 3.000418 1
13 3.000483 1
13 3.000483 1
13 3.000353 1
13 3.005959 1
13 3.005894 1
13 3.006154 1
13 3.006024 1
13 3.011554 1
13 3.011424 1
13 3.011424 1
13 3.011294 1
13 2.974601 1
13 2.974535 1
13 2.974667 1
13 2.974667 1
13 2.974667 1
13 2.974601 1
13 2.974535 1
13 2.974601 1
13 2.912621 1
13 2.912688 1
13 2.912755 1
13 2.912688 1
13 2.914368 1
13 2.914301 1
13 2.914233 1
13 2.914435 1
13 2.93785 1
13 2.937916 1
13 2.937916 1
13 2.93785 1
13 2.911747 1
13 2.911613 1
13 2.91168 1
13 2.868807 1
13 2.868807 1
13 2.868807 1
13 2.868807 1
13 2.866828 1
13 2.866896 1
13 2.866828 1
13 2.866828 1
13 2.87535 1
13 2.87535 1
13 2.875418 1
13 2.875282 1
13 2.88846 1
13 2.888663 1
13 2.888528 1
13 2.888596 1
13 2.916986 1
13 2.916986 1
13 2.917053 1
13 2.921211 1
13 2.921345 1
13 2.921412 1
13 2.921278 1
13 3.017529 1
13 3.017658 1
13 3.017658 1
13 3.017594 1
13 3.021159 1
13 3.021095 1
13 3.021159 1
13 3.02103 1
13 3.005242 1
13 3.005373 1
13 3.005242 1
13 3.005373 1
13 2.991401 1
13 2.991336 1
13 2.991336 1
13 2.970584 1
13 2.970716 1
13 2.970518 1
13 2.970584 1
13 2.93605 1
13 2.935983 1
13 2.93605 1
13 2.93605 1
13 2.882218 1
13 2.882286 1
13 2.882286 1
13 2.882218 1
13 2.848332 1
13 2.848332 1
13 2.848401 1
13 2.848401 1
13 2.8578 1
13 2.8578 1
13 2.8578 1
13 2.857732 1
13 2.871331 1
13 2.871399 1
13 2.871195 1
13 2.913965 1
13 2.913898 1
13 2.913898 1
13 2.913898 1
13 2.93605 1
13 2.935917 1
13 2.93585 1
13 2.935983 1
13 2.977035 1
13 2.977035 1
13 2.976903 1
13 2.976969 1
13 2.990092 1
13 2.990092 1
13 2.990092 1
13 2.966495 1
13 2.966363 1
13 2.966363 1
13 2.966429 1
13 2.946566 1
13 2.946698 1
13 2.946566 1
13 2.946632 1
13 2.962401 1
13 2.962401 1
13 2.962467 1
13 2.929442 1
13 2.929575 1
13 2.929575 1
13 2.929509 1
13 2.898473 1
13 2.898405 1
13 2.898608 1
13 2.898608 1
13 2.87501 1
13 2.875078 1
13 2.875146 1
13 2.875146 1
13 2.883984 1
13 16.99114 2
13 16.99111 2
13 16.97918 2
13 16.97906 2
13 16.9792 2
13 16.97913 2
13 16.94015 2
13 16.94018 2
13 16.94013 2
13 16.94013 2
13 16.91476 2
13 16.91479 2
13 16.91469 2
13 16.91483 2
13 16.9041 2
13 16.90398 2
13 16.90409 2
13 16.90405 2
13 16.90729 2
13 16.90722 2
13 16.90731 2
13 16.88798 2
13 16.72586 2
13 16.72583 2
13 16.72584 2
13 6.706598 2
13 6.706656 2
13 6.706656 2
13 6.706627 2
13 7.274458 2
13 7.27435 2
13 7.27435 2
13 7.274404 2
13 5.216015 2
13 5.216015 2
13 5.216053 2
13 5.215977 2
13 0.4168407 2
13 0.4173099 2
13 0.4168407 2
13 0.4173099 2
13 7.593599 2
13 7.593677 2
13 7.593677 2
13 7.593625 2
13 0.533025 2
13 0.5326577 2
13 0.533392 2
13 0.5326577 2
13 0.4219727 2
13 0.4224361 2
13 0.4219727 2
13 7.599154 2
13 7.599102 2
13 7.599024 2
13 7.599257 2
13 7.477875 2
13 7.477875 2
13 7.477927 2
13 7.477901 2
13 0.953881 2
13 0.9542912 2
13 0.9540861 2
13 0.9540861 2
13 1.011624 2
13 1.011817 2
13 1.011431 2
13 1.011431 2
13 1.059987 2
13 1.060171 2
13 1.060356 2
13 1.060171 2
13 1.154366 2
13 1.154536 2
13 1.154366 2
13 1.154197 2
13 1.166004 2
13 1.166004 2
13 1.166004 2
13 1.213053 2
13 1.078834 2
13 1.078834 2
13 1.078653 2
13 6.706539 2
13 6.706656 2
13 6.706569 2
13 6.706627 2
13 6.706598 2
13 6.706744 2
13 6.706539 2
13 6.706715 2
13 6.706598 2
13 6.706627 2
13 6.706598 2
13 6.706656 2
13 6.706598 2
13 0.9883377 2
13 0.9881397 2
13 0.9881397 2
13 0.9877436 2
13 0.920261 2
13 0.9198356 2
13 0.9200482 2
13 0.9200482 2
13 1.006971 2
13 1.007165 2
13 1.00736 2
13 0.957362 2
13 0.9687405 2
13 0.9691444 2
13 0.9691444 2
13 0.8604831 2
13 0.8604831 2
13 0.8607104 2
13 0.8609378 2
13 0.9253501 2
13 0.9249271 2
13 0.9251386 2
13 0.9249271 2
13 0.8731248 2
13 0.8731248 2
13 0.8731248 2
13 0.9512104 2
13 0.9514161 2
13 0.9514161 2
13 0.9516218 2
13 0.8724523 2
13 0.8724523 2
13 0.8729007 2
13 0.8724523 2
13 0.9628648 2
13 0.9628648 2
13 0.963068 2
13 0.8842595 2
13 0.8844808 2
13 0.884702 2
13 0.8842595 2
13 0.9997552 2
13 0.9993636 2
13 0.9993636 2
13 0.9995593 2
13 1.122045 2
13 1.122219 2
13 1.12187 2
13 1.121696 2
13 1.106945 2
13 1.106591 2
13 1.106945 2
13 1.106945 2
13 1.350312 2
13 1.350747 2
13 1.350747 2
13 1.332514 2
13 1.332367 2
13 1.332367 2
13 1.332367 2
13 1.173032 2
13 1.173198 2
13 1.173198 2
13 1.173365 2
13 1.221092 2
13 1.220932 2
13 1.221092 2
13 1.221092 2
13 1.358259 2
13 1.358259 2
13 1.358259 2
13 1.405556 2
13 1.405835 2
13 1.405696 2
13 1.405556 2
13 1.343483 2
13 1.343338 2
13 1.343338 2
13 1.343629 2
13 1.326037 2
13 1.325889 2
13 1.326037 2
13 1.326184 2
13 1.216918 2
13 1.217079 2
13 1.217079 2
13 1.234321 2
13 1.19714 2
13 1.197303 2
13 1.197466 2
13 1.093427 2
13 1.093069 2
13 1.093248 2
13 1.093427 2
13 1.134187 2
13 1.134187 2
13 1.134704 2
13 1.134532 2
13 1.473261 2
13 1.472862 2
13 1.472862 2
13 1.488589 2
13 1.522128 2
13 1.522257 2
13 1.522514 2
13 1.435314 2
13 1.435451 2
13 1.435451 2
13 1.435451 2
13 1.284052 2
13 1.283594 2
13 1.283747 2
13 1.283747 2
13 1.466204 2
13 1.466337 2
13 1.466471 2
13 1.466337 2
13 1.29679 2
13 1.296941 2
13 1.296941 2
13 1.342755 2
13 1.342609 2
13 1.342755 2
13 1.342609 2
13 1.228282 2
13 1.228601 2
13 1.228601 2
13 1.228442 2
13 1.25881 2
13 1.25881 2
13 1.258966 2
13 1.258655 2
13 1.155891 2
13 1.156229 2
13 1.155891 2
13 1.369879 2
13 1.370022 2
13 1.369594 2
13 1.369737 2
13 1.258344 2
13 1.258344 2
13 1.258344 2
13 1.258033 2
13 1.364727 2
13 1.36487 2
13 1.36487 2
13 1.357971 2
13 1.323378 2
13 1.323674 2
13 1.323674 2
13 1.373304 2
13 1.373161 2
13 1.373304 2
13 1.373304 2
13 1.369879 2
13 1.370022 2
13 1.370022 2
13 1.370022 2
13 1.246312 2
13 1.246155 2
13 1.246469 2
13 1.271955 2
13 1.444014 2
13 1.444014 2
13 1.444014 2
13 1.490166 2
13 1.490166 2
13 1.490034 2
13 1.490297 2
13 1.496979 2
13 1.496979 2
13 1.496848 2
13 1.496979 2
13 1.529823 2
13 1.529823 2
13 1.529823 2
13 1.624256 2
13 1.624135 2
13 1.624256 2
13 1.624015 2
13 1.622689 2
13 1.622689 2
13 1.622809 2
13 1.622809 2
13 7.533197 2
13 7.533144 2
13 7.533092 2
13 7.513374 2
13 7.513347 2
13 7.513295 2
13 7.513243 2
13 1.47419 2
13 1.47419 2
13 1.474323 2
13 1.474057 2
13 7.494755 2
13 7.494703 2
13 7.494755 2
13 1.571594 2
13 1.571594 2
13 1.571594 2
13 1.571345 2
13 1.427796 2
13 1.427933 2
13 1.427659 2
13 1.427659 2
13 1.34392 2
13 1.344066 2
13 1.343775 2
13 1.344066 2
13 1.305663 2
13 1.305513 2
13 1.305813 2
13 1.188444 2
13 1.18828 2
13 1.18828 2
13 18.77317 3
13 18.75643 3
13 18.75641 3
13 18.7564 3
13 18.7564 3
13 18.7366 3
13 18.73658 3
13 18.73663 3
13 18.73662 3
13 18.57862 3
13 18.57856 3
13 18.57862 3
13 18.55949 3
13 26.55522 3
13 26.5552 3
13 26.55515 3
13 18.35721 3
13 18.35723 3
13 18.35723 3
13 18.35732 3
13 26.15588 3
13 26.15586 3
13 26.15586 3
13 26.15593 3
13 1.284052 3
13 1.284356 3
13 1.283899 3
13 1.283899 3
13 7.195547 3
13 7.195466 3
13 7.195493 3
13 0.9383693 3
13 0.9387863 3
13 0.9385778 3
13 0.9381608 3
13 0.8978747 3
13 0.8976567 3
13 0.8978747 3
13 0.8978747 3
13 0.7338206 3
13 0.7338206 3
13 0.7338206 3
13 0.7338206 3
13 7.371103 3
13 7.371076 3
13 7.371076 3
13 1.271648 3
13 1.271955 3
13 1.271801 3
13 1.271801 3
13 1.271955 3
13 1.258344 3
13 1.258499 3
13 1.258344 3
13 1.258344 3
13 0.343781 3
13 0.3449174 3
13 0.3426407 3
13 0.3426407 3
13 1.13832 3
13 1.13832 3
13 1.138492 3
13 7.520448 3
13 7.520292 3
13 7.520344 3
13 7.52037 3
13 0.7033216 3
13 0.7030433 3
13 0.7033216 3
13 0.7033216 3
13 26.15581 3
13 26.15592 3
13 26.15584 3
13 26.15594 3
13 26.15586 3
13 26.15581 3
13 26.15582 3
13 26.15589 3
13 12.31847 3
13 12.3184 3
13 12.31837 3
13 7.350738 3
13 7.350738 3
13 7.350818 3
13 7.350765 3
13 16.60713 3
13 16.60701 3
13 16.60701 3
13 16.60709 3
13 0.4673002 3
13 0.4673002 3
13 0.4668813 3
13 8.288871 3
13 8.288777 3
13 8.288777 3
13 8.288754 3
13 1.122742 3
13 1.122568 3
13 1.122219 3
13 1.122045 3
13 8.016529 3
13 8.016554 3
13 8.016529 3
13 8.016554 3
13 7.913436 3
13 7.913486 3
13 7.913411 3
13 7.913411 3
13 0.4173099 3
13 0.4177785 3
13 0.4177785 3
13 0.4877876 3
13 0.4869847 3
13 0.4869847 3
13 0.4877876 3
13 0.707759 3
13 0.707759 3
13 0.7080355 3
13 0.7083117 3
13 7.657808 3
13 7.657783 3
13 7.657757 3
13 7.657783 3
13 0.7311491 3
13 0.7311491 3
13 0.7311491 3
13 0.7306137 3
13 0.7566639 3
13 0.7564052 3
13 0.7571809 3
13 0.7566639 3
13 0.7438844 3
13 0.7441474 3
13 0.7444103 3
13 0.7441474 3
13 7.771552 3
13 7.771527 3
13 7.771501 3
13 0.8197219 3
13 0.8201992 3
13 0.8199606 3
13 0.8197219 3
13 0.6711472 3
13 0.6702721 3
13 0.6711472 3
13 0.6708556 3
13 0.6513204 3
13 0.6513204 3
13 0.6516207 3
13 0.651921 3
13 0.7063754 3
13 0.7060983 3
13 0.7066523 3
13 0.7063754 3
13 0.5612772 3
13 0.5619739 3
13 0.5616257 3
13 0.5464389 3
13 0.5682068 3
13 0.5688952 3
13 0.5682068 3
13 0.598725 3
13 0.5990517 3
13 0.5997046 3
13 0.5990517 3
13 0.4592754 3
13 0.4597013 3
13 0.4597013 3
13 0.4588492 3
13 0.5395923 3
13 0.5395923 3
13 0.5399548 3
13 0.5395923 3
13 0.7671934 3
13 0.7666831 3
13 0.7669383 3
13 0.7669383 3
13 0.8970026 3
13 0.8972207 3
13 0.8972207 3
13 0.8972207 3
13 0.4731261 3
13 0.4731261 3
13 0.4739525 3
13 0.4735395 3
13 0.5128186 3
13 0.5124369 3
13 0.5128186 3
13 0.6489125 3
13 0.7478197 3
13 0.747558 3
13 0.7478197 3
13 0.7917944 3
13 0.7922885 3
13 0.7920414 3
13 0.7920414 3
13 0.8891146 3
13 0.8893346 3
13 0.8891146 3
13 0.8891146 3
13 0.899834 3
13 0.8991814 3
13 0.899834 3
13 0.9608305 3
13 0.9608305 3
13 0.9608305 3
13 0.9606267 3
13 0.8464977 3
13 0.8467289 3
13 0.8467289 3
13 0.8464977 3
13 0.6711472 3
13 0.6711472 3
13 0.6708556 3
13 0.6708556 3
13 0.4693892 3
13 0.4689721 3
13 0.4693892 3
13 0.3146578 3
13 0.2954137 3
13 0.2954137 3
13 0.2954137 3
13 0.2398483 3
13 0.2859903 3
13 0.2853053 3
13 0.2846186 3
13 0.3368816 3
13 0.3368816 3
13 0.3363003 3
13 0.3368816 3
13 0.3896677 3
13 0.3896677 3
13 0.3901695 3
13 0.3891652 3
13 0.4130683 3
13 0.4135417 3
13 0.4130683 3
13 0.4656223 3
13 0.4792896 3
13 0.4796977 3
13 0.4809199 3
13 0.513962 3
13 0.513962 3
13 0.513962 3
13 0.4735395 3
13 0.4731261 3
13 0.4731261 3
13 0.4731261 3
13 0.5359538 3
13 0.5352231 3
13 0.5352231 3
13 0.5348573 3
13 0.4869847 3
13 0.4877876 3
13 0.4873863 3
13 7.775491 3
13 7.775491 3
13 7.775541 3
13 7.775491 3
13 7.775541 3
13 7.796917 3
13 7.796917 3
13 7.796917 3
13 7.796917 3
13 0.6587883 3
13 0.659382 3
13 0.659382 3
13 0.3881583 3
13 0.3886621 3
13 0.3886621 3
13 0.3881583 3
13 0.6296288 3
13 0.6293179 3
13 0.629007 3
13 0.6283845 3
13 0.5385033 3
13 0.5377761 3
13 0.5385033 3
13 0.5381398 3
13 0.659382 3
13 0.6596788 3
13 0.6599753 3
13 0.6602717 3
13 7.617184 3
13 7.617157 3
13 7.617157 3
13 0.6110179 3
13 0.6103771 3
13 0.6110179 3
13 0.6116581 3
13 0.393167 3
13 0.392669 3
13 0.3941611 3
13 0.3936644 3
13 0.5028 3
13 0.5020211 3
13 0.5024107 3
13 0.5028 3
13 7.775364 3
13 7.77539 3
13 7.775364 3
13 7.775364 3
13 0.6832828 3
13 0.6829963 3
13 0.6832828 3
13 0.6829963 3
13 7.753828 3
13 7.753879 3
13 7.753954 3
13 7.753929 3
13 7.746205 3
13 7.746205 3
13 7.746154 3
13 0.3769049 3
13 0.3763854 3
13 0.3774237 3
13 0.3763854 3
13 0.53008 3
13 0.530449 3
13 0.53008 3
13 0.530449 3
13 7.854905 3
13 7.855004 3
13 7.854905 3
13 7.855004 3
13 0.382573 3
13 0.3841043 3
13 0.3830841 3
13 0.3835945 3
13 0.1701742 3
13 0.1701742 3
13 0.1690205 3
13 0.1690205 3
13 0.2315465 3
13 0.2298502 3
13 0.2298502 3
13 0.2281412 3
13 0.4792896 3
13 0.4788812 3
13 0.4796977 3
13 0.276953 3
13 0.2776587 3
13 0.2776587 3
13 0.2783625 3
13 7.847954 3
13 7.848004 3
13 7.847905 3
13 7.847905 3
13 7.814117 3
13 7.814117 3
13 7.814117 3
13 7.814192 3
13 0.360452 3
13 0.3609945 3
13 0.3609945 3
13 0.3609945 3
13 0.5192646 3
13 0.5192646 3
13 0.5203939 3
13 0.6373509 3
13 0.6370438 3
13 0.6376578 3
13 0.6376578 3
13 0.5286014 3
13 0.5278606 3
13 0.5278606 3
13 0.5286014 3
13 0.3636945 3
13 27.20272 4
13 27.20278 4
13 27.20276 4
13 27.13095 4
13 27.13093 4
13 27.13091 4
13 27.13093 4
13 27.06679 4
13 27.06679 4
13 27.06677 4
13 27.06678 4
13 27.14661 4
13 27.14665 4
13 27.14657 4
13 21.70428 4
13 21.70436 4
13 21.70434 4
13 21.70433 4
13 21.7044 4
13 21.8243 4
13 21.82436 4
13 21.82438 4
13 21.82428 4
13 21.13524 4
13 21.13523 4
13 21.13528 4
13 21.13518 4
13 21.1352 4
13 21.13508 4
13 21.13512 4
13 2.696169 4
13 2.696169 4
13 2.696096 4
13 2.613893 4
13 2.613967 4
13 2.613967 4
13 2.614042 4
13 2.613893 4
13 2.584144 4
13 2.584144 4
13 2.584069 4
13 2.58422 4
13 2.472351 4
13 2.472114 4
13 2.472351 4
13 2.472193 4
13 2.349187 4
13 2.349437 4
13 2.349354 4
13 2.349354 4
13 2.153133 4
13 2.152951 4
13 2.153133 4
13 2.153133 4
13 2.153314 4
13 1.87043 4
13 1.870325 4
13 1.87043 4
13 1.870535 4
13 0.5341251 4
13 0.5341251 4
13 0.5341251 4
13 0.453703 4
13 0.4601268 4
13 0.4592754 4
13 0.4601268 4
13 0.3538778 4
13 0.354982 4
13 0.3533245 4
13 0.3538778 4
13 0.3669084 4
13 0.3674413 4
13 0.3663747 4
13 0.3658403 4
13 0.234068 4
13 0.235734 4
13 0.2349025 4
13 0.1769387 4
13 0.08846933 4
13 0.09065409 4
13 0.09065409 4
13 0 4
13 0.09691329 4
13 0.09891172 4
13 0.09278741 4
13 0.191797 4
13 0.1897456 4
13 0.1907741 4
13 0.191797 4
13 0.2158 4
13 0.2167048 4
13 0.2176059 4
13 0.2373883 4
13 0.2373883 4
13 0.2373883 4
13 0.2373883 4
13 0.5143426 4
13 0.5135812 4
13 0.5132 4
13 0.5132 4
13 0.6045791 4
13 0.6042554 4
13 0.6042554 4
13 0.6647022 4
13 0.6644077 4
13 0.6647022 4
13 0.6647022 4
13 0.758472 4
13 0.7582139 4
13 0.758472 4
13 0.7582139 4
13 0.8577499 4
13 0.8577499 4
13 0.857978 4
13 0.8577499 4
13 0.7967216 4
13 0.7962303 4
13 0.7969672 4
13 0.7967216 4
13 0.8906538 4
13 0.8906538 4
13 0.8908735 4
13 0.8906538 4
13 0.932722 4
13 0.932722 4
13 0.9325122 4
13 0.9383693 4
13 0.9381608 4
13 0.9383693 4
13 0.9383693 4
13 0.8715547 4
13 0.8717791 4
13 0.8720036 4
13 0.8717791 4
13 0.858434 4
13 0.8588898 4
13 0.858434 4
13 0.858206 4
13 0.9377435 4
13 0.9379522 4
13 0.9381608 4
13 0.9721684 4
13 1.031545 4
13 1.031735 4
13 1.031355 4
13 1.065327 4
13 1.06496 4
13 1.06496 4
13 1.06496 4
13 3.416499 4
13 3.416384 4
13 3.416442 4
13 21.13523 4
13 21.13514 4
13 21.13519 4
13 21.13514 4
13 21.13516 4
13 21.13515 4
13 21.1353 4
13 21.13514 4
13 21.13523 4
13 21.13513 4
13 21.13517 4
13 21.13519 4
13 2.891576 4
13 2.891373 4
13 2.891508 4
13 2.891373 4
13 3.164587 4
13 3.164587 4
13 3.164587 4
13 3.164526 4
13 3.326019 4
13 3.325902 4
13 3.32596 4
13 3.377132 4
13 3.377016 4
13 3.377074 4
13 3.377132 4
13 3.456494 4
13 3.456551 4
13 3.456494 4
13 3.456437 4
13 3.390555 4
13 3.390728 4
13 3.390671 4
13 3.390671 4
13 3.412428 4
13 3.4126 4
13 3.41237 4
13 3.243531 4
13 3.243591 4
13 3.243591 4
13 3.243712 4
13 3.33049 4
13 3.330549 4
13 3.330372 4
13 3.330549 4
13 3.363248 4
13 3.363248 4
13 3.36319 4
13 3.36319 4
13 3.221728 4
13 3.22185 4
13 3.22185 4
13 3.221971 4
13 3.263568 4
13 3.263808 4
13 3.263568 4
13 3.263628 4
13 3.151197 4
13 3.151073 4
13 3.151197 4
13 3.151073 4
13 2.958169 4
13 2.958103 4
13 2.958036 4
13 2.854785 4
13 2.854853 4
13 2.854785 4
13 2.854785 4
13 2.709856 4
13 2.709856 4
13 2.709784 4
13 2.709711 4
13 2.620026 4
13 2.6201 4
13 2.619876 4
13 2.619876 4
13 2.442724 4
13 2.442563 4
13 2.442724 4
13 2.442724 4
13 2.385565 4
13 2.385729 4
13 2.385729 4
13 2.385565 4
13 2.584826 4
13 2.58475 4
13 2.584826 4
13 2.584977 4
13 2.730078 4
13 2.730006 4
13 2.73015 4
13 2.730006 4
13 2.761233 4
13 2.761162 4
13 2.761233 4
13 2.866282 4
13 2.86635 4
13 2.866282 4
13 2.866213 4
13 2.931312 4
13 2.931179 4
13 2.931312 4
13 2.931179 4
13 2.930845 4
13 2.930845 4
13 2.930912 4
13 2.930912 4
13 3.021159 4
13 3.052296 4
13 3.052296 4
13 3.052296 4
13 3.089652 4
13 3.089715 4
13 3.089652 4
13 3.089778 4
13 3.155108 4
13 3.155108 4
13 3.155108 4
13 3.155108 4
13 3.078798 4
13 3.078861 4
13 3.078798 4
13 3.037509 4
13 3.037251 4
13 3.037316 4
13 3.03738 4
13 3.022585 4
13 3.022326 4
13 3.02239 4
13 3.02239 4
13 2.97256 4
13 2.972692 4
13 2.972692 4
13 2.972692 4
13 2.930778 4
13 2.930778 4
13 2.930845 4
13 2.86136 4
13 2.789515 4
13 2.789305 4
13 2.789515 4
13 2.767252 4
13 2.767181 4
13 2.625697 4
13 2.625847 4
13 2.51287 4
13 2.512948 4
13 2.513026 4
13 2.51287 4
13 2.478519 4
13 2.478519 4
13 2.478519 4
13 2.47844 4
13 2.356342 4
13 2.356508 4
13 2.356342 4
13 2.356425 4
13 2.319506 4
13 2.319675 4
13 2.319675 4
13 2.319506 4
13 2.319675 4
13 2.319675 4
13 2.45232 4
13 2.4524 4
13 2.45248 4
13 2.45248 4
13 2.491201 4
13 2.491043 4
13 2.491122 4
13 2.439837 4
13 2.439917 4
13 2.439998 4
13 2.439998 4
13 2.443124 4
13 2.443124 4
13 2.443204 4
13 2.443284 4
13 2.487348 4
13 2.487348 4
13 2.487269 4
13 2.487348 4
13 2.495832 4
13 2.495832 4
13 2.49591 4
13 2.495754 4
13 2.510922 4
13 2.510844 4
13 2.510766 4
13 2.510844 4
13 2.603012 4
13 2.603087 4
13 2.602937 4
13 2.590499 4
13 2.642862 4
13 2.642788 4
13 2.642936 4
13 2.64671 4
13 2.646562 4
13 2.646858 4
13 2.64671 4
13 2.593746 4
13 2.59367 4
13 2.593595 4
13 2.593821 4
13 2.501316 4
13 2.501237 4
13 2.501316 4
13 2.501316 4
13 2.389746 4
13 2.389828 4
13 2.389828 4
13 2.389828 4
13 2.31579 4
13 2.315706 4
13 2.315706 4
13 2.315706 4
13 2.329946 4
13 2.33003 4
13 2.33003 4
13 2.334981 4
13 2.272278 4
13 2.272192 4
13 2.272278 4
13 2.264513 4
13 2.187043 4
13 2.187133 4
13 2.186954 4
13 2.035767 4
