1 27.94911
1 27.9491
1 27.94918
1 27.73123
1 27.7313
1 27.66801
1 27.66796
1 27.668
1 27.60151
1 27.60144
1 27.71435
1 27.71439
1 27.71438
1 27.96381
1 27.99268
1 28.09252
1 28.09235
1 28.09255
1 28.166
1 28.16593
1 28.09148
1 28.09159
1 28.04162
1 31.10799
1 31.10799
1 28.51067
1 28.5107
1 28.51067
1 28.5107
1 28.5107
1 28.5107
1 28.51067
1 21.67858
1 21.67857
1 14.50008
1 14.50004
1 14.50008
1 14.57065
1 14.57069
1 14.32636
1 14.32638
1 28.51068
1 28.51065
1 21.59947
1 21.59943
1 21.59942
1 23.8923
1 23.89236
1 28.51069
1 28.51068
1 28.51067
1 28.51068
1 28.51071
1 25.26206
1 25.26202
1 28.51069
1 28.51064
1 28.51066
1 28.51067
1 28.51076
1 28.5107
1 28.51071
1 13.83457
1 13.83453
1 13.83448
1 13.83447
1 13.83457
1 13.99936
1 14.15926
1 14.15932
1 14.32
1 14.32009
1 14.32001
1 14.46935
1 14.46933
1 11.56068
1 11.56069
1 14.39237
1 14.39235
1 12.7796
1 12.77966
1 12.82252
1 12.82249
1 12.82254
1 12.88388
1 12.88378
1 12.86649
1 12.86647
1 12.75915
1 12.75922
1 12.75919
1 12.61685
1 12.61704
1 12.42115
1 12.42113
1 12.42104
1 12.42124
1 12.29206
1 12.29215
1 28.51074
1 28.51072
1 28.5106
1 12.38182
1 12.38177
1 12.21521
1 12.21529
1 12.06003
1 12.06006
1 11.93349
1 11.93355
1 11.9335
1 11.87426
1 11.80994
1 11.80994
1 11.80986
1 11.80996
1 11.84447
1 11.84448
1 11.94314
1 11.94314
1 12.00943
1 12.00943
1 11.96362
1 11.96365
1 11.87398
1 11.87406
1 11.77688
1 11.77677
1 11.77677
1 11.65658
1 11.65667
1 11.57701
1 11.57697
1 11.52015
1 11.52022
1 11.68172
1 11.68179
1 11.68181
1 11.68174
1 11.68179
1 12.24126
1 12.24129
1 12.24136
1 12.24126
1 12.24126
1 12.2163
1 12.2163
1 12.21634
1 12.21637
1 12.2164
1 12.12073
1 12.12065
1 12.08478
1 12.08467
1 12.08348
1 12.08346
1 12.08351
1 12.08346
1 12.08346
1 12.07189
1 12.07184
1 12.07187
1 12.07189
1 12.0847
1 12.08472
1 12.05942
1 12.05942
1 12.05934
1 12.07204
1 12.07194
1 12.0085
1 12.00865
1 11.9655
1 11.96533
1 11.91921
1 11.91911
1 11.91912
1 11.93056
1 11.93051
1 11.93674
1 11.93669
1 11.93786
1 11.93778
1 11.9377
1 11.93908
1 11.93908
1 11.94233
1 11.94248
1 11.94232
1 11.90567
1 11.90559
1 11.85568
1 11.85566
1 28.51067
1 28.51069
1 28.51065
1 28.51065
1 28.5107
1 28.51067
1 28.51068
1 12.00669
1 12.00666
1 6.873665
1 6.873637
1 6.929794
1 6.097829
1 6.097797
1 12.01952
1 12.01939
1 11.995
1 12.03929
1 12.03927
1 12.03937
1 12.07468
1 12.07481
1 12.07476
1 12.07137
1 12.07135
1 12.06264
1 12.06261
1 12.06253
1 12.05942
1 12.05933
1 12.05145
1 12.05145
1 11.95766
1 11.95759
1 11.95769
1 11.85235
1 11.85237
1 11.76311
1 11.76298
1 11.76306
1 11.70105
1 11.70105
1 11.7011
1 11.70097
1 11.70099
1 11.701
1 11.70097
1 11.70107
1 11.701
1 11.70102
1 11.70095
1 11.7011
1 11.70112
1 11.701
1 11.70097
1 11.70112
1 11.70112
1 11.7011
1 11.70105
1 11.7011
1 11.70099
1 11.70109
1 11.70109
1 11.70105
1 11.70109
1 11.70104
1 11.70105
1 11.70107
1 11.70099
1 11.70104
1 11.70105
1 11.70104
1 11.70114
1 11.70104
1 11.70104
1 11.70102
1 11.7011
1 11.70102
1 11.70104
1 11.70114
1 11.70102
1 11.70109
1 11.70099
1 11.70112
1 11.70104
1 11.70112
1 11.70114
1 11.70107
1 11.70109
1 11.70102
1 11.7011
1 11.70099
1 11.70105
1 11.70105
1 11.70109
1 11.70107
1 11.70109
1 11.70107
1 11.70107
1 11.70112
1 11.70099
1 11.701
1 11.70107
1 11.70119
1 11.70105
1 11.70099
1 11.70107
1 11.701
1 11.70119
1 11.70105
1 11.70104
1 11.70104
1 11.70107
1 11.70107
1 11.70109
1 11.70116
1 11.70109
1 11.70112
1 11.70104
1 11.70114
1 11.70105
1 11.70112
1 11.7011
1 11.7011
1 11.701
1 11.701
1 11.701
1 11.70107
1 11.70107
1 11.70104
1 11.70104
1 11.70112
1 11.70112
1 11.70109
1 11.70107
1 11.70114
1 11.70107
1 11.7011
1 11.70102
1 11.70112
1 11.70105
1 11.34182
1 11.34198
1 11.34187
1 11.35128
1 11.35118
1 11.3416
1 11.34189
1 11.34179
1 11.33461
1 11.33451
1 11.34469
1 11.34465
1 11.31416
1 11.31416
1 11.30688
1 11.30697
1 11.29386
1 11.29395
1 11.29405
1 11.31679
1 11.31681
1 11.32011
1 11.32011
1 11.32011
1 11.32154
1 11.32162
1 11.33739
1 11.33718
1 11.30814
1 11.30814
1 11.32425
1 11.32425
1 11.32416
1 11.58526
1 11.58527
1 11.74964
1 11.74964
1 11.75772
1 11.75775
1 11.73069
1 11.73071
1 11.73074
1 11.72427
1 11.72427
1 11.70573
1 11.7057
1 11.70573
1 11.70573
1 11.70358
1 11.70363
1 11.6945
1 11.6945
1 11.651
1 11.65095
1 11.65089
1 11.66333
1 11.66317
1 11.66329
1 11.66334
1 11.66322
1 11.65562
1 11.65572
1 11.65555
1 11.65562
1 11.67319
1 11.64953
1 11.64952
1 11.65548
1 11.6555
1 11.65472
1 11.65476
1 11.62831
1 11.62829
1 11.62834
1 11.62824
1 11.6452
1 11.64522
1 11.6451
1 11.64507
1 11.61444
1 11.61444
1 11.63596
1 11.63601
1 11.63603
1 11.62956
1 11.60806
1 11.60819
1 11.60818
1 11.5815
1 11.58143
1 11.60592
1 11.6059
1 11.60595
1 11.58262
1 11.58262
1 11.55188
1 11.55185
1 11.55193
1 11.55178
1 11.54052
1 11.54064
1 11.49252
1 11.4925
1 11.49243
1 11.48364
1 11.48372
1 11.50703
1 11.50687
1 11.50703
1 11.49802
1 11.49814
1 11.47507
1 11.47516
1 11.47523
1 11.47513
1 11.47511
1 11.43291
1 11.43272
1 11.41701
1 11.4171
1 11.41717
1 11.41006
1 11.41012
1 11.39759
1 11.39745
1 11.37486
1 11.37489
1 11.39188
1 11.39186
1 11.39197
1 11.38363
1 11.38375
1 11.39093
1 11.391
1 11.39096
1 11.39646
1 11.39651
1 11.40261
1 11.40256
1 11.4026
1 11.40258
1 11.54164
1 11.5418
1 11.54176
1 11.54158
1 11.54168
1 11.58946
1 11.58941
1 11.58941
1 11.62254
1 11.62239
1 11.66569
1 11.66569
1 11.66555
1 11.66571
1 11.62329
1 11.62329
1 11.62325
1 11.62325
1 11.62325
1 11.58624
1 11.5863
1 11.58633
1 11.54753
1 11.54763
1 11.51228
1 11.51232
1 11.49766
1 11.49783
1 11.47746
1 11.47743
1 11.47734
1 11.47736
1 11.82493
1 11.82497
1 11.82507
1 11.82503
1 11.83623
1 11.83616
1 11.83624
1 11.83624
1 11.83623
1 11.8135
1 11.81346
1 11.81355
1 11.81356
1 11.8135
1 11.73492
1 11.7348
1 11.75105
1 11.75111
1 11.7511
1 11.73339
1 11.73339
1 11.7464
1 11.74643
1 11.72847
1 11.72839
1 11.72842
1 11.70105
1 11.70104
1 11.67125
1 11.67113
1 11.69646
1 11.69642
1 11.72449
1 11.72464
1 11.72457
1 11.74321
1 11.74326
1 11.76635
1 11.76625
1 11.79996
1 11.79996
1 11.79994
1 11.85381
1 11.85375
1 11.81862
1 11.81857
1 11.8126
1 11.81263
1 11.84505
1 11.84503
1 11.83723
1 11.83726
1 11.83723
1 11.83731
1 11.83734
1 11.82172
1 11.82167
1 11.85209
1 11.85212
1 11.8529
1 11.85285
1 11.8528
1 11.83934
1 11.83937
1 11.63853
1 11.63852
1 11.63852
1 11.63858
1 11.6386
1 11.52415
1 11.52424
1 11.52414
1 11.52907
1 11.52892
1 11.51461
1 11.51461
1 11.4626
1 11.46255
1 11.46262
1 11.46252
1 11.46266
1 11.46257
1 11.46266
1 11.46257
1 11.4625
1 11.39072
1 11.39062
1 11.33901
1 11.33901
1 11.33817
1 11.33824
1 11.30176
1 11.30172
1 11.30164
1 11.30174
1 11.30172
1 11.31997
1 11.31997
1 11.32089
1 11.32086
1 11.32091
1 11.34477
1 11.34477
1 11.32507
1 11.32523
1 11.36923
1 11.36921
1 11.39777
1 11.39781
1 11.41898
1 11.41896
1 11.41899
1 11.44021
1 11.44009
1 11.4357
1 11.43571
1 11.43682
1 11.43689
1 11.44386
1 11.44389
1 11.46016
1 11.46006
1 11.46008
1 11.45296
1 11.45301
1 11.46396
1 11.46381
1 11.46386
1 11.46393
1 11.46388
1 11.45093
1 11.45088
1 11.45095
1 11.45088
1 11.45084
1 11.50266
1 11.50277
1 11.48901
1 11.48897
1 11.48904
1 11.48907
1 11.48901
1 11.46754
1 11.46752
1 11.46759
1 11.46427
1 11.46438
1 11.4636
1 11.46357
1 11.46367
1 11.4636
1 11.44663
1 11.46515
1 11.46523
1 11.46517
1 11.46517
1 11.42115
1 11.42127
1 11.44067
1 11.44073
1 11.44066
1 11.59
1 11.58992
1 11.58998
1 11.58998
1 11.71644
1 11.71645
1 11.71635
1 11.69208
1 11.69224
1 11.65746
1 11.65755
1 11.64419
1 11.64422
1 11.64427
1 11.59157
1 11.59153
1 11.58995
1 11.59005
1 11.57614
1 11.57617
1 11.57612
1 11.55388
1 11.55393
1 11.5398
1 11.53994
1 11.53985
1 11.54886
1 11.54883
1 11.54886
1 11.5489
1 11.53451
1 11.53452
1 11.53451
1 11.53447
1 11.53439
1 11.56494
1 11.56494
1 11.58825
1 11.58823
1 11.58832
1 11.58823
1 11.58828
1 11.58669
1 11.58657
1 11.61023
1 11.61025
1 11.61008
1 11.59039
1 11.59034
1 11.59046
1 11.58437
1 11.58441
1 11.55781
1 11.55783
1 11.583
1 11.58298
1 11.73277
1 11.73275
1 11.73272
1 11.73269
1 11.73255
1 11.76559
1 11.76549
1 11.76551
1 11.76556
1 11.76224
1 11.76216
1 11.76226
1 11.73438
1 11.73447
1 11.70621
1 11.70619
1 11.66172
1 11.66174
1 11.63847
1 11.63852
1 11.6385
1 11.60967
1 11.60964
1 11.58871
1 26.61375
1 89.40304
1 89.40305
1 29.14801
1 29.14804
1 29.14801
1 29.14804
1 21.76599
1 21.76598
1 21.76599
1 29.11891
1 29.11899
1 29.13122
1 29.13135
1 20.72625
1 20.71983
1 20.71986
1 20.61259
1 20.61257
1 20.44452
1 20.44457
1 20.44459
1 20.28797
1 20.28789
1 20.28798
1 20.15356
1 20.15356
1 20.15354
1 19.62046
1 19.52881
1 19.52873
1 19.36357
1 19.36357
1 19.36347
1 19.48351
1 19.48364
1 19.48345
1 19.18707
1 19.1871
1 19.18715
1 19.32104
1 19.32101
1 19.32106
1 19.25551
1 19.25567
1 19.09111
1 19.09115
1 19.09119
1 19.18623
1 19.1861
1 19.18615
1 19.08852
1 19.08847
1 19.08853
1 18.61192
1 18.61188
1 18.59496
1 18.59476
1 18.59494
1 18.50043
1 18.50045
1 18.50049
1 18.50847
1 18.50838
1 18.51732
1 18.52372
1 18.52368
1 18.36282
1 18.36292
1 18.36285
1 18.3628
1 18.27762
1 28.51072
1 28.51067
1 28.51063
1 28.51065
1 28.51067
1 28.5107
1 12.31581
1 12.31594
1 12.3159
1 12.31965
1 12.31968
1 12.31965
1 12.25013
1 12.25009
1 12.25004
1 12.23089
1 12.23095
1 12.23087
1 12.22377
1 12.22384
1 12.22381
1 12.08436
1 12.08428
1 12.01774
1 12.0178
1 12.01782
1 11.93713
1 11.93715
1 11.9371
1 11.89764
1 11.89762
1 12.0128
1 12.01273
1 12.01272
1 12.07083
1 12.07094
1 12.07088
1 12.15698
1 12.15695
1 12.15693
1 11.3672
1 11.36728
1 11.3672
1 11.34706
1 11.34719
1 11.31165
1 11.31169
1 11.31172
1 11.22186
1 11.2219
1 11.11886
1 11.11884
1 11.11889
1 10.96517
1 10.96509
1 10.84293
1 10.84304
1 10.75327
1 10.75318
1 10.75318
1 10.67094
1 10.67085
1 10.67086
1 10.67098
1 10.52473
1 10.52471
1 10.52469
1 10.48216
1 10.4822
1 10.48222
1 10.42721
1 10.42715
1 10.42717
1 10.42721
1 10.21361
1 10.21357
1 10.21361
1 10.21361
1 10.0989
1 10.27535
1 10.27542
1 10.2754
1 10.71449
1 10.71441
1 10.71449
1 10.68371
1 10.68362
1 10.68369
1 10.61139
1 10.61139
1 10.61146
1 10.53695
1 10.53697
1 10.53693
1 10.53119
1 10.53117
1 10.53119
1 10.53254
1 10.53254
1 10.52368
1 10.52364
1 10.52362
1 10.58279
1 10.58279
1 10.58273
1 10.58275
1 10.60948
1 10.60948
1 10.60944
1 10.64997
1 10.64997
1 10.65004
1 10.64644
1 10.64638
1 10.64647
1 10.64647
1 10.64651
1 10.64777
1 10.64194
1 10.64196
1 10.64189
1 10.66295
1 10.66286
1 10.64875
1 10.64882
1 10.64877
1 10.64107
1 10.64111
1 2.786496
1 2.786496
1 2.786567
1 2.451042
1 2.451123
1 2.450883
1 2.451202
1 10.58907
1 10.58909
1 10.58911
1 10.58913
1 10.58915
1 10.61237
1 10.6123
1 10.61239
1 10.61235
1 10.56744
1 10.56742
1 10.56747
1 10.56744
1 10.56736
1 10.56744
1 10.5674
1 10.56747
1 10.56755
1 10.56753
1 10.56747
1 10.56746
1 10.56744
1 10.56736
1 10.56744
1 10.56746
1 10.56958
1 10.56952
1 10.56954
1 10.56945
1 10.5695
1 10.56941
1 28.51063
1 28.51067
1 28.51064
1 28.51072
1 28.51064
1 28.51072
1 28.51065
1 28.51071
1 28.51066
1 28.5106
1 28.5107
1 28.51067
1 28.51066
1 28.51069
1 28.51067
1 28.51067
1 28.51064
1 28.51074
1 28.5107
1 11.25325
1 11.25316
1 11.42641
1 11.42636
1 11.64085
1 11.64085
1 11.64082
1 28.51069
1 28.51059
1 28.51063
1 28.51072
1 28.51062
1 25.55414
1 25.55412
1 28.51065
1 28.51074
1 28.51064
1 28.51072
1 28.51065
1 28.51074
1 28.51067
1 28.51067
1 28.51069
1 28.51066
1 11.6988
1 11.6987
1 11.90984
1 11.90984
1 11.90984
1 11.90993
1 12.17281
1 12.17289
1 12.18178
1 12.18183
1 12.18178
1 12.18194
1 12.1819
1 12.11095
1 12.11103
1 12.111
1 12.1109
1 12.08327
1 12.08333
1 12.08331
1 10.40558
1 10.40562
1 10.4056
1 11.11873
1 11.11877
1 11.1188
1 11.11868
1 11.08777
1 11.08777
1 11.08775
1 11.03646
1 11.03648
1 11.07987
1 11.07978
1 11.07983
1 11.12877
1 11.12881
1 11.17884
1 11.1788
1 11.17879
1 11.1732
1 11.17322
1 11.14567
1 11.14571
1 11.13641
1 11.13648
1 11.13641
1 11.13795
1 11.13795
1 11.21164
1 11.21157
1 11.21164
1 11.23509
1 11.25008
1 11.25017
1 11.25008
1 11.25017
1 11.23528
1 11.23517
1 11.23517
1 11.23437
1 11.23421
1 11.17315
1 11.17313
1 11.10479
1 11.10486
1 11.10484
1 11.01203
1 11.01194
1 10.91746
1 10.91749
1 10.79259
1 10.79257
1 10.79273
1 10.67995
1 10.67997
1 10.70598
1 10.70581
1 10.76659
1 10.76662
1 10.76653
1 10.84515
1 10.84511
1 10.87448
1 10.8745
1 10.8745
1 10.87879
1 10.87875
1 10.89688
1 10.89686
1 10.87484
1 10.87495
1 10.87484
1 10.88043
1 10.88038
1 10.86827
1 10.86821
1 10.86832
1 10.88994
1 10.89003
1 10.89
1 10.89011
1 10.89016
1 10.93531
1 10.93538
1 10.97004
1 10.97
1 10.96999
1 10.26278
1 10.26274
1 11.38794
1 11.3879
1 11.38789
1 11.37814
1 11.3782
1 11.35397
1 11.3539
1 11.35404
1 11.35402
1 11.35407
1 11.3388
1 11.3388
1 11.34055
1 11.34068
1 11.34052
1 11.38858
1 11.38861
1 5.826083
1 5.826015
1 5.825982
1 11.34758
1 11.34762
1 11.34752
1 11.3476
1 11.3476
1 11.3476
1 11.34766
1 11.34769
1 11.2263
1 11.22632
1 11.17472
1 11.17475
1 11.17304
1 11.17316
1 11.17313
1 11.19545
1 11.2851
1 11.2851
1 11.28502
1 11.39658
1 11.39657
1 11.39658
1 11.45355
1 11.45361
1 11.45356
1 5.773396
1 5.773362
1 5.773429
1 5.773429
1 11.40431
1 11.40434
1 11.40434
1 11.34465
1 11.34465
1 11.30704
1 11.30709
1 11.30702
1 11.2939
1 11.29385
1 11.23342
1 11.23351
1 11.21814
1 11.21811
1 11.21803
1 11.18044
1 11.18041
1 11.19456
1 11.19464
1 11.19468
1 11.19294
1 11.19287
1 11.23698
1 11.23693
1 11.23701
1 11.42646
1 11.42653
1 28.51067
1 28.51067
1 28.51068
1 28.51068
1 28.51074
1 28.51072
1 12.00397
1 12.00403
1 11.97651
1 11.97647
1 5.774516
1 5.774448
1 5.774482
1 11.89188
1 11.89188
1 11.85396
1 11.85405
1 11.85398
1 11.83563
1 11.83555
1 11.83693
1 11.83711
1 11.83704
1 11.74803
1 11.74796
1 11.67877
1 11.67867
1 11.6787
1 11.73295
1 11.73306
1 11.91362
1 11.91355
1 12.09841
1 12.09828
1 12.09846
1 12.33689
1 12.33697
1 12.52113
1 12.52106
1 12.61989
1 12.61992
1 12.61987
1 12.72095
1 12.721
1 12.75898
1 12.759
1 12.75898
1 12.75892
1 12.7783
1 12.77835
1 6.975639
1 6.975583
1 12.95876
1 12.95876
1 12.95881
1 12.95878
1 12.96642
1 12.96642
1 12.963
1 12.96303
1 12.96297
1 12.96303
1 8.829084
1 8.799889
1 8.799933
1 8.799867
1 8.799822
1 8.77606
1 8.776083
1 8.836001
1 8.835935
1 8.835958
1 8.817039
1 8.816994
1 12.74063
1 12.74063
1 12.7406
1 12.6863
1 12.68633
1 12.67714
1 12.67722
1 12.63691
1 12.63693
1 12.63688
1 12.64364
1 12.64359
1 12.60533
1 12.6053
1 12.53175
1 12.53169
1 12.53185
1 12.44339
1 12.44334
1 12.37688
1 12.37699
1 12.30112
1 12.30105
1 12.30108
1 12.28702
1 12.28707
1 12.24265
1 12.24266
1 12.24266
1 12.1372
1 12.1371
1 12.09841
1 12.09836
1 12.0984
1 12.0038
1 12.00369
1 11.96624
1 11.96619
1 11.96637
1 11.94247
1 11.9614
1 11.96155
1 11.96146
1 11.96153
1 11.97701
1 11.97707
1 11.97707
1 11.79421
1 11.7942
1 11.71945
1 11.71941
1 11.71946
1 11.64539
1 11.64535
1 11.60594
1 11.606
1 11.60597
1 11.63308
1 11.63307
1 11.63584
1 11.63593
1 11.63586
1 9.368274
1 9.368274
1 11.66655
1 11.66675
1 11.66667
1 11.69248
1 11.6925
1 11.68742
1 11.68741
1 11.68742
1 11.68736
1 11.61846
1 11.61858
1 11.61849
1 5.635517
1 5.635551
1 11.45809
1 11.45807
1 11.28593
1 11.28593
1 11.09808
1 11.09816
1 11.0981
1 11.09819
1 10.96227
1 10.96218
1 10.96225
1 10.9396
1 10.93954
1 10.93949
1 11.03976
1 11.03981
1 11.03979
1 11.27845
1 11.27844
1 11.42268
1 11.42268
1 11.42274
1 11.49218
1 11.49214
1 11.53685
1 11.53685
1 11.53691
1 11.57081
1 11.57078
1 11.55343
1 11.55343
1 11.55348
1 11.55456
1 11.55459
1 11.55451
1 8.839202
1 8.839113
1 11.58852
1 11.58859
1 11.58849
1 11.62292
1 11.62293
1 11.63818
1 11.63811
1 11.6589
1 11.65886
1 11.66868
1 11.66864
1 11.66863
1 11.66868
1 11.7057
1 11.70565
1 11.70476
1 11.70486
1 11.70477
1 11.70262
1 11.70252
1 11.6687
1 11.66854
1 6.171363
1 6.171395
1 6.171363
1 6.171331
1 6.171395
1 6.171395
1 6.171395
1 6.171395
1 6.171395
1 6.171331
1 11.73333
1 11.80837
1 11.80849
1 11.80849
1 11.81068
1 11.81069
1 11.81061
1 11.82862
1 11.8286
1 11.80116
1 11.80126
1 11.80121
1 11.81476
1 11.8148
1 11.80961
1 11.80956
1 11.79998
1 11.80001
1 11.79996
1 11.77537
1 11.77532
1 11.75125
1 11.7512
1 11.75113
1 11.71827
1 11.7184
1 11.72447
1 11.72442
1 11.72447
1 11.65138
1 11.65138
1 11.65129
1 11.61739
1 11.61732
1 11.60018
1 11.60015
1 11.60016
1 11.56506
1 11.56506
1 11.54949
1 11.54944
1 11.54557
1 11.54562
1 11.54554
1 11.53741
1 11.53743
1 11.5072
1 11.50732
1 11.5073
1 11.52837
1 11.52836
1 11.54197
1 11.54199
1 11.54219
1 11.5859
1 11.58587
1 11.5839
1 11.58386
1 11.62573
1 11.62581
1 11.62575
1 11.67854
1 11.67854
1 11.67843
1 11.69447
1 11.69452
1 11.73734
1 11.73739
1 11.77055
1 11.77065
1 11.77065
1 11.76849
1 11.76857
1 11.76852
1 11.74006
1 11.74006
1 11.75086
1 11.75093
1 11.75091
1 11.7605
1 11.76037
1 11.76043
1 11.74239
1 11.74236
1 11.76576
1 11.76588
1 11.76569
1 11.75755
1 11.75753
1 11.74346
1 11.74348
1 11.74336
1 11.75996
1 11.75998
1 11.75993
1 11.76487
1 11.76494
1 11.76552
1 11.76549
1 11.76556
1 11.74249
1 11.74232
1 11.74242
1 11.72854
1 11.72839
1 11.67305
1 11.67317
1 11.67312
1 11.66336
1 11.66344
1 11.67994
1 11.67982
1 11.67992
1 11.65744
1 11.65741
1 11.65496
1 11.65489
1 11.67101
1 11.67094
1 11.67086
1 11.67096
1 11.67899
1 11.67891
1 11.67882
1 11.69804
1 11.69812
1 11.71575
1 11.71578
1 11.71571
1 11.71534
1 11.71549
1 11.6851
1 11.68513
1 11.6852
1 11.64769
1 11.64772
1 11.64777
1 11.61769
1 11.61754
1 11.8807
1 11.8808
1 11.96937
1 11.9695
1 11.96953
1 11.9887
1 11.9887
1 11.95548
1 11.95551
1 11.95543
1 11.97512
1 11.9752
1 11.97512
1 11.97775
1 11.97772
1 11.97663
1 11.97673
1 11.97676
1 12.00124
1 12.00127
1 12.02921
1 12.02928
1 12.03136
1 12.03156
1 12.03149
1 12.04438
1 12.04423
1 12.0557
1 12.05586
1 8.950673
1 8.950673
1 8.950673
1 9.940142
1 9.940182
1 12.0291
1 12.02913
1 12.01824
1 12.0182
1 12.01824
1 12.01618
1 12.0162
1 11.99329
1 11.99332
1 11.99324
1 11.99687
1 11.99689
1 11.99594
1 11.99585
1 12.00845
1 12.00848
1 12.00847
1 12.03401
1 12.03409
1 12.03478
1 12.03467
1 12.0347
1 12.00937
1 12.00929
1 12.01664
1 12.01655
1 11.99364
1 11.99364
1 11.99367
1 11.97953
1 11.97938
1 11.97939
1 11.95225
1 11.95228
1 11.83886
1 11.83901
1 9.06772
1 11.65501
1 11.65494
1 11.55384
1 11.55376
1 11.55386
1 11.45342
1 11.45337
1 11.45351
1 28.5107
1 28.51064
1 28.51064
1 28.5107
1 28.51067
1 28.51067
1 28.51062
1 28.51074
1 28.5107
1 15.72858
1 15.72857
1 28.51072
1 28.51065
1 28.5107
1 11.33875
1 11.33885
1 11.33883
1 11.33701
1 11.33711
1 11.33458
1 11.33463
1 11.29878
1 11.29876
1 11.29866
1 11.29798
1 11.29803
1 11.23458
1 11.23447
1 11.23458
1 11.26706
1 11.26696
1 11.20467
1 11.2047
1 11.2023
1 11.20226
1 11.20235
1 11.22321
1 11.22339
1 11.22388
1 11.22383
1 11.22379
1 11.22781
1 11.22781
1 11.20483
1 11.20474
1 11.20477
1 11.25701
1 11.25692
1 11.2565
1 11.25643
1 11.28547
1 11.28549
1 11.29913
1 11.29908
1 11.29915
1 11.27162
1 11.27155
1 11.2715
1 8.287213
1 8.287261
1 11.22739
1 11.2274
1 11.17047
1 11.17047
1 11.17049
1 11.14878
1 11.14878
1 11.12698
1 11.12704
1 11.12684
1 5.170627
1 5.170665
1 5.170665
1 11.13521
1 11.13528
1 11.15357
1 11.15364
1 11.15362
1 11.16082
1 11.1608
1 11.13825
1 11.13822
1 11.14705
1 11.14707
1 11.14703
1 11.11723
1 11.11721
1 11.13282
1 11.13296
1 11.19728
1 11.19728
1 11.19728
1 28.51065
1 28.5107
1 28.51064
1 28.51064
1 28.5107
1 28.51071
1 28.51064
1 28.51067
1 28.51065
1 28.51068
1 11.88463
1 11.88463
1 11.90057
1 11.90071
1 11.90056
1 11.8956
1 11.89559
1 11.92607
1 11.92607
1 11.92607
1 11.91697
1 11.91706
1 11.91697
1 11.94606
1 11.94605
1 12.01493
1 12.015
1 12.01496
1 12.06245
1 12.06243
1 12.1098
1 12.10975
1 12.10975
1 12.10972
1 12.10965
1 12.07489
1 12.07486
1 9.397454
1 9.397474
1 9.397454
1 9.356539
1 9.356539
1 12.15078
1 12.15082
1 12.19351
1 12.1934
1 12.19356
1 12.19351
1 12.19351
1 12.27197
1 12.27205
1 12.27201
1 12.29688
1 12.29692
1 12.23885
1 12.2388
1 12.18787
1 12.18782
1 12.18783
1 12.09576
1 12.09585
1 12.05131
1 12.05131
1 12.05136
1 23.25374
1 23.25375
1 23.38312
1 23.3831
1 23.38311
1 23.40518
1 23.40511
1 23.46227
1 23.46224
1 23.45398
1 23.454
1 23.45408
1 23.44794
1 23.44793
1 23.47413
1 19.27027
1 19.27024
1 23.50349
1 23.50355
1 23.26958
1 23.26962
1 23.2696
1 16.50653
1 11.71233
1 16.35332
1 16.35323
1 16.35333
1 16.35327
1 16.35326
1 12.47482
1 12.47481
1 12.47479
1 12.33974
1 12.33966
1 16.35321
1 16.35326
1 16.3533
1 12.22818
1 12.22813
1 12.14512
1 12.14515
1 12.1451
1 9.392286
1 9.392266
1 12.06634
1 12.06634
1 12.02248
1 12.02254
1 12.02243
1 11.95184
1 11.9518
1 11.91168
1 11.9116
1 11.86244
1 11.86219
1 11.86229
1 11.82527
1 11.82525
1 11.79122
1 11.79121
1 11.79124
1 11.73304
1 11.73324
1 11.69465
1 11.69465
1 11.65268
1 11.65268
1 11.65258
1 11.62546
1 11.62541
1 11.58905
1 11.58893
1 11.58885
1 11.58953
1 11.58963
1 11.58956
1 11.58966
1 11.58958
1 16.35329
1 16.3532
1 16.35327
1 16.35323
1 16.35324
1 16.35332
1 16.35329
1 10.68972
1 10.68979
1 10.68975
1 16.35323
1 16.35335
1 16.35323
1 16.35338
1 16.35326
1 16.35327
1 16.35334
1 16.35333
1 16.35321
1 16.35328
1 16.35317
1 16.35326
1 16.35329
1 16.35321
1 16.35329
1 16.35327
1 16.35323
1 16.35335
1 16.35328
1 16.3533
1 16.35321
1 16.35324
1 16.35335
1 16.3533
1 16.35322
1 16.35316
1 16.35322
1 8.65753
1 8.657552
1 11.5059
1 11.50586
1 11.70092
1 8.65458
1 8.835356
1 8.835356
1 8.835379
1 8.835379
1 8.743972
1 8.743972
1 11.90496
1 11.90496
1 11.94809
1 11.94811
1 11.94816
1 11.99345
1 11.99352
1 12.01834
1 12.01833
1 11.96308
1 11.96305
1 11.96303
1 12.04122
1 12.0412
1 12.00344
1 12.00348
1 12.00349
1 8.931909
1 8.931842
1 11.96265
1 11.96267
1 11.96262
1 8.941097
1 8.941163
1 8.972312
1 8.97229
1 12.02613
1 12.02616
1 12.02615
1 12.09682
1 12.09688
1 12.06503
1 12.06509
1 12.0656
1 12.06565
1 12.0657
1 16.35326
1 16.35338
1 16.35338
1 11.77135
1 11.77134
1 11.75658
1 11.75676
1 11.7568
1 11.7007
1 11.7006
1 11.68594
1 11.68592
1 11.68597
1 11.66653
1 11.66648
1 11.65428
1 11.6542
1 11.65439
1 11.66952
1 11.66956
1 11.67324
1 11.67315
1 11.67577
1 11.67584
1 11.67587
1 11.66604
1 11.66613
1 11.70124
1 11.70117
1 11.70126
1 11.70129
1 11.70122
1 11.69122
1 11.69123
1 11.69112
1 11.69113
1 11.69123
1 11.69767
1 11.69775
1 11.71428
1 11.71422
1 11.7142
1 11.7143
1 11.71423
1 7.498367
1 7.498315
1 7.498367
1 16.35336
1 16.35335
1 16.35324
1 16.35322
1 16.35332
1 11.98092
1 11.98097
1 16.35332
1 16.35332
1 16.35323
1 16.35335
1 16.35321
1 9.192101
1 9.192101
1 9.041745
1 9.041702
1 9.041724
1 9.140715
1 9.140628
1 9.180227
1 9.180185
1 9.180292
1 7.555229
1 7.555359
1 11.72447
1 11.7244
1 11.72447
1 7.808162
1 7.808187
1 7.808112
1 7.731318
1 7.731318
1 7.764882
1 7.764882
1 7.789186
1 7.789186
1 7.789236
1 7.78142
1 7.781446
1 7.78142
1 7.78142
1 7.781521
1 7.781446
1 7.781471
1 7.770592
1 7.770491
1 7.965333
1 12.19632
1 12.19637
1 6.779023
1 6.779023
1 7.199527
1 7.199527
1 7.199527
1 8.529541
1 8.529541
1 8.530853
1 8.53083
1 8.444828
1 8.444851
1 8.444735
1 8.412418
1 8.412442
1 8.382533
1 8.382509
1 11.67788
1 11.67778
1 11.67783
1 11.65919
1 11.65898
1 11.65908
1 11.65903
1 11.659
1 11.66211
1 11.66214
1 11.64488
1 11.64564
1 11.64561
1 11.66736
1 11.66731
1 11.66735
1 11.65986
1 11.65978
1 11.67715
1 11.67705
1 11.67708
1 11.65684
1 11.65684
1 11.6531
1 11.65302
1 11.65313
1 11.62895
1 11.62902
1 11.63408
1 11.63393
1 11.64486
1 11.64483
1 11.64476
1 11.6212
1 11.62114
1 11.62278
1 11.62278
1 11.62276
1 16.35341
1 16.35329
1 11.87182
1 11.87179
1 11.77204
1 11.77199
1 11.77212
1 11.76412
1 11.76414
1 11.76407
1 8.367034
1 8.366964
1 11.70003
1 11.70008
1 11.67455
1 11.67462
1 11.67462
1 11.61352
1 11.61357
1 7.001995
1 7.002022
1 7.002078
1 8.307068
1 8.307092
1 11.59729
1 11.59727
1 11.61099
1 11.61089
1 11.61096
1 11.58514
1 11.58514
1 11.55292
1 11.55299
1 11.55294
1 11.51728
1 11.51733
1 11.44816
1 11.44813
1 11.44808
1 11.4944
1 11.49437
1 11.52313
1 11.52316
1 11.52314
1 11.49883
1 11.49879
1 11.55614
1 11.55625
1 11.55621
1 11.55618
1 11.55613
1 11.5638
1 11.5639
1 11.56376
1 11.56831
1 11.56827
1 8.320601
1 8.320579
1 8.320625
1 11.54536
1 11.54536
1 11.52996
1 11.53003
1 11.53
1 11.56407
1 11.56407
1 11.56301
1 11.56301
1 11.56293
1 7.273595
1 7.273622
1 7.242699
1 7.242644
1 10.34195
1 16.35329
1 16.35333
1 12.72636
1 12.72636
1 12.63671
1 8.487023
1 8.487023
1 12.59171
1 12.5916
1 12.46189
1 12.462
1 12.37927
1 12.37929
1 12.37926
1 12.32323
1 12.32338
1 8.084225
1 8.054519
1 8.054495
1 8.068692
1 8.068716
1 12.36533
1 12.36528
1 12.36531
1 16.35329
1 16.35327
1 16.3533
1 16.35323
1 16.35326
1 16.3533
1 16.35322
1 16.35334
1 12.31539
1 12.31538
1 11.97716
1 11.97712
1 11.88972
1 11.88985
1 11.88975
1 11.82028
1 11.82037
1 9.074068
1 9.074045
1 8.91262
1 8.912642
1 8.912685
1 8.840735
1 8.84078
1 8.905144
1 8.905166
1 8.966639
1 8.966617
1 8.966617
1 9.068089
1 9.068046
1 9.056077
1 9.056033
1 9.056012
1 9.053538
1 9.053516
1 9.056467
1 9.056489
1 9.078722
1 9.078679
1 9.0787
1 9.190284
1 9.190305
1 9.405022
1 9.405002
1 9.404981
1 9.039463
1 9.03942
1 10.85449
1 10.85453
1 10.85458
1 10.75056
1 10.75049
1 7.629386
1 7.629361
1 7.629437
1 7.695671
1 7.695696
1 11.55186
1 11.5519
1 11.8039
1 11.80385
1 11.80385
1 11.80378
1 11.7799
1 11.78
1 11.77867
1 11.77848
1 11.77848
1 11.76764
1 11.7676
1 11.74861
1 11.7488
1 11.71163
1 11.71166
1 11.71159
1 7.26971
1 7.269791
1 11.66532
1 11.66532
1 11.6653
1 11.6483
1 11.6483
1 11.63694
1 11.63691
1 11.61262
1 11.61261
1 11.61261
1 11.6004
1 11.60064
1 11.57437
1 11.57422
1 11.57427
1 11.58085
1 11.56926
1 11.56926
1 11.56931
1 11.56928
1 11.59952
1 11.59974
1 11.55445
1 11.55447
1 11.56582
1 11.56575
1 11.56565
1 11.55635
1 11.55631
1 11.56846
1 11.56851
1 11.56843
1 11.56282
1 11.56284
1 11.57612
1 11.57602
1 11.57619
1 6.81512
1 6.815092
1 6.81512
1 11.55648
1 11.55655
1 11.55662
1 11.55642
1 11.54509
1 11.54523
1 11.44744
1 11.44735
1 11.44751
1 11.4474
1 11.44728
1 11.44358
1 11.4435
1 11.44348
1 11.46896
1 11.46898
1 11.44572
1 11.42775
1 11.42779
1 11.40427
1 11.40446
1 11.406
1 11.40583
1 11.40591
1 11.41922
1 11.41929
1 11.4056
1 11.40548
1 11.4057
1 11.35588
1 11.35574
1 11.35635
1 11.35647
1 11.40619
1 11.40626
1 11.40614
1 11.37203
1 11.37188
1 6.662443
1 6.662502
1 16.3532
1 16.35322
1 16.3533
1 16.35323
1 16.35344
1 16.35326
1 9.71948
1 9.71952
1 9.781166
1 9.781326
1 9.854947
1 9.855066
1 9.855086
1 9.855046
1 9.924005
1 16.3533
1 16.35334
1 16.35336
1 16.3533
1 16.35336
1 12.03665
1 12.0366
1 12.03662
1 12.00778
1 12.00765
1 12.07749
1 12.07741
1 12.04775
1 6.020113
1 6.020016
1 12.10108
1 12.1011
1 12.1012
1 12.08963
1 12.08951
1 12.11743
1 12.11746
1 12.11743
1 12.13669
1 12.13668
1 12.19678
1 12.19673
1 12.21222
1 12.2123
1 12.2122
1 12.21419
1 12.21416
1 12.23163
1 12.23166
1 12.23156
1 12.24841
1 12.24848
1 12.29498
1 12.29498
1 12.29494
1 7.945445
1 7.918694
1 7.918644
1 7.918644
1 7.904799
1 7.904725
1 7.904774
1 7.897521
1 7.897521
1 7.842049
1 7.842025
1 7.849305
1 7.849355
1 7.849329
1 11.7834
1 11.78338
1 11.79892
1 11.79887
1 11.79904
1 11.81647
1 11.81648
1 11.81643
1 11.70014
1 11.70013
1 11.72118
1 11.72119
1 11.64963
1 11.64963
1 11.6496
1 11.64099
1 11.64097
1 11.72405
1 11.72403
1 11.72402
1 10.11651
1 10.11651
1 10.11645
1 10.11647
1 10.11651
1 2.1411
1 2.141283
1 2.233882
1 2.233882
1 2.349854
1 2.349854
1 2.35002
1 2.335651
1 2.217703
1 2.217703
1 2.143658
1 2.143384
1 2.198824
1 2.198914
1 2.198914
1 2.127529
1 2.127713
1 2.258281
1 2.258281
1 2.167447
1 2.167447
1 2.167447
1 2.129184
1 2.12946
1 2.174569
1 2.174569
1 2.128816
1 2.128633
1 2.128908
1 2.095084
1 2.095178
1 2.103661
1 2.103568
1 2.103661
1 2.029122
1 2.029122
1 2.036824
1 2.036728
1 2.036728
1 2.078484
1 2.078484
1 2.074242
1 2.074242
1 2.074148
1 2.051759
1 2.05195
1 2.086941
1 2.087129
1 2.044401
1 2.044209
1 2.044496
1 2.005938
1 2.005743
1 2.085346
1 2.085534
1 2.085346
1 2.139088
1 2.139088
1 1.767022
1 1.7668
1 1.681443
1 1.681559
1 1.681559
1 1.681559
1 1.557334
1 1.557208
1 1.575698
1 1.575574
1 1.524826
1 1.54611
1 1.546237
1 1.556454
1 1.556454
1 1.504152
1 1.504282
1 1.461123
1 1.461391
1 1.461257
1 1.370451
1 1.370451
1 1.370451
1 1.299955
1 1.299804
1 1.20431
1 1.204148
1 1.144834
1 1.145176
1 1.145347
1 1.093964
1 1.093964
1 1.063673
1 1.063673
1 1.063305
1 0.9974037
1 0.9974037
1 1.150461
1 1.150801
1 1.151141
1 2.316044
1 2.316044
1 2.337578
1 2.337494
1 2.301463
1 2.301633
1 2.301463
1 2.294734
1 2.29482
1 2.303078
1 2.303078
1 2.302993
1 2.262005
1 2.261918
1 2.246986
1 2.247073
1 2.246899
1 2.240793
1 2.24088
1 2.250902
1 2.250902
1 2.250902
1 2.26434
1 2.264426
1 2.230375
1 2.230375
1 2.230551
1 2.255332
1 2.255419
1 2.216555
1 2.216555
1 2.226862
1 2.227038
1 2.226774
1 20.6447
1 20.64482
1 20.6448
1 20.62814
1 20.62819
1 20.61095
1 20.61102
1 20.69889
1 20.6989
1 20.69894
1 20.80428
1 20.80425
1 20.85692
1 20.85691
1 20.85692
1 20.91369
1 20.9138
1 20.97666
1 20.97661
1 20.97672
1 20.9007
1 20.90066
1 26.26487
1 26.26486
1 26.26494
1 26.26493
1 8.727962
1 8.727962
1 8.727962
1 8.72794
1 2.120618
1 2.120618
1 2.112018
1 2.112018
1 1.938459
1 1.938358
1 1.938459
1 1.874506
1 1.874402
1 1.850126
1 1.850338
1 1.812725
1 1.812833
1 1.812941
1 1.711551
1 1.711665
1 1.648176
1 1.648533
1 1.648414
1 1.560849
1 1.560849
1 1.560723
1 1.495148
1 1.495148
1 1.440757
1 1.440486
1 1.440214
1 1.362718
1 1.362431
1 1.269029
1 1.269029
1 1.237646
1 1.237488
1 1.23733
1 1.192718
1 1.192718
1 1.20073
1 1.201056
1 1.249292
1 1.249135
1 1.249135
1 1.249448
1 1.218365
1 1.218204
1 1.199915
1 1.200078
1 1.200241
1 1.199915
1 1.200078
1 1.200241
1 1.199915
1 1.082817
1 1.082817
1 1.082455
1 1.079197
1 1.079378
1 1.074472
1 1.07429
1 1.104113
1 1.104113
1 1.104113
1 1.117326
1 1.117676
1 1.112939
1 1.113115
1 1.123091
1 1.123091
1 1.122742
1 1.094679
1 1.095037
1 1.159441
1 1.159441
1 1.159103
1 1.127091
1 1.127264
1 1.162306
1 1.162138
1 1.162306
1 1.171195
1 1.171362
1 1.137116
1 1.13746
1 1.139695
1 1.163652
1 1.163652
1 1.140038
1 1.140209
1 1.139695
1 1.190254
1 1.189925
1 1.19239
1 1.19239
1 1.192554
1 1.216114
1 1.215953
1 1.208528
1 1.208528
1 1.208689
1 1.20496
1 1.205285
1 1.143979
1 1.143637
1 1.199426
1 1.199426
1 1.199262
1 1.171696
1 1.171696
1 1.224613
1 1.224772
1 1.199426
1 1.185807
1 1.185642
1 1.200078
1 1.199915
1 1.176197
1 1.176197
1 1.176031
1 1.14995
1 1.14995
1 1.134704
1 1.134359
1 1.111884
1 1.111884
1 1.112236
1 1.142952
1 1.142438
1 1.159441
1 1.211277
1 1.211439
1 1.156737
1 1.157075
1 1.159947
1 1.160284
1 1.160115
1 1.177527
1 1.177859
1 1.123787
1 1.123787
1 1.09056
1 1.090022
1 1.090381
1 1.115573
1 1.115573
1 1.103404
1 1.103226
1 1.103226
1 1.110299
1 1.110299
1 1.1196
1 1.119426
1 1.1196
1 1.210307
1 26.26492
1 26.2649
1 26.26486
1 26.26491
1 26.26489
1 26.26492
1 26.26492
1 26.26486
1 26.2649
1 26.26487
1 26.26489
1 26.26489
1 26.26486
1 26.2649
1 26.2649
1 26.26486
1 26.26483
1 31.06918
1 31.06926
1 18.63099
1 18.63093
1 18.66461
1 18.62312
1 18.62307
1 18.60853
1 18.6085
1 18.43413
1 18.4341
1 26.33353
1 26.2649
1 26.26484
1 37.36026
1 37.36027
1 8.550032
1 8.550009
1 8.549986
1 8.108158
1 8.108231
1 8.168084
1 8.168108
1 8.185061
1 2.920474
1 2.92034
1 2.920407
1 2.950483
1 2.950682
1 2.872967
1 2.872967
1 2.872967
1 2.740526
1 2.740741
1 2.665282
1 2.665356
1 2.665282
1 2.464025
1 2.464025
1 2.394491
1 2.394573
1 2.39441
1 2.314691
1 2.314438
1 2.243761
1 2.243761
1 2.138173
1 2.138356
1 2.138082
1 2.043539
1 2.043443
1 2.004279
1 2.004376
1 1.971495
1 1.971395
1 1.971495
1 1.940074
1 1.939872
1 1.924374
1 1.924374
1 1.921423
1 1.937247
1 1.937247
1 2.003009
1 2.003107
1 2.031918
1 2.031918
1 2.031918
1 2.012562
1 2.012465
1 2.030954
1 2.030858
1 2.033458
1 2.033554
1 2.033458
1 2.028254
1 2.028351
1 1.998118
1 1.998314
1 1.979223
1 1.979321
1 1.979321
1 2.04794
1 2.048131
1 2.042677
1 1.986329
1 1.986428
1 1.959846
1 1.959946
1 1.959846
1 1.94873
1 1.94873
1 1.981495
1 1.981495
1 1.946519
1 1.946419
1 1.946419
1 1.926204
1 1.926204
1 1.926306
1 1.936439
1 1.93654
1 1.934518
1 1.93472
1 1.93472
1 1.930974
1 1.931075
1 1.898779
1 1.898779
1 1.898779
1 1.869802
1 1.869907
1 1.848221
1 1.843556
1 1.843344
1 1.787941
1 1.78805
1 1.788379
1 1.788707
1 1.797221
1 1.797112
1 1.770894
1 1.770783
1 1.770783
1 1.736974
1 1.736974
1 1.736974
1 1.73517
1 1.734832
1 1.758696
1 1.758807
1 1.767022
1 1.767133
1 1.7668
1 1.733026
1 1.732913
1 1.72181
1 1.721924
1 1.722038
1 1.68818
1 1.68818
1 1.666126
1 1.666244
1 1.666009
1 1.728164
1 1.727937
1 1.673744
1 1.673978
1 1.649838
1 1.649838
1 1.649719
1 8.502259
1 8.502282
1 26.26488
1 26.2649
1 26.26492
1 26.26489
1 26.26484
1 16.50791
1 16.50793
1 16.50793
1 16.51082
1 16.51083
1 17.00685
1 17.00685
1 17.00686
1 17.00687
1 17.05997
1 17.05998
1 17.07407
1 17.07406
1 17.07201
1 17.06857
1 17.06851
1 17.08167
1 17.08169
1 17.09267
1 17.09266
1 17.09265
1 17.08879
1 17.08879
1 17.05424
1 17.05421
1 17.02847
1 17.02848
1 17.02844
1 17.01874
1 10.35009
1 10.35767
1 10.35767
1 10.38288
1 10.38286
1 10.38288
1 10.41682
1 10.41681
1 10.38664
1 10.38673
1 10.37449
1 10.37449
1 10.37447
1 10.4017
1 10.40163
1 10.41172
1 10.41178
1 10.30527
1 10.30527
1 10.30529
1 45.69947
1 45.69946
1 45.69951
1 48.81947
1 48.81943
1 38.30651
1 38.3065
1 38.30651
1 10.56764
1 10.56762
1 29.94202
1 29.9421
1 29.47612
1 29.47613
1 29.47604
1 29.76209
1 29.76206
1 29.76207
1 29.30688
1 29.30672
1 4.776678
1 4.776678
1 4.776637
1 4.753986
1 4.754027
1 4.869208
1 4.869208
1 4.869248
1 4.964753
1 4.964911
1 5.08785
1 5.087772
1 5.08785
1 5.100465
1 5.100503
1 5.101886
1 5.10177
1 4.95013
1 4.95013
1 4.95013
1 4.894049
1 4.894049
1 4.846422
1 4.846463
1 4.784218
1 4.784259
1 4.7843
1 4.716256
1 4.716256
1 4.806116
1 4.806075
1 4.806075
1 37.43078
1 37.4309
1 13.64615
1 13.64612
1 13.87816
1 13.87815
1 13.87818
1 36.23706
1 36.23705
1 36.1626
1 9.480916
1 9.480874
1 9.510765
1 9.510745
1 9.487589
1 9.487568
1 9.546043
1 9.546085
1 9.546002
1 9.512791
1 9.512812
1 9.51277
1 9.47965
1 9.479589
1 9.850197
1 9.850157
1 9.694425
1 9.694425
1 9.694405
1 12.15726
1 12.15726
1 12.15716
1 12.15713
1 12.15722
1 12.15719
1 12.15718
1 12.15721
1 14.34
1 14.34005
1 14.34013
1 14.34006
1 14.33999
1 11.09475
1 11.09477
1 7.04197
1 7.04197
1 7.041942
1 8.579819
1 8.579796
1 12.15718
1 12.15724
1 12.15718
1 12.15724
1 12.15726
1 12.15724
1 12.15716
1 12.15722
1 12.15716
1 12.15722
1 12.15722
1 12.15722
1 26.49437
1 26.49427
1 7.536921
1 7.536843
1 7.536869
1 12.15721
1 12.15713
1 12.15713
1 7.312951
1 7.312845
1 7.166698
1 7.166698
1 7.166753
1 7.253633
1 7.25358
1 7.421534
1 7.421587
1 7.390987
1 7.390987
1 7.391014
1 7.172362
1 7.17239
1 7.17239
1 6.976427
1 6.976398
1 6.873637
1 6.873609
1 6.873665
1 6.788795
1 6.788795
1 6.670827
1 6.670797
1 6.53426
1 6.53432
1 6.534201
1 6.419945
1 6.419915
1 6.368428
1 6.368398
1 6.362144
1 6.362144
1 6.362144
1 6.336761
1 6.33673
1 6.336143
1 6.336019
1 6.336111
1 6.189317
1 6.189222
1 6.087662
1 6.087629
1 5.883099
1 5.883066
1 5.875798
1 5.875731
1 5.875831
1 5.807111
1 5.637046
1 5.637082
1 5.518818
1 5.518747
1 5.374907
1 5.374907
1 5.37498
1 5.315739
1 5.315776
1 4.884312
1 4.884232
1 10.653
1 10.65298
1 10.65287
1 9.718449
1 9.718449
1 9.718428
1 9.877469
1 9.877448
1 9.913596
1 9.913656
1 9.925451
1 9.925471
1 9.925431
1 9.905242
1 9.905301
1 9.81518
1 9.815161
1 9.806542
1 9.806562
1 9.806522
1 9.790207
1 9.790188
1 9.782853
1 9.782874
1 9.782914
1 9.750018
1 9.750058
1 9.681884
1 9.681904
1 9.681945
1 9.67904
1 9.67906
1 9.649767
1 9.649787
1 9.689657
1 9.689638
1 9.689698
1 9.69773
1 9.697852
1 9.697811
1 9.732297
1 9.732297
1 9.678594
1 9.678594
1 9.678533
1 12.15716
1 12.15718
1 12.15727
1 12.15724
1 12.15722
1 45.52151
1 45.52152
1 12.15724
1 12.15719
1 12.15711
1 46.35931
1 46.35926
1 46.35935
1 46.35932
1 46.35934
1 35.27308
1 35.27311
1 46.14881
1 46.14875
1 46.14885
1 35.05086
1 35.05096
1 35.21769
1 35.21759
1 35.33102
1 35.33099
1 35.33094
1 35.49554
1 35.49552
1 35.5309
1 35.53091
1 35.61736
1 35.61751
1 35.61745
1 35.67504
1 35.67508
1 35.75571
1 35.75563
1 12.15716
1 12.15721
1 12.1573
1 12.15714
1 12.15714
1 10.52772
1 10.52775
1 10.52775
1 10.60335
1 10.60341
1 10.64289
1 10.64289
1 10.64289
1 10.65096
1 10.65091
1 10.65093
1 10.60287
1 10.60295
1 10.52201
1 10.52201
1 10.41934
1 10.41937
1 10.41932
1 10.28482
1 10.28488
1 10.14841
1 10.14846
1 10.0488
1 9.996192
1 9.996212
1 9.996212
1 9.996212
1 9.996192
1 9.996212
1 9.705633
1 9.705613
1 9.705633
1 9.656182
1 9.656182
1 9.656203
1 9.639636
1 9.639636
1 12.13123
1 12.13125
1 12.13125
1 12.15716
1 12.15722
1 3.958046
1 3.957997
1 3.958096
1 6.186402
1 6.186339
1 6.095868
1 6.095771
1 6.042962
1 6.042897
1 6.000577
1 6.000479
1 6.000609
1 6.02249
1 6.022458
1 6.022555
1 6.077542
1 6.077445
1 6.053593
1 6.053658
1 6.05356
1 5.958056
1 5.957891
1 5.867385
1 5.867352
1 5.867352
1 5.710692
1 5.710554
1 5.596957
1 5.596887
1 5.596887
1 5.11998
1 5.119942
1 8.421215
1 8.421215
1 8.421168
1 11.79532
1 11.79537
1 11.82895
1 11.82897
1 11.8289
1 11.86584
1 11.86593
1 8.195201
1 8.195225
1 8.292258
1 8.292258
1 8.292282
1 8.380143
1 8.380143
1 8.465198
1 8.465244
1 8.605168
1 8.605145
1 8.605145
1 8.759436
1 8.759436
1 8.961663
1 8.961663
1 8.961641
1 12.07527
1 12.07529
1 12.15727
1 12.15721
1 12.15721
1 12.15722
1 12.15719
1 8.368513
1 8.368537
1 8.368537
1 8.438128
1 8.438174
1 8.497037
1 8.497013
1 8.49706
1 3.360919
1 3.360744
1 3.360919
1 3.142737
1 3.142737
1 2.620549
1 2.620698
1 2.323721
1 2.259581
1 2.259581
1 1.972586
1 1.972586
1 1.709835
1 1.70972
1 1.709835
1 1.410421
1 1.410421
1 1.112236
1 1.112411
1 1.00833
1 1.00833
1 0.9371173
1 0.9366996
1 0.9371173
1 0.9863558
1 0.9861575
1 0.9861575
1 34.88863
1 34.88875
1 34.82185
1 34.82183
1 34.82181
1 3.134066
1 3.134004
1 3.022909
1 3.022779
1 3.022844
1 2.912016
1 2.912083
1 2.754206
1 2.754135
1 2.623311
1 2.623385
1 2.791129
1 2.791129
1 2.791059
1 2.988586
1 2.988586
1 2.984587
1 2.984522
1 2.98439
1 3.32225
1 3.32225
1 3.767228
1 3.767176
1 3.767124
1 3.924209
1 3.924209
1 3.879493
1 3.879493
1 8.596285
1 12.15711
1 12.15719
1 13.60076
1 13.60071
1 13.72421
1 13.72424
1 13.72422
1 13.73654
1 13.73658
1 13.73719
1 13.73717
1 13.73717
1 11.98191
1 11.9819
1 11.51187
1 11.51182
1 11.51186
1 11.22253
1 11.22251
1 11.06399
1 11.06399
1 11.06395
1 10.93578
1 10.93578
1 10.8785
1 10.87853
1 10.87848
1 10.84422
1 10.8113
1 10.81126
1 10.81128
1 10.8113
1 10.68157
1 10.68156
1 10.56071
1 10.56066
1 10.47195
1 10.47196
1 10.47196
1 10.22676
1 10.22674
1 10.03774
1 10.03778
1 10.03772
1 9.930938
1 9.930938
1 9.678513
1 9.678492
1 9.678513
1 9.55654
1 9.556581
1 9.5063
1 9.506321
1 9.442149
1 9.301638
1 9.301618
1 9.19411
1 9.194089
1 9.084824
1 9.084845
1 9.084867
1 10.72104
1 10.72101
1 12.15727
1 12.15721
1 12.15714
1 12.15718
1 12.15722
1 44.13737
1 44.13726
1 7.28082
1 7.280874
1 7.280847
1 47.12019
1 47.12012
1 47.12026
1 35.20964
1 35.20964
1 35.37999
1 35.37996
1 35.37999
1 35.53017
1 35.53022
1 35.61
1 35.61008
1 35.60999
1 35.52988
1 35.52991
1 35.34224
1 35.34227
1 35.34225
1 35.12127
1 35.12138
1 34.87709
1 34.87709
1 34.95043
1 34.95046
1 34.95038
1 12.15719
1 12.15718
1 12.15716
1 12.15721
1 12.15721
1 12.15727
1 12.15708
1 12.15722
1 12.15724
1 12.15722
1 12.15713
1 12.15719
1 8.17983
1 8.179782
1 8.170102
1 8.170078
1 8.170175
1 8.28636
1 8.286407
1 8.557448
1 8.557517
1 8.621541
1 8.501173
1 8.501219
1 8.142107
1 8.142083
1 7.862797
1 7.862822
1 7.82772
1 7.827745
1 7.827695
1 7.827745
1 7.165001
1 7.165028
1 6.831964
1 6.831964
1 6.831993
1 6.361744
1 6.361713
1 5.68279
1 5.682824
1 5.68279
1 5.267749
1 5.267861
1 4.89781
1 4.897931
1 4.455797
1 4.455841
1 4.455709
1 4.127681
1 4.127728
1 3.868726
1 3.868676
1 3.55969
1 3.5598
1 3.55991
1 3.168483
1 3.168544
1 2.729002
1 2.728859
1 2.729002
1 2.26719
1 2.267018
1 1.800376
1 1.800376
1 1.800376
1 1.384374
1 1.384374
1 1.247881
1 1.247881
1 1.274568
1 1.274261
1 1.274415
1 1.118376
1 1.118376
1 1.118901
1 1.118551
1 1.118376
1 8.507686
1 8.507731
1 8.446455
1 8.446432
1 8.446362
1 4.741484
1 4.741526
1 4.982164
1 4.982203
1 4.982125
1 5.189162
1 5.189124
1 5.189048
1 5.075551
1 5.075435
1 4.957961
1 4.957921
1 4.957961
1 4.655768
1 4.655768
1 4.406911
1 4.406956
1 4.366818
1 4.070107
1 4.070107
1 3.704013
1 3.70396
1 3.347143
1 3.347202
1 3.04806
1 3.04806
1 3.048253
1 2.655423
1 2.655496
1 2.287987
1 2.287901
1 2.287987
1 2.167989
1 2.16826
1 2.239745
1 2.239745
1 2.239832
