11 42.14008
11 42.21766
11 42.21758
11 42.21763
11 42.21772
11 42.21771
11 42.17391
11 42.17387
11 42.17388
11 42.17405
11 42.17389
11 42.17395
11 42.17399
11 42.17393
11 42.17402
11 42.17402
11 42.17391
11 42.10308
11 32.08484
11 32.08487
11 32.085
11 32.08493
11 32.08492
11 32.08491
11 42.09561
11 42.09555
11 42.09563
11 42.09554
11 42.09559
11 42.09567
11 42.09557
11 42.09554
11 42.02082
11 42.02078
11 42.0208
11 42.02077
11 42.02082
11 20.32816
11 20.32808
11 20.32809
11 20.32805
11 20.32808
11 20.32806
11 13.59266
11 13.59254
11 13.59275
11 13.5926
11 13.59257
11 7.574399
11 7.574451
11 7.574425
11 7.574399
11 7.574373
11 7.279473
11 7.279473
11 7.279634
11 7.279392
11 7.279527
11 6.891648
11 6.891676
11 6.891847
11 6.891676
11 6.891762
11 6.622083
11 6.622113
11 6.621964
11 6.621994
11 6.621906
11 6.521614
11 6.521614
11 6.521463
11 6.521463
11 6.521433
11 6.364517
11 6.364702
11 6.364487
11 6.364579
11 6.364425
11 13.03063
11 13.03059
11 13.03057
11 13.03059
11 13.03069
11 4.38767
11 4.387714
11 4.387714
11 4.387714
11 4.387714
11 20.32814
11 20.32803
11 20.32802
11 20.32804
11 20.3281
11 20.3282
11 20.32812
11 20.32815
11 20.3281
11 20.3281
11 20.32816
11 20.32809
11 20.32809
11 20.32819
11 20.32807
11 25.14944
11 25.14947
11 25.14945
11 25.14942
11 25.14946
11 24.71759
11 24.71756
11 24.71759
11 24.71748
11 24.71759
11 26.95487
11 26.95483
11 26.95482
11 26.95485
11 26.95483
11 26.97083
11 26.97079
11 26.9709
11 26.97092
11 26.9708
11 26.8663
11 26.86635
11 26.86634
11 26.8665
11 26.8664
11 26.69199
11 26.69209
11 26.69206
11 26.69198
11 26.69202
11 26.67093
11 26.67087
11 26.67083
11 26.67088
11 26.67083
11 26.81664
11 26.81656
11 26.81661
11 26.8167
11 26.81654
11 27.01456
11 27.01464
11 27.01464
11 27.01464
11 27.01459
11 27.1966
11 27.19654
11 27.19644
11 27.19659
11 27.19654
11 27.40761
11 27.40768
11 27.40764
11 27.40761
11 27.40763
11 26.17929
11 26.14877
11 26.14882
11 26.1488
11 26.14875
11 20.32811
11 20.32809
11 20.32807
11 20.32806
11 20.3281
11 20.32805
11 28.05938
11 28.05938
11 28.0594
11 28.05943
11 28.0594
11 28.05941
11 20.32807
11 20.32811
11 20.32815
11 20.32815
11 20.32804
11 26.95418
11 26.9542
11 26.95418
11 26.9542
11 26.95418
11 35.47251
11 35.47241
11 35.47254
11 35.47241
11 35.47238
11 35.47241
11 35.05146
11 35.05141
11 35.05151
11 35.05147
11 35.05155
11 35.05147
11 35.05147
11 12.86276
11 12.86281
11 12.86295
11 12.86278
11 12.86278
11 12.3744
11 12.3743
11 12.37433
11 12.37441
11 12.37432
11 12.25503
11 8.085414
11 8.085439
11 8.085365
11 8.085317
11 8.085439
11 7.557696
11 7.5578
11 7.557696
11 7.55767
11 7.557618
11 6.992827
11 6.992772
11 6.992575
11 6.992772
11 6.681842
11 6.39948
11 6.399664
11 6.399603
11 6.399541
11 6.399572
11 6.574948
11 6.575008
11 6.575098
11 6.575008
11 6.574978
11 20.32817
11 20.32816
11 20.32813
11 20.32801
11 20.3281
11 19.59045
11 19.5904
11 19.76604
11 19.79793
11 19.79791
11 19.798
11 19.79792
11 19.798
11 19.80146
11 19.8015
11 19.80151
11 19.80163
11 19.80147
11 19.8015
11 19.62076
11 19.62077
11 19.62088
11 19.62078
11 19.6208
11 19.12901
11 19.12906
11 19.12916
11 19.12911
11 19.12903
11 18.31569
11 18.31571
11 18.31563
11 18.31566
11 18.31558
11 18.3157
11 20.32808
11 20.32812
11 20.32817
11 20.32808
11 20.32802
11 6.918917
11 6.91886
11 6.918832
11 6.919002
11 6.919002
11 6.897224
11 6.897224
11 6.897195
11 6.897139
11 6.897224
11 6.863957
11 6.864043
11 6.864014
11 6.864214
11 6.8641
11 6.400736
11 6.400828
11 6.400645
11 6.400736
11 6.400767
11 6.213029
11 6.212966
11 6.212871
11 6.212966
11 6.212713
11 6.035626
11 6.035756
11 6.035788
11 6.035756
11 6.035691
11 5.827967
11 5.827967
11 5.827967
11 5.827899
11 5.828067
11 5.828
11 5.616148
11 5.615868
11 5.615973
11 5.616008
11 5.616043
11 5.020008
11 5.020086
11 5.020047
11 5.020086
11 5.019969
11 4.627238
11 4.627281
11 4.627281
11 4.627281
11 4.627366
11 4.295095
11 4.294958
11 4.295141
11 4.295232
11 4.295232
11 3.977591
11 3.977591
11 3.977689
11 3.977689
11 3.97764
11 7.747345
11 7.747269
11 7.747345
11 7.747295
11 7.74732
11 7.747269
11 32.24457
11 32.24459
11 32.2446
11 32.24448
11 32.24463
11 32.2446
11 6.863271
11 6.863328
11 6.863328
11 6.863243
11 6.863299
11 6.863214
11 12.1727
11 12.17272
11 12.1727
11 12.17267
11 12.17265
11 12.24682
11 12.24687
11 12.24679
11 12.24671
11 12.24682
11 0.9375348
11 0.9375348
11 0.9373261
11 0.9379522
11 0.9373261
11 12.10159
11 12.10164
11 12.10161
11 12.10161
11 12.10175
11 11.98341
11 11.98354
11 11.98349
11 11.98342
11 11.98352
11 3.081403
11 3.081403
11 3.081403
11 3.081403
11 3.081467
11 11.70695
11 11.70701
11 11.7071
11 11.70705
11 11.70706
11 4.046898
11 4.046898
11 4.04685
11 4.046898
11 4.046947
11 4.046753
11 3.744654
11 3.74455
11 3.744811
11 3.744706
11 3.744759
11 3.436384
11 3.43627
11 3.436498
11 3.436441
11 3.436555
11 3.739788
11 3.739788
11 3.73984
11 3.739736
11 3.739683
11 3.840226
11 4.045785
11 4.045834
11 4.045834
11 4.045834
11 4.084085
11 4.222713
11 4.222898
11 4.222898
11 4.222945
11 4.222898
11 4.332778
11 4.332823
11 4.332642
11 4.332597
11 4.332687
11 4.316429
11 4.316474
11 4.316474
11 4.316655
11 4.316519
11 4.176029
11 4.176029
11 4.176029
11 4.176123
11 4.17617
11 4.19498
11 4.194887
11 4.19498
11 4.19498
11 4.195027
11 4.147466
11 4.147418
11 4.147418
11 4.147371
11 4.147466
11 4.147466
11 4.09199
11 4.09199
11 4.09199
11 4.092038
11 4.092038
11 4.09199
11 3.69581
11 3.695864
11 3.69581
11 3.69597
11 3.69581
11 11.1195
11 11.11946
11 11.11942
11 11.11942
11 11.11953
11 11.13142
11 11.13141
11 11.13142
11 11.13135
11 11.13146
11 11.12415
11 11.1242
11 11.1242
11 11.12419
11 11.12417
11 11.13859
11 11.13864
11 11.13871
11 11.13875
11 11.13866
11 11.13157
11 11.13155
11 11.13148
11 11.13165
11 11.13165
11 11.15904
11 11.16027
11 11.16022
11 11.1602
11 11.16027
11 11.09223
11 11.10245
11 11.10223
11 11.10229
11 11.10229
11 11.10229
11 11.12405
11 11.12396
11 11.12406
11 11.12403
11 11.12408
11 11.16867
11 11.16862
11 11.1687
11 11.16865
11 11.16855
11 3.387262
11 3.387262
11 3.387205
11 3.387205
11 3.38732
11 3.297169
11 3.29711
11 3.29711
11 3.29711
11 3.29705
11 3.250946
11 3.251127
11 3.251006
11 3.251006
11 3.250946
11 3.245039
11 3.200818
11 3.200818
11 3.200695
11 3.200757
11 3.200757
11 3.193224
11 3.193163
11 3.193224
11 3.193285
11 3.193347
11 3.240511
11 3.240451
11 3.240511
11 3.240571
11 3.240632
11 3.306952
11 3.302923
11 3.303042
11 3.303042
11 3.302864
11 3.302864
11 3.303042
11 3.321248
11 3.321307
11 3.321307
11 3.321248
11 3.321366
11 3.381593
11 3.312748
11 3.312808
11 3.312689
11 3.312867
11 3.312689
11 2.48341
11 2.48341
11 2.483568
11 2.483489
11 2.483568
11 2.448246
11 2.448166
11 2.448006
11 2.448086
11 2.448166
11 2.448166
11 2.374051
11 2.373968
11 2.373886
11 2.374051
11 2.373803
11 2.339754
11 2.339754
11 2.339754
11 2.33967
11 2.339754
11 2.302058
11 2.302228
11 2.302398
11 2.302228
11 2.302483
11 2.395145
11 2.395227
11 2.395145
11 2.395145
11 2.394982
11 2.432446
11 2.432285
11 2.432365
11 2.432365
11 2.432446
11 2.443765
11 2.443765
11 2.443845
11 2.443845
11 2.443925
11 2.335316
11 2.335232
11 2.335148
11 2.334981
11 2.3354
11 2.407697
11 2.407697
11 2.40786
11 2.40786
11 2.407697
11 2.408672
11 2.408672
11 2.408754
11 2.408591
11 2.408591
11 2.417999
11 2.41808
11 2.417999
11 2.418323
11 2.41808
11 2.398248
11 2.398575
11 2.39833
11 2.398248
11 2.398412
11 2.480492
11 2.480571
11 2.480413
11 2.480492
11 2.480177
11 2.505694
11 2.581113
11 2.581264
11 2.58134
11 2.581188
11 2.581492
11 2.68788
11 2.687953
11 2.687953
11 2.687953
11 2.68788
11 2.60812
11 2.548218
11 2.548142
11 2.548295
11 2.548065
11 2.548142
11 2.511935
11 2.512169
11 2.512169
11 2.512091
11 2.512091
11 2.54499
11 2.54499
11 2.545144
11 2.54499
11 2.545144
11 2.603989
11 2.61726
11 2.617335
11 2.61741
11 2.617484
11 2.617335
11 2.582856
11 2.582856
11 2.582856
11 2.58278
11 2.582629
11 2.363309
11 2.363474
11 2.363391
11 2.363557
11 2.363309
11 15.09022
11 15.09028
11 15.09023
11 15.0902
11 15.09027
11 3.441109
11 3.441052
11 3.441109
11 3.441052
11 3.441052
11 3.441166
11 12.51104
11 12.51095
11 12.51104
11 12.51096
11 12.51106
11 4.552512
11 4.552641
11 4.552727
11 4.552555
11 4.552555
11 4.479209
11 4.479165
11 4.479253
11 4.479034
11 4.479209
11 4.586633
11 4.58659
11 4.586804
11 4.586761
11 4.586719
11 4.586804
11 4.575516
11 4.575516
11 4.57543
11 4.575473
11 4.575387
11 4.575516
11 4.595933
11 4.596019
11 4.595891
11 4.595933
11 4.595806
11 4.551479
11 4.551436
11 4.551694
11 4.551694
11 4.551608
11 11.93195
11 11.9318
11 11.93182
11 11.93177
11 11.93185
11 4.967278
11 4.967199
11 4.967238
11 4.967278
11 4.967238
11 5.065349
11 5.065388
11 5.065465
11 5.065427
11 5.065349
11 11.6517
11 11.68043
11 11.68051
11 11.68038
11 11.68031
11 11.68034
11 11.65297
11 11.65298
11 11.65288
11 11.653
11 11.65283
11 4.185211
11 4.185118
11 4.185118
11 4.185071
11 4.185352
11 4.227997
11 4.253904
11 4.25372
11 4.253767
11 4.253628
11 4.253812
11 3.596899
11 3.596681
11 3.596735
11 3.59679
11 3.59679
11 3.442759
11 3.442759
11 3.442702
11 3.442645
11 3.442759
11 3.482565
11 3.482846
11 3.482565
11 3.48279
11 3.482678
11 3.45281
11 3.453264
11 3.453037
11 3.452981
11 3.452924
11 3.470683
11 3.47057
11 3.470739
11 3.470626
11 3.470739
11 3.481891
11 3.482003
11 3.482059
11 3.481891
11 3.481947
11 3.482059
11 3.556333
11 3.556223
11 3.556168
11 3.556278
11 3.556168
11 3.556278
11 3.556058
11 3.556223
11 3.556388
11 3.465319
11 3.465263
11 3.465376
11 3.465319
11 3.465432
11 3.465376
11 3.547734
11 3.547679
11 3.547789
11 3.547734
11 3.547789
11 3.602609
11 3.602284
11 3.602501
11 3.602229
11 3.602338
11 3.689501
11 3.689501
11 3.689606
11 3.68966
11 3.689501
11 3.683445
11 3.701422
11 3.701422
11 3.701422
11 3.701316
11 3.701528
11 3.766708
11 3.766812
11 3.766812
11 3.76676
11 3.76676
11 3.933331
11 3.93353
11 3.93348
11 3.93348
11 3.93348
11 3.92366
11 3.923411
11 3.92376
11 3.92356
11 3.92356
11 3.738531
11 3.738479
11 3.738636
11 3.738688
11 3.738741
11 3.274528
11 3.274587
11 3.274528
11 3.274647
11 3.274587
11 3.321012
11 3.321012
11 3.320894
11 3.321189
11 3.321071
11 3.202224
11 3.202163
11 3.202163
11 3.202163
11 3.202102
11 3.202957
11 3.203019
11 3.20308
11 3.202896
11 3.202957
11 3.197268
11 3.197207
11 3.197207
11 3.197207
11 3.197084
11 3.188684
11 3.12487
11 3.124745
11 3.125058
11 3.124745
11 3.12487
11 3.190219
11 3.19028
11 3.19028
11 3.190035
11 3.190157
11 3.129503
11 3.12944
11 3.129503
11 3.129315
11 3.129565
11 3.06433
11 3.064394
11 3.064458
11 3.064202
11 3.06433
11 3.082229
11 3.082166
11 3.082293
11 3.082293
11 3.082166
11 3.082229
11 3.109106
11 3.108917
11 3.108854
11 3.10898
11 3.108791
11 3.132504
11 3.132441
11 3.132566
11 3.132691
11 3.132441
11 3.14641
11 3.225129
11 3.225069
11 3.225008
11 3.225129
11 3.225069
11 3.178415
11 3.178292
11 3.178107
11 3.178292
11 3.178353
11 3.301382
11 3.301441
11 3.301323
11 3.301441
11 3.301441
11 3.368134
11 3.368193
11 3.368251
11 3.368367
11 3.368367
11 3.32849
11 3.348254
11 3.348313
11 3.348196
11 3.348313
11 3.348254
11 5.157879
11 5.157917
11 5.158069
11 5.157879
11 5.157879
11 10.26853
11 10.26861
11 10.26851
11 10.26863
11 10.26855
11 6.943311
11 6.943283
11 6.943339
11 6.943254
11 6.943339
11 5.204131
11 5.204093
11 5.203942
11 5.204168
11 5.204168
11 5.204206
11 10.71091
11 10.71096
11 10.71096
11 10.71094
11 10.71101
11 5.192182
11 5.192219
11 5.192144
11 5.192257
11 5.192257
11 5.192219
11 7.763365
11 7.763416
11 7.763491
11 7.763441
11 7.763491
11 7.570175
11 7.570201
11 7.570253
11 7.570227
11 7.570279
11 7.388545
11 7.388518
11 7.388571
11 7.388597
11 7.388518
11 7.136826
11 7.136881
11 7.136881
11 7.136744
11 7.136853
11 7.111492
11 7.111465
11 7.111575
11 7.111575
11 7.11152
11 7.11152
11 20.83346
11 20.83355
11 20.83344
11 20.8335
11 20.83341
11 20.83353
11 10.76644
11 10.76635
11 10.76637
11 10.7664
11 10.76646
11 9.319538
11 9.319581
11 9.319538
11 9.319559
11 9.319581
11 9.319538
11 4.223733
11 4.223965
11 4.223919
11 4.223687
11 4.22378
11 4.223919
11 1.591147
11 1.59127
11 1.591393
11 1.591393
11 1.59127
11 1.608152
11 1.608395
11 1.608273
11 1.608273
11 1.608273
11 1.508309
11 1.508309
11 1.508309
11 1.50818
11 1.508439
11 1.549145
11 1.548766
11 1.548892
11 1.549145
11 1.549397
11 1.470335
11 1.470335
11 1.470335
11 1.470335
11 1.470202
11 1.470069
11 1.250857
11 1.250701
11 1.251014
11 1.25117
11 1.251014
11 1.214504
11 1.214182
11 1.214182
11 1.214343
11 1.214182
11 1.127264
11 1.127264
11 1.127091
11 1.127264
11 1.127091
11 1.02641
11 1.02641
11 1.02641
11 1.02622
11 1.02622
11 0.9755841
11 0.9755841
11 0.9753835
11 0.9753835
11 0.9757847
11 1.045114
11 1.045488
11 1.045488
11 1.045301
11 1.045301
11 0.9761857
11 0.9761857
11 0.9763861
11 0.9765865
11 0.9761857
11 0.9853634
11 0.9851648
11 0.9849661
11 0.9853634
11 0.9851648
11 0.9054703
11 0.9054703
11 0.9052542
11 0.9059024
11 0.9052542
11 0.7999081
11 0.8001527
11 0.7996635
11 0.7999081
11 0.7999081
11 0.7540734
11 0.7540734
11 0.7540734
11 0.7540734
11 0.7540734
11 0.6321102
11 0.6324196
11 0.6324196
11 0.6324196
11 0.6321102
11 0.5616257
11 0.5616257
11 0.5609285
11 0.5609285
11 0.5612772
11 0.5609285
11 0.9769872
11 0.9767869
11 0.9767869
11 0.9769872
11 1.086425
11 1.175198
11 1.175365
11 1.175198
11 1.175365
11 1.174865
11 1.350457
11 1.350602
11 1.350457
11 1.350747
11 1.350312
11 1.422853
11 1.423128
11 1.422853
11 1.422853
11 1.422716
11 1.421064
11 1.420926
11 1.420651
11 1.420789
11 1.420651
11 1.412916
11 1.412916
11 1.413054
11 1.413193
11 1.412916
11 1.446045
11 1.44618
11 1.44618
11 1.44591
11 1.44618
11 1.422303
11 1.422303
11 1.422303
11 1.422578
11 1.422165
11 1.367306
11 1.367592
11 1.367592
11 1.367306
11 1.367592
11 1.251952
11 1.252108
11 1.252421
11 1.252264
11 1.251952
11 1.24301
11 1.24301
11 1.24301
11 1.24301
11 1.242853
11 1.24301
11 1.234163
11 1.233846
11 1.234163
11 1.234004
11 1.233846
11 1.302361
11 1.302361
11 1.302061
11 1.302361
11 1.371878
11 1.4201
11 1.419962
11 1.4201
11 1.420238
11 1.420238
11 1.483057
11 1.501026
11 1.501156
11 1.501156
11 1.501156
11 1.512067
11 1.407504
11 1.407365
11 1.407365
11 1.407226
11 1.407643
11 1.322046
11 1.32175
11 1.322046
11 1.321602
11 1.32175
11 1.192226
11 1.191897
11 1.191897
11 1.192061
11 1.192226
11 1.211115
11 1.211439
11 1.211115
11 1.211115
11 1.211115
11 1.191897
11 1.191733
11 1.192061
11 1.191897
11 1.192061
11 1.191897
11 1.139523
11 1.139523
11 1.139523
11 1.139351
11 1.139866
11 1.082636
11 1.082455
11 1.082636
11 1.082636
11 1.082455
11 1.127785
11 1.127959
11 1.127612
11 1.127612
11 1.127612
11 1.18795
11 1.18795
11 1.18795
11 1.187621
11 1.18795
11 1.188115
11 1.174532
11 1.174532
11 1.174532
11 1.174365
11 1.174365
11 1.249448
11 1.249448
11 1.249448
11 1.249448
11 1.249448
11 1.266096
11 1.26625
11 1.266096
11 1.266096
11 1.266096
11 1.230193
11 1.230193
11 1.230034
11 1.230034
11 1.230034
11 1.24301
11 1.24301
11 1.242853
11 1.242853
11 1.243168
11 1.24301
11 1.221252
11 1.221252
11 1.221573
11 18.2499
11 18.2498
11 18.16694
11 18.16702
11 18.1669
11 18.16694
11 18.16705
11 18.06289
11 18.06281
11 18.06285
11 18.06269
11 18.06278
11 18.15339
11 18.15331
11 18.15335
11 18.15343
11 18.1533
11 18.14839
11 18.14835
11 18.1484
11 18.14831
11 18.14829
11 17.93238
11 17.93228
11 17.93224
11 17.93234
11 17.93234
11 14.58254
11 12.37588
11 12.37575
11 12.37593
11 12.37589
11 12.37591
11 2.044592
11 2.044496
11 2.044496
11 2.044496
11 2.044401
11 1.874924
11 1.875237
11 1.875028
11 1.875028
11 1.875132
11 1.875028
11 1.750889
11 1.751001
11 1.750777
11 1.751001
11 1.750777
11 1.40653
11 1.406392
11 1.406252
11 1.406392
11 1.40667
11 1.121347
11 1.120998
11 1.120823
11 1.121172
11 1.121172
11 1.005999
11 1.006194
11 1.005999
11 1.006194
11 1.005804
11 0.9930781
11 0.9930781
11 0.9930781
11 0.9926839
11 0.993669
11 0.9966185
11 1.36487
11 1.364727
11 1.364584
11 1.365157
11 1.36487
11 1.5418
11 1.541927
11 1.541674
11 1.5418
11 1.541927
11 1.534166
11 1.91295
11 1.912746
11 1.912643
11 1.912746
11 1.912848
11 2.515673
11 2.515829
11 2.515751
11 2.515673
11 2.515829
11 2.710939
11 2.710794
11 2.710722
11 2.710794
11 2.710794
11 2.830407
11 3.23507
11 3.23507
11 3.23507
11 3.23507
11 3.23507
11 3.235009
11 3.627416
11 3.627362
11 3.62747
11 3.62747
11 3.62747
11 3.62747
11 3.617579
11 3.617687
11 3.617687
11 3.617579
11 3.617633
11 3.604403
11 3.60424
11 3.604294
11 3.604294
11 3.604294
11 3.550603
11 3.550493
11 3.550493
11 3.550548
11 3.550603
11 3.605978
11 3.606032
11 3.606032
11 3.606195
11 3.606141
11 3.606032
11 3.694963
11 3.695016
11 3.695069
11 3.694857
11 3.694857
11 3.694963
11 3.704542
11 3.704701
11 3.704595
11 3.704489
11 3.704648
11 3.640832
11 3.640832
11 3.640886
11 3.640778
11 3.640939
11 3.640778
11 3.588615
11 3.588669
11 3.58856
11 3.58856
11 3.588615
11 3.590851
11 3.564637
11 3.564637
11 3.564527
11 3.564527
11 3.564582
11 3.769306
11 3.769203
11 3.769254
11 3.769254
11 3.769203
11 3.769203
11 4.53151
11 4.531683
11 4.531553
11 4.531596
11 4.53164
11 4.619442
11 4.619442
11 4.619442
11 4.619401
11 4.61957
11 4.526536
11 4.526709
11 4.526579
11 4.526536
11 4.526579
11 4.427796
11 4.427796
11 4.427796
11 4.427796
11 4.427751
11 4.352172
11 4.352127
11 4.352082
11 4.352127
11 4.352172
11 4.296007
11 4.296053
11 4.296053
11 4.296007
11 4.296053
11 4.296099
11 4.222945
11 4.222945
11 4.222898
11 4.222945
11 4.222991
11 4.243394
11 4.243256
11 4.243209
11 4.243256
11 4.243302
11 4.243209
11 4.243256
11 4.288935
11 4.28898
11 4.288889
11 4.28898
11 4.288935
11 4.226236
11 4.22619
11 4.226283
11 4.226329
11 4.226236
11 4.254088
11 4.253996
11 4.254043
11 4.254043
11 4.25395
11 4.305024
11 4.304979
11 4.305024
11 4.304979
11 4.304979
11 4.3928
11 4.392845
11 4.392756
11 4.392756
11 4.392845
11 4.392889
11 4.307253
11 4.307162
11 4.307162
11 4.307117
11 4.307071
11 4.21087
11 4.210916
11 4.21087
11 4.21087
11 4.210823
11 4.123978
11 4.12393
11 4.12393
11 4.124073
11 4.124025
11 4.124025
11 4.128629
11 4.128487
11 4.128629
11 4.128582
11 4.128534
11 4.248883
11 4.248837
11 4.248791
11 4.248837
11 4.248745
11 4.326761
11 4.326807
11 4.326761
11 4.326807
11 4.326852
11 4.326716
11 4.291355
11 4.2914
11 4.291446
11 4.291355
11 4.291492
11 4.357794
11 4.357883
11 4.357883
11 4.357883
11 4.357839
11 4.357389
11 4.357434
11 4.357479
11 4.357479
11 4.357434
11 4.286925
11 4.286925
11 4.28688
11 4.286971
11 4.28688
11 4.202443
11 4.202489
11 4.20235
11 4.202303
11 4.202396
11 4.234246
11 4.2342
11 4.2342
11 4.234246
11 4.2342
11 4.234292
11 4.263608
11 4.263653
11 4.263562
11 4.263653
11 4.263608
11 4.266363
11 4.266409
11 4.266317
11 4.266409
11 4.266409
11 4.177248
11 4.177296
11 4.177202
11 4.177248
11 4.177248
11 4.113375
11 4.113375
11 4.11347
11 4.113327
11 4.113422
11 4.220254
11 4.220208
11 4.220115
11 4.220161
11 4.220115
11 4.220161
11 4.250173
11 4.250127
11 4.250127
11 4.250127
11 4.250173
11 4.204865
11 4.204819
11 4.204819
11 4.204772
11 4.204912
11 4.184182
11 4.184088
11 4.184182
11 4.184182
11 4.184041
11 4.156239
11 4.181513
11 4.181607
11 4.181653
11 4.181513
11 4.181607
11 4.076934
11 4.077031
11 4.076934
11 4.076982
11 4.077031
11 4.018977
11 4.019074
11 4.01888
11 4.018977
11 4.01888
11 4.01888
11 4.005164
11 4.005066
11 4.005017
11 4.005115
11 4.005066
11 4.005017
11 4.052894
11 4.052894
11 4.052943
11 4.052894
11 4.052846
11 4.034248
11 4.034346
11 4.034394
11 4.034248
11 4.034297
11 3.999048
11 3.983248
11 3.983347
11 3.983248
11 3.983248
11 3.983248
11 3.925955
11 3.925906
11 3.925856
11 3.925856
11 3.925906
11 3.925806
11 3.912915
11 3.912865
11 3.912915
11 3.912815
11 3.912966
11 3.992922
11 4.070878
11 4.070878
11 4.070878
11 4.070878
11 4.070829
11 4.093569
11 4.093473
11 4.093425
11 4.093569
11 4.093521
11 4.093473
11 4.14567
11 4.145718
11 4.145576
11 4.145624
11 4.145624
11 4.158359
11 4.158359
11 4.158406
11 4.158359
11 4.158359
11 4.202024
11 4.20207
11 4.201977
11 4.202024
11 4.202163
11 4.202117
11 4.114326
11 4.114326
11 4.114279
11 4.114375
11 4.114375
11 4.114232
11 4.011222
11 4.011222
11 4.011125
11 4.01132
11 4.011222
11 4.132802
11 4.132754
11 4.132754
11 4.132707
11 4.132754
11 3.728724
11 3.728672
11 3.728882
11 3.728724
11 3.728724
11 3.728724
11 31.12697
11 31.12703
11 31.12697
11 31.12704
11 31.12706
11 15.55542
11 15.55537
11 15.55551
11 15.55546
11 15.55539
11 15.55542
11 3.11571
11 3.115647
11 3.115773
11 3.115584
11 3.115647
11 3.115647
11 10.5749
11 10.57494
11 10.57499
11 10.57496
11 10.57494
11 17.22731
11 17.22729
11 17.22715
11 17.6755
11 17.67554
11 17.67547
11 19.47657
11 19.47663
11 19.4766
11 19.47662
11 19.47657
11 19.47666
11 54.23378
11 54.23381
11 54.23378
11 54.23377
11 54.23383
11 53.92467
11 53.99441
11 53.99441
11 53.99443
11 53.99443
11 14.29291
11 14.29295
11 14.29302
11 14.29303
11 14.29305
11 7.973117
11 7.972994
11 7.973093
11 7.973142
11 7.973068
11 7.973043
11 1.576567
11 1.576939
11 1.576567
11 1.576567
11 1.576815
11 1.311793
11 1.311942
11 1.311942
11 1.311942
11 1.311644
11 1.311942
11 1.370736
11 1.370736
11 1.370736
11 1.370879
11 1.370879
11 1.396197
11 1.392829
11 1.392829
11 1.39311
11 1.392829
11 1.392829
11 1.630269
11 1.630149
11 1.630029
11 1.630149
11 1.630269
11 1.58967
11 1.589547
11 1.589424
11 1.589547
11 1.589424
11 1.704676
11 1.704676
11 1.704676
11 1.704906
11 1.704676
11 1.704676
11 1.75903
11 1.759141
11 1.759141
11 1.758918
11 1.758807
11 1.730766
11 1.730766
11 1.730766
11 1.730992
11 1.730879
11 1.730766
11 1.757694
11 1.75736
11 1.757583
11 1.757583
11 1.757471
11 1.753346
11 1.753123
11 1.753346
11 1.753346
11 1.753235
11 1.753235
11 1.727484
11 1.727371
11 1.727484
11 1.727371
11 1.727484
11 1.701689
11 1.701574
11 1.701574
11 1.701804
11 1.701574
11 1.733478
11 1.733704
11 1.733478
11 1.733591
11 1.733591
11 1.733591
11 1.761253
11 1.761253
11 1.761142
11 1.761475
11 1.761253
11 1.745067
11 1.745067
11 1.745292
11 1.745292
11 1.745292
11 1.760031
11 1.760253
11 1.760031
11 1.759919
11 1.760364
11 1.788598
11 1.788598
11 1.788598
11 1.788488
11 1.788707
11 1.788488
11 1.738776
11 1.738888
11 1.738551
11 1.738888
11 1.738776
11 1.738888
11 1.776521
11 1.776411
11 1.776301
11 1.776411
11 1.776521
11 1.869174
11 1.869488
11 1.869279
11 1.869383
11 1.869174
11 1.869383
11 1.899295
11 1.898986
11 1.899295
11 1.899295
11 1.899398
11 1.902486
11 1.902692
11 1.902692
11 1.902692
11 1.902692
11 1.925899
11 1.950537
11 1.950637
11 1.950938
11 1.950838
11 1.950637
11 1.978926
11 1.978926
11 1.978926
11 1.978827
11 1.978926
11 1.958947
11 1.958847
11 1.958847
11 1.958847
11 1.958847
11 1.958747
11 2.000858
11 2.000956
11 2.000858
11 2.000858
11 2.000858
11 2.003888
11 2.003888
11 2.003888
11 2.003986
11 2.004084
11 1.92925
11 1.929351
11 1.929453
11 1.928946
11 1.929047
11 1.92925
11 1.935327
11 1.935226
11 1.935226
11 1.935226
11 1.935327
11 1.813049
11 1.812833
11 1.812617
11 1.812833
11 1.812941
11 1.812725
11 1.77001
11 1.77012
11 1.77012
11 1.77001
11 1.77001
11 1.77001
11 1.869907
11 1.870011
11 1.870116
11 1.870011
11 1.869907
11 8.661952
11 8.661884
11 8.661884
11 8.662044
11 8.661884
11 8.733407
11 2.658591
11 2.658591
11 2.658664
11 2.658591
11 2.658664
11 2.698491
11 2.698636
11 2.698636
11 2.698709
11 2.698564
11 3.051783
11 3.051655
11 3.051719
11 3.051719
11 3.051783
11 3.051719
11 3.457797
11 3.45774
11 3.457797
11 3.457683
11 3.45774
11 3.522478
13 34.0429
13 34.04294
13 34.0429
13 34.04295
13 34.04276
13 23.15571
13 23.15578
13 23.15573
13 23.15574
13 23.15567
13 43.65118
13 43.70762
13 43.70766
13 43.70752
13 43.70756
13 43.70747
13 43.79803
13 43.7979
13 43.79799
13 43.79813
13 43.79796
13 43.79786
13 43.76521
13 43.76514
13 43.76505
13 43.76516
13 43.7652
13 43.7766
13 43.77666
13 43.77669
13 43.77661
13 43.77668
13 43.77654
13 43.74616
13 43.74633
13 43.74627
13 43.74624
13 43.74621
13 20.32805
13 20.3281
13 20.32817
13 20.32811
13 20.32814
13 20.32815
13 20.32807
13 20.32808
13 20.32811
13 20.32807
13 20.32806
13 12.31741
13 12.31734
13 12.31744
13 12.31746
13 12.31741
13 9.988771
13 9.988615
13 9.988654
13 9.988615
13 9.988477
13 9.988713
13 9.764728
13 9.764809
13 9.764768
13 9.764749
13 9.764768
13 12.04929
13 12.04929
13 12.04922
13 12.04932
13 12.0493
13 12.0493
13 43.02558
13 43.02551
13 43.02548
13 43.02536
13 43.02551
13 43.02557
13 24.95738
13 24.95731
13 24.95722
13 24.95725
13 24.95731
13 24.95727
13 36.7631
13 36.76305
13 36.76318
13 36.7631
13 36.76323
13 45.70778
13 45.70764
13 45.70771
13 45.70779
13 45.70773
13 45.70777
13 45.70773
13 45.70776
13 43.15236
13 43.15244
13 43.15235
13 43.15244
13 43.15235
13 43.15235
13 34.6195
13 34.61964
13 34.61964
13 34.61958
13 34.61958
13 34.61942
13 34.62492
13 34.62485
13 34.6249
13 34.62501
13 34.62485
13 34.62497
13 38.98197
13 38.98209
13 38.98207
13 38.98196
13 38.98216
13 38.98221
13 39.12362
13 39.1237
13 39.12364
13 39.12356
13 39.12382
13 49.64678
13 49.64685
13 49.64666
13 49.64684
13 49.6467
13 49.64676
13 34.43938
13 34.43946
13 34.43943
13 34.43944
13 34.43938
13 34.43946
13 20.3281
13 20.32816
13 20.32809
13 20.32806
13 20.32807
13 20.32809
13 40.42228
13 40.42237
13 40.42244
13 40.42242
13 40.42245
13 20.32805
13 20.32808
13 20.32813
13 20.32819
13 20.32814
13 20.32807
13 57.37558
13 57.37554
13 57.37559
13 57.37553
13 57.37569
13 20.3281
13 20.32813
13 20.3281
13 20.32806
13 20.32808
13 20.32814
13 24.03065
13 24.03063
13 24.03079
13 24.03072
13 24.0307
13 24.03067
13 15.57468
13 15.57461
13 15.57473
13 15.57475
13 15.57462
13 34.59045
13 34.59048
13 34.59054
13 34.59047
13 34.59055
13 35.34034
13 35.34024
13 35.3404
13 35.34034
13 35.34025
13 35.34034
13 36.66571
13 36.66581
13 36.66585
13 36.66579
13 36.66595
13 40.67099
13 40.67094
13 40.67097
13 40.67091
13 40.67092
13 46.40121
13 46.40105
13 46.40118
13 46.40113
13 46.4011
13 20.32811
13 20.32811
13 20.32801
13 20.32813
13 20.32808
13 40.62127
13 40.56853
13 40.56864
13 40.56848
13 40.56856
13 40.56846
13 40.57841
13 56.35183
13 56.35176
13 56.35197
13 56.3518
13 56.35186
13 29.84572
13 29.8457
13 29.84566
13 29.84576
13 29.84567
13 27.94422
13 27.9442
13 27.9443
13 27.9443
13 27.94433
13 27.94417
13 36.27253
13 36.27258
13 36.27251
13 36.27238
13 36.2723
13 20.32806
13 20.32813
13 20.32818
13 20.32812
13 20.32802
13 20.32807
13 20.04994
13 13.56967
13 13.56972
13 13.56969
13 13.56972
13 13.56967
13 13.3633
13 13.36315
13 13.36327
13 13.36321
13 13.36326
13 12.99774
13 12.99777
13 12.99784
13 12.99772
13 12.99783
13 13.0723
13 13.07228
13 13.07223
13 13.07219
13 13.0723
13 18.72164
13 18.72161
13 18.72153
13 18.72163
13 18.72163
13 18.72165
13 19.35245
13 19.35241
13 19.35245
13 19.35255
13 19.35251
13 19.07814
13 19.07805
13 19.07809
13 19.078
13 19.07804
13 20.8833
13 20.88333
13 20.88331
13 20.88327
13 20.88324
13 10.72464
13 10.72466
13 10.72462
13 10.72462
13 10.72468
13 10.63969
13 10.54671
13 10.54673
13 10.54673
13 10.54671
13 10.54669
13 9.597613
13 9.597654
13 9.597634
13 9.597634
13 9.597613
13 9.290327
13 9.290412
13 9.29037
13 9.290412
13 13.74193
13 20.32811
13 20.32805
13 20.32814
13 20.32813
13 20.32808
13 21.32119
13 21.32112
13 21.32104
13 21.32109
13 21.32108
13 21.69989
13 21.69981
13 21.69989
13 21.69985
13 21.6998
13 21.69981
13 26.55811
13 26.55813
13 26.55804
13 26.55809
13 26.55807
13 26.50235
13 26.50237
13 26.5025
13 26.50245
13 26.50244
13 26.30662
13 26.30657
13 26.30662
13 26.30662
13 26.30665
13 26.30645
13 26.07969
13 26.07974
13 26.07972
13 26.07972
13 26.07986
13 26.03751
13 26.03765
13 26.03749
13 26.03759
13 26.03763
13 26.03759
13 26.6687
13 26.66877
13 26.66875
13 26.66874
13 26.66877
13 22.02373
13 20.32813
13 20.32807
13 20.32812
13 20.32814
13 20.32806
13 16.88023
13 10.30433
13 10.30431
13 10.30435
13 10.30435
13 10.30427
13 11.04372
13 11.04373
13 11.04375
13 11.0437
13 11.0437
13 8.973582
13 8.973582
13 8.973559
13 8.973559
13 8.973559
13 8.890924
13 8.890859
13 8.891013
13 8.890881
13 8.890968
13 8.726364
13 8.726252
13 8.726206
13 8.726341
13 8.726364
13 8.718955
13 8.71891
13 8.71873
13 8.718864
13 8.718775
13 8.785814
13 8.785725
13 8.785792
13 8.785725
13 8.785836
13 8.851329
13 8.851306
13 8.85124
13 8.851262
13 8.85124
13 8.792608
13 8.792586
13 8.792542
13 8.792586
13 8.792698
13 13.95144
13 13.95131
13 13.95133
13 13.9514
13 13.95131
13 11.8833
13 11.88327
13 11.88319
13 11.88314
13 11.88319
13 11.88311
13 18.84424
13 18.84425
13 18.84421
13 18.84422
13 18.84425
13 19.42771
13 19.4277
13 19.42784
13 19.42774
13 19.4278
13 19.42774
13 20.32814
13 20.32804
13 20.32802
13 20.32812
13 20.328
13 20.32816
13 24.05199
13 24.05209
13 24.05194
13 24.05197
13 24.05198
13 24.05198
13 23.84443
13 23.8443
13 23.84448
13 23.84444
13 23.8444
13 23.63886
13 23.63888
13 23.63894
13 23.63892
13 23.63882
13 23.08349
13 23.08349
13 23.08346
13 23.08353
13 23.08342
13 23.99037
13 23.99045
13 23.99041
13 23.99051
13 23.99064
13 23.99045
13 20.32807
13 20.32809
13 20.32809
13 20.32806
13 20.32813
13 20.32805
13 20.32808
13 20.32809
13 20.32811
13 20.32808
13 20.3281
13 8.423079
13 8.423057
13 8.423127
13 8.423057
13 8.42315
13 21.95392
13 21.95392
13 21.95393
13 21.95393
13 21.95388
13 22.12981
13 22.12982
13 22.12987
13 22.1298
13 22.12976
13 22.29842
13 22.29839
13 22.29858
13 22.2985
13 22.29854
13 22.36309
13 22.36304
13 22.36296
13 22.36311
13 22.36301
13 22.36315
13 22.33522
13 22.33521
13 22.33524
13 22.3352
13 22.14894
13 22.14898
13 22.14884
13 22.14888
13 22.14891
13 21.96747
13 21.96752
13 21.96749
13 21.9675
13 21.9675
13 21.96762
13 21.75187
13 21.75178
13 21.75187
13 21.7519
13 21.75188
13 21.75192
13 20.32807
13 20.32806
13 20.32811
13 20.32811
13 20.32804
13 20.32813
13 12.96281
13 12.96283
13 12.96283
13 12.96291
13 12.96289
13 20.32813
13 20.32813
13 20.32803
13 20.32813
13 20.32811
13 20.32812
13 10.60137
13 10.60141
13 10.60131
13 10.60133
13 10.60131
13 10.15921
13 10.15916
13 10.15919
13 10.15921
13 10.15921
13 6.281913
13 6.28185
13 6.281819
13 6.281913
13 6.281819
13 6.281913
13 6.393779
13 6.393871
13 6.393809
13 6.39384
13 6.394024
13 6.340473
13 6.340349
13 6.340442
13 6.340504
13 6.340442
13 5.935311
13 5.935311
13 5.935311
13 5.935311
13 5.935311
13 5.935146
13 5.740951
13 5.740917
13 5.740883
13 5.740883
13 5.740849
13 12.40815
13 12.40815
13 12.40806
13 12.4081
13 12.40812
13 14.3125
13 14.31248
13 14.31254
13 14.31255
13 14.3125
13 14.31247
13 14.56568
13 14.56568
13 14.56568
13 14.5658
13 14.56569
13 14.46601
13 14.0423
13 14.04233
13 14.0424
13 14.0423
13 14.04246
13 8.375596
13 8.375596
13 8.375596
13 8.375549
13 8.375525
13 4.787943
13 4.78782
13 4.787902
13 4.787984
13 4.787861
13 4.692689
13 4.692689
13 4.69273
13 4.692605
13 4.692605
13 4.869288
13 4.869489
13 4.869248
13 4.869208
13 4.869288
13 4.740988
13 4.740864
13 4.740864
13 4.741071
13 4.740947
13 4.534276
13 4.53406
13 4.534146
13 4.534189
13 4.534016
13 4.534016
13 4.53406
13 4.33454
13 4.33445
13 4.33445
13 4.33454
13 4.33436
13 4.142032
13 4.141984
13 4.141984
13 4.142032
13 4.141937
13 3.896616
13 3.896567
13 3.896516
13 3.896667
13 3.896667
13 3.824335
13 3.82454
13 3.82454
13 3.824437
13 3.824642
13 3.884738
13 3.884789
13 3.884688
13 3.884688
13 3.884789
13 3.757235
13 3.757027
13 3.757079
13 3.757079
13 3.757131
13 3.746118
13 3.829759
13 3.829554
13 3.829656
13 3.82981
13 3.829912
13 3.921563
13 3.921563
13 3.921713
13 3.921563
13 3.921763
13 3.712303
13 3.712409
13 3.712515
13 3.712462
13 3.712303
13 3.701898
13 3.701951
13 3.701898
13 3.701951
13 3.702057
13 3.701951
13 3.501013
13 3.500957
13 3.501013
13 3.500901
13 3.500957
13 3.433648
13 3.419191
13 3.419077
13 3.419019
13 3.419363
13 3.400243
13 3.516916
13 3.516916
13 3.516971
13 3.516971
13 3.517082
13 3.671412
13 3.671465
13 3.671625
13 3.671519
13 3.671465
13 3.168235
13 3.16805
13 3.168235
13 3.168174
13 3.168174
13 3.16805
13 2.755485
13 2.755343
13 2.755556
13 2.755556
13 2.755627
13 2.582022
13 2.581719
13 2.581947
13 2.581871
13 2.581719
13 2.479861
13 2.479703
13 2.479861
13 2.479782
13 2.47994
13 2.479703
13 2.478282
13 2.478203
13 2.478203
13 2.478282
13 2.478361
13 2.494577
13 2.494577
13 2.494655
13 2.494577
13 2.494655
13 2.409891
13 2.409485
13 2.409891
13 2.409729
13 2.409972
13 2.455032
13 2.455032
13 2.455032
13 2.455032
13 2.455032
13 2.455112
13 2.540526
13 2.540911
13 2.54068
13 2.540757
13 2.540988
13 2.695297
13 2.69537
13 2.69537
13 2.695297
13 2.695515
13 2.695443
13 2.961013
13 2.961013
13 2.960881
13 2.961013
13 2.960749
13 2.940181
13 2.940248
13 2.940114
13 2.940181
13 2.940248
13 2.847439
13 2.847439
13 2.847576
13 2.84737
13 2.84737
13 2.848057
13 2.848332
13 2.848126
13 2.848401
13 2.848195
13 2.741454
13 2.741597
13 2.741669
13 2.741526
13 2.741526
13 2.741669
13 2.77904
13 2.77911
13 2.778899
13 2.77911
13 2.77904
13 2.836901
13 2.83697
13 2.836901
13 2.83697
13 2.83697
13 2.83697
13 2.841038
13 2.840831
13 2.8409
13 2.840969
13 2.840969
13 2.969463
13 2.969265
13 2.969398
13 2.969398
13 2.969463
13 3.141802
13 3.141677
13 3.141677
13 3.141864
13 3.14174
13 3.264468
13 3.264588
13 3.264468
13 3.264528
13 3.264708
13 3.342929
13 3.342812
13 3.34287
13 3.342988
13 3.343046
13 3.394653
13 3.394711
13 3.394653
13 3.394653
13 3.394537
13 3.509727
13 3.509727
13 3.509838
13 3.509838
13 3.50967
13 3.509782
13 3.523645
13 3.52359
13 3.523756
13 3.52359
13 3.523534
13 3.599674
13 3.599565
13 3.599728
13 3.599619
13 3.599619
13 3.641047
13 3.640939
13 3.640993
13 3.641047
13 3.641101
13 3.640939
13 3.383446
13 3.383503
13 3.38333
13 3.38333
13 3.383561
13 1.938964
13 1.938964
13 1.939065
13 1.939065
13 1.938863
13 12.16932
13 12.1693
13 12.16927
13 12.1693
13 12.1694
13 3.722049
13 3.722101
13 3.721786
13 3.721996
13 3.722049
13 3.721996
13 5.868354
13 5.868388
13 5.868487
13 5.868421
13 21.96207
13 21.88183
13 21.88181
13 21.88182
13 21.88184
13 21.88184
13 21.75294
13 21.75297
13 21.75295
13 21.75294
13 21.75294
13 21.75293
13 21.678
13 21.67803
13 21.67801
13 21.67799
13 21.67798
13 21.67798
13 21.57015
13 21.57018
13 21.57019
13 21.57015
13 21.57015
13 21.23533
13 21.23529
13 21.23531
13 21.23534
13 21.23531
13 21.23534
13 12.37263
13 12.3726
13 12.37264
13 12.37266
13 12.37269
13 12.37264
13 4.806727
13 4.806727
13 4.806808
13 4.806768
13 4.806727
13 4.782826
13 4.782785
13 4.782621
13 4.782744
13 4.782703
13 4.644815
13 4.644942
13 4.6449
13 4.644858
13 4.6449
13 4.591157
13 4.591157
13 4.591115
13 4.59103
13 4.590945
13 4.529305
13 4.464448
13 4.464448
13 4.464492
13 4.464536
13 4.464623
13 4.352352
13 4.352397
13 4.352487
13 4.352442
13 4.352442
13 4.925253
13 4.925094
13 4.925214
13 4.925253
13 4.925055
13 4.925055
13 7.417964
13 7.417937
13 7.41799
13 7.418017
13 7.418043
13 7.398443
13 7.398602
13 7.398576
13 7.398443
13 7.398496
13 7.396904
13 7.261122
13 7.261068
13 7.261096
13 7.261149
13 7.260987
13 7.247356
13 7.247356
13 7.24741
13 7.247383
13 7.247437
13 7.207834
13 7.207861
13 7.207697
13 7.207807
13 7.207779
13 7.299444
13 7.299605
13 7.299498
13 7.299605
13 7.299633
13 7.344035
13 7.344089
13 7.344062
13 7.344008
13 7.344035
13 7.349403
13 7.327291
13 7.327239
13 7.327211
13 7.327265
13 7.327185
13 7.3938
13 7.393721
13 7.393668
13 7.393641
13 7.393641
13 7.420635
13 7.420556
13 7.420503
13 7.420529
13 7.420503
13 7.420476
13 7.442154
13 7.442181
13 7.442101
13 7.442154
13 7.442049
13 7.424918
13 7.424891
13 7.424943
13 7.424786
13 7.424943
13 7.470603
13 7.470497
13 7.470497
13 7.470707
13 7.470576
13 7.445344
13 7.445344
13 7.445449
13 7.445318
13 7.445396
13 7.400909
13 7.400936
13 7.401042
13 7.400883
13 7.400989
13 7.300331
13 7.300277
13 7.300304
13 7.300304
13 7.300304
13 7.277317
13 7.24806
13 7.248141
13 7.248033
13 7.248005
13 7.248087
13 7.196965
13 7.196856
13 7.196856
13 7.196856
13 7.196829
13 7.225802
13 7.225857
13 7.225857
13 7.225749
13 7.225912
13 7.110913
13 7.11094
13 7.110968
13 7.110968
13 7.11083
13 7.11083
13 7.701075
13 7.701101
13 7.701075
13 7.701075
13 7.701025
13 7.67923
13 7.679178
13 7.679204
13 7.679178
13 7.679307
13 7.679255
13 7.698628
13 7.698604
13 7.698782
13 7.69873
13 7.698628
13 7.6152
13 7.6152
13 7.615226
13 7.615251
13 7.615355
13 7.605504
13 7.605504
13 7.605478
13 7.605427
13 7.605607
13 7.605401
13 7.542855
13 7.542881
13 7.542908
13 7.542829
13 7.542881
13 7.542908
13 7.575462
13 7.575384
13 7.575384
13 7.575306
13 7.575565
13 7.585946
13 7.585946
13 7.58592
13 7.585946
13 7.585972
13 7.585894
13 7.547745
13 7.547848
13 7.547719
13 7.547667
13 7.547693
13 7.637485
13 7.63751
13 7.637459
13 7.637459
13 7.637485
13 7.637433
13 7.696564
13 7.69664
13 7.69664
13 7.696614
13 7.696564
13 7.731877
13 7.731851
13 7.731927
13 7.731851
13 7.731953
13 7.731851
13 7.638307
13 7.638332
13 7.638384
13 7.638332
13 7.63823
13 7.688195
13 7.688221
13 7.688144
13 7.688118
13 7.688272
13 7.68679
13 7.686944
13 7.686919
13 7.686816
13 7.686944
13 7.715664
13 7.715741
13 7.715639
13 7.71569
13 7.715639
13 7.71569
13 7.638564
13 7.638564
13 7.638564
13 7.638487
13 7.638512
13 7.612494
13 7.612468
13 7.612468
13 7.612519
13 7.612442
13 7.631341
13 7.631418
13 7.631366
13 7.631444
13 7.631444
13 7.635069
13 7.634966
13 7.635018
13 7.634991
13 7.635018
13 7.643546
13 7.660705
13 7.660832
13 7.660679
13 7.660781
13 7.66073
13 7.827519
13 8.248573
13 8.248693
13 8.248622
13 8.248622
13 8.248646
13 8.303924
13 8.3039
13 8.3039
13 8.303853
13 8.303782
13 8.331285
13 8.3691
13 8.369146
13 8.369146
13 8.369193
13 8.36917
13 8.36917
13 8.303782
13 8.303806
13 8.303759
13 8.303806
13 8.303782
13 8.283278
13 8.283208
13 8.28335
13 8.283255
13 8.283278
13 8.276331
13 8.276236
13 8.276259
13 8.276259
13 8.276307
13 8.270017
13 8.270136
13 8.269994
13 8.270065
13 8.270041
13 8.222659
13 8.22273
13 8.222682
13 8.222682
13 8.222706
13 8.222659
13 8.207267
13 8.207218
13 8.207386
13 8.207242
13 8.207291
13 8.207291
13 8.168854
13 8.168829
13 8.168781
13 8.168733
13 8.168756
13 8.230701
13 8.23063
13 8.230725
13 8.230654
13 8.230725
13 8.230678
13 8.174403
13 8.174403
13 8.174427
13 8.174332
13 8.174427
13 8.120811
13 8.120811
13 8.120884
13 8.120691
13 8.120836
13 8.151795
13 8.151772
13 8.151867
13 8.151916
13 8.151867
13 8.117136
13 8.117257
13 8.117281
13 8.117257
13 8.117232
13 8.117232
13 8.064286
13 8.064262
13 8.064433
13 8.064335
13 8.064286
13 8.094296
13 8.094272
13 8.094199
13 8.094393
13 8.094272
13 15.27579
13 15.27581
13 15.27582
13 15.27591
13 15.27583
13 8.10203
13 8.101956
13 8.101981
13 8.101981
13 8.101981
13 12.63495
13 12.63496
13 12.63506
13 12.63498
13 12.63498
13 12.65269
13 12.65267
13 12.65265
13 12.6527
13 12.65261
13 13.99864
13 13.99862
13 13.99866
13 13.99866
13 13.99863
13 13.99855
13 16.2313
13 16.23118
13 16.23118
13 16.23117
13 16.23123
13 16.85371
13 16.85382
13 16.85376
13 4.850786
13 4.850665
13 4.850786
13 4.803996
13 4.80371
13 4.803833
13 4.803792
13 4.803833
13 4.748709
13 4.74875
13 4.748791
13 4.748585
13 4.748503
13 4.875681
13 4.8756
13 4.87556
13 4.8756
13 4.875721
13 4.875681
13 4.859542
13 4.85922
13 4.859542
13 4.85934
13 4.8593
13 4.622029
13 4.621986
13 4.622029
13 4.621986
13 4.621986
13 4.621817
13 4.04288
13 4.042783
13 4.042734
13 4.042783
13 4.042734
13 1.890723
13 1.890723
13 1.89093
13 1.890619
13 1.890723
13 1.798092
13 1.834617
13 1.834617
13 1.834404
13 1.83451
13 1.83451
13 1.834617
13 1.941183
13 1.941284
13 1.941284
13 1.941385
13 1.941284
13 1.894756
13 1.894549
13 1.894652
13 1.894756
13 1.894859
13 1.894549
13 1.762919
13 1.76303
13 1.762919
13 1.76303
13 1.762808
13 1.728956
13 1.72873
13 1.728956
13 1.728956
13 1.728956
13 1.725557
13 1.72533
13 1.725557
13 1.725671
13 1.725444
13 1.81402
13 1.81402
13 1.813913
13 1.81402
13 1.814128
13 1.81402
13 1.830666
13 1.830559
13 1.830559
13 1.830132
13 1.830345
13 1.876072
13 1.875758
13 1.875967
13 1.875967
13 1.875967
13 1.886889
13 1.874193
13 1.874088
13 1.874193
13 1.874088
13 1.874297
13 1.771004
13 1.771336
13 1.771336
13 1.771225
13 1.771446
13 1.690844
13 1.690613
13 1.690728
13 1.690844
13 1.690844
13 1.698005
13 1.698005
13 1.698005
13 1.698005
13 1.698005
13 1.702609
13 1.702609
13 1.702494
13 1.702494
13 1.702609
13 1.68702
13 1.680628
13 1.680745
13 1.680628
13 1.680512
13 1.680628
13 1.716802
13 1.716802
13 1.716688
13 1.716916
13 1.716688
13 1.711436
13 1.711665
13 1.711551
13 1.711665
13 1.711665
13 1.707085
13 1.707315
13 1.707429
13 1.707429
13 1.707315
13 1.751895
13 1.752007
13 1.752118
13 1.75223
13 1.752007
13 1.790129
13 1.790347
13 1.790129
13 1.790238
13 1.790347
13 1.790238
13 1.923357
13 1.923459
13 1.923357
13 1.923357
13 1.923662
13 1.894032
13 1.894032
13 1.894239
13 1.894032
13 1.894032
13 1.875132
13 1.875028
13 1.875028
13 1.874924
13 1.874819
13 1.752677
13 1.752453
13 1.752453
13 1.752453
13 1.752565
13 1.702839
13 1.702839
13 1.703068
13 1.702839
13 1.703068
13 1.671989
13 1.671872
13 1.671872
13 1.671872
13 1.671755
13 1.658002
13 1.658002
13 1.657766
13 1.658238
13 1.65812
13 1.868441
13 1.868336
13 1.868127
13 1.868127
13 1.868336
13 2.477729
13 2.477729
13 2.47765
13 2.477808
13 2.477729
13 2.549754
13 2.549831
13 2.549908
13 2.549908
13 2.549831
13 2.58634
13 2.586264
13 2.586264
13 2.586264
13 2.58634
13 2.696096
13 2.696024
13 2.696169
13 2.696242
13 2.696024
13 2.581113
13 2.58134
13 2.581264
13 2.581264
13 2.581113
13 2.521579
13 2.521579
13 2.521812
13 2.521734
13 2.521734
13 2.345519
13 2.345602
13 2.345602
13 2.345519
13 2.345352
13 2.363474
13 2.36364
13 2.363474
13 2.363557
13 2.36364
13 2.399228
13 2.399146
13 2.399228
13 2.399146
13 2.399146
13 2.372319
13 2.372649
13 2.372319
13 2.372401
13 2.372484
13 2.372236
13 2.344517
13 2.344517
13 2.344517
13 2.344434
13 2.344517
13 2.257501
13 2.257414
13 2.257588
13 2.257414
13 2.257414
13 2.257414
13 1.095751
13 1.09593
13 1.09593
13 1.096287
13 1.096108
13 0.6483091
13 0.6388841
13 0.6388841
13 0.6385778
13 0.6394964
13 0.6385778
13 0.4941643
13 0.4937682
13 0.4933717
13 0.4941643
13 0.4937682
13 0.4735395
13 0.4731261
13 0.4735395
13 0.4739525
13 0.4731261
13 0.5078341
13 19.63467
13 19.63463
13 19.63465
13 19.63479
13 19.56939
13 19.56953
13 19.56939
13 19.56951
13 19.56953
13 19.55742
13 19.55752
13 19.5575
13 19.55756
13 19.55742
13 19.52397
13 19.52406
13 19.52407
13 19.52408
13 19.52409
13 19.48697
13 19.32321
13 19.32317
13 19.32316
13 19.32318
13 19.32316
13 9.349877
13 9.34992
13 9.349877
13 9.349962
13 9.349962
13 2.732729
13 2.732658
13 2.732586
13 2.732658
13 2.732515
13 2.861907
13 2.862044
13 2.861976
13 2.862113
13 2.861907
13 2.862113
13 2.928573
13 2.928573
13 2.928707
13 2.928439
13 2.928439
13 3.051655
13 3.051719
13 3.051783
13 3.051719
13 3.051783
13 9.231077
13 9.231119
13 9.231119
13 9.231056
13 9.231098
13 9.231119
13 5.914369
13 5.914402
13 5.914336
13 5.914236
13 5.914336
13 2.985178
13 2.985309
13 2.985243
13 2.985243
13 2.985112
13 2.985178
13 3.074535
13 3.074598
13 3.074535
13 3.074662
13 3.074471
13 3.074535
13 3.104317
13 3.104317
13 3.104254
13 3.104191
13 3.104191
13 3.115333
13 3.193102
13 3.193102
13 3.193163
13 3.193102
13 3.193224
13 3.233374
13 3.426399
13 3.426399
13 3.426399
13 3.426284
13 3.426399
13 3.464698
13 3.464528
13 3.464528
13 3.464641
13 3.464698
13 3.464472
13 3.45247
13 3.452357
13 3.452357
13 3.4523
13 3.452357
13 3.412485
13 3.359928
13 3.359928
13 3.360103
13 3.35987
13 3.360045
13 3.360045
13 3.423311
13 3.42354
13 3.423254
13 3.423369
13 3.423426
13 3.423311
13 3.750141
13 3.749984
13 3.749984
13 3.74988
13 3.749984
13 3.739526
13 3.749357
13 3.749462
13 3.749305
13 3.749149
13 3.774187
13 3.750611
13 3.750611
13 3.750715
13 3.750663
13 3.750715
13 3.795038
13 3.795141
13 3.795038
13 3.795038
13 3.795038
13 3.792044
13 3.881309
13 3.881259
13 3.881309
13 3.881309
13 3.881208
13 3.895913
13 3.896013
13 3.896013
13 3.895963
13 3.896064
13 3.895913
13 3.780356
13 3.780303
13 3.780356
13 3.780252
13 3.780252
13 3.780303
13 3.754733
13 3.754837
13 3.754733
13 3.754785
13 3.754837
13 3.798442
13 3.798442
13 3.798493
13 3.798493
13 3.798544
13 3.798338
13 3.74779
13 3.747738
13 3.747686
13 3.747843
13 3.747843
13 3.745752
13 3.7457
13 3.745857
13 3.7457
13 3.745752
13 3.948436
13 3.948387
13 3.948436
13 3.948387
13 3.948387
13 4.027982
13 4.027982
13 4.027933
13 4.027884
13 4.027933
13 4.027933
13 4.055696
13 4.055696
13 4.055696
13 4.055648
13 4.055792
13 4.165276
13 4.165323
13 4.165464
13 4.16537
13 4.16537
13 4.102983
13 4.131664
13 4.131617
13 4.131759
13 4.131569
13 4.131664
13 4.07972
13 4.07972
13 4.079768
13 4.079815
13 4.079815
13 3.98197
13 3.982117
13 3.98197
13 3.982019
13 3.982019
13 3.977591
13 4.130242
13 4.130242
13 4.130242
13 4.130195
13 4.130242
13 4.234616
13 4.234616
13 4.23457
13 4.23457
13 4.234523
13 4.234523
13 4.23457
13 4.234616
13 4.234477
13 4.234523
13 4.234523
13 4.134365
13 4.134365
13 4.134459
13 4.134317
13 4.134365
13 4.134412
13 4.188486
13 4.204074
13 4.204027
13 4.203934
13 4.204027
13 4.20398
13 4.207473
13 4.20738
13 4.207427
13 4.207473
13 4.20738
13 4.207427
13 4.165464
13 4.165417
13 4.165511
13 4.165511
13 4.165652
13 4.066016
13 4.065968
13 4.065872
13 4.066064
13 4.065968
13 4.109707
13 4.109755
13 4.109755
13 4.109707
13 4.109802
13 4.109802
13 4.010734
13 4.010734
13 4.010783
13 4.010832
13 4.010783
13 4.010734
13 3.943176
13 3.943126
13 3.943126
13 3.943176
13 3.943176
13 3.928648
13 3.928648
13 3.928747
13 3.928598
13 3.928598
13 4.098589
13 4.098589
13 4.098637
13 4.098637
13 4.098637
13 4.14874
13 4.148787
13 4.148693
13 4.148693
13 4.14874
13 4.14874
13 4.055164
13 4.055261
13 4.05531
13 4.05531
13 4.055213
13 4.03454
13 4.177436
13 4.177483
13 4.17739
13 4.17739
13 4.177436
13 4.913146
13 4.913226
13 4.913146
13 4.913146
13 4.913106
13 4.941178
13 4.941217
13 4.941099
13 4.941178
13 4.941139
13 4.89665
13 4.89677
13 4.89669
13 4.89669
13 4.89669
13 4.89669
13 4.808968
13 4.80905
13 4.808928
13 4.809009
13 4.809009
13 31.78773
13 31.78729
13 31.7873
13 31.78733
13 31.78728
13 31.78728
13 31.76621
13 31.76623
13 31.76617
13 31.76619
13 31.7662
13 31.76822
13 31.78838
13 31.78835
13 31.78837
13 31.78839
13 31.78835
13 31.2508
13 31.25084
13 31.2508
13 31.25084
13 31.2508
13 19.47648
13 19.4766
13 19.47655
13 19.47658
13 19.47651
13 19.4766
13 8.057224
13 8.057248
13 8.057322
13 8.057248
13 8.057322
13 8.017288
13 8.017288
13 8.017263
13 8.017263
13 8.017288
13 8.038465
13 7.994656
13 7.99468
13 7.994705
13 7.994607
13 7.99468
13 2.502567
13 2.340841
13 2.340841
13 2.340757
13 2.34059
13 2.340841
13 2.340841
13 2.000467
13 2.000663
13 2.000663
13 2.000663
13 2.000663
13 2.130011
13 2.061275
13 2.061181
13 2.061275
13 2.061181
13 2.061181
13 2.025647
13 2.025551
13 2.025551
13 2.025551
13 2.025551
13 2.025551
13 2.075092
13 2.074997
13 2.074997
13 2.075092
13 2.074997
13 2.063458
13 2.002911
13 2.003107
13 2.003009
13 2.002911
13 2.003107
13 1.921321
13 1.921219
13 1.921117
13 1.920913
13 1.921016
13 1.921016
13 1.856251
13 1.856356
13 1.856356
13 1.856356
13 1.856462
13 1.856462
13 1.867498
13 1.867603
13 1.867393
13 1.867708
13 1.867603
13 1.867498
13 1.976749
13 1.976848
13 1.97665
13 1.976749
13 1.976749
13 1.925391
13 1.925493
13 1.925391
13 1.925594
13 1.925493
13 1.925594
13 1.925493
13 1.900016
13 1.89981
13 1.899913
13 1.899913
13 1.899913
13 1.949834
13 1.949834
13 1.949834
13 1.949935
13 1.949935
13 1.815315
13 1.815207
13 1.815099
13 1.815422
13 1.815207
13 1.83579
13 1.83611
13 1.83611
13 1.835897
13 1.836004
13 1.827456
13 1.801462
13 1.801571
13 1.801462
13 1.80168
13 1.801462
13 1.77586
13 1.77597
13 1.77575
13 1.77586
13 1.77597
13 1.741138
13 1.74125
13 1.741025
13 1.741138
13 1.741025
13 1.730088
13 1.730088
13 1.730201
13 1.730201
13 1.730088
13 1.733026
13 1.733252
13 1.733026
13 1.733139
13 1.733139
13 1.733139
13 1.689802
13 1.689802
13 1.689686
13 1.689802
13 1.68957
13 1.570722
13 1.570473
13 1.570349
13 1.570473
13 1.570598
13 1.570722
13 1.630989
13 1.631109
13 1.630869
13 1.630989
13 1.630989
13 1.677948
13 1.678064
13 1.678064
13 1.678181
13 1.678298
13 1.678298
13 1.647107
13 1.646632
13 1.64687
13 1.646751
13 1.646989
13 1.64687
13 1.641156
13 1.641394
13 1.641275
13 1.641394
13 1.641275
13 1.641394
13 1.741587
13 1.741475
13 1.741587
13 1.741475
13 1.741475
13 1.837815
13 1.837921
13 1.837815
13 1.837921
13 1.837815
13 1.837815
13 1.959846
13 1.960046
13 1.959946
13 1.960046
13 1.959846
13 2.033073
13 2.033169
13 2.033073
13 2.033073
13 2.033073
13 2.070559
13 2.070654
13 2.070654
13 2.07037
13 2.070465
13 2.070465
13 2.075752
13 2.075752
13 2.075469
13 2.075752
13 2.075563
13 2.041718
13 2.041335
13 2.041527
13 2.041623
13 2.041718
13 1.955847
13 1.955647
13 1.955847
13 1.955747
13 1.955647
13 1.955847
13 1.94199
13 1.941687
13 1.941788
13 1.941889
13 1.941889
13 1.941788
13 2.097978
13 2.098072
13 2.098165
