3 19.03364
3 19.03363
3 19.03362
3 19.38786
3 19.38783
3 19.38805
3 19.38794
3 19.93994
3 19.93991
3 19.93986
3 19.9401
3 19.93994
3 20.4386
3 20.43851
3 20.4387
3 20.43858
3 20.52355
3 20.52368
3 20.52358
3 20.5235
3 20.43525
3 20.43521
3 20.43515
3 20.43517
3 19.63327
3 19.63325
3 19.63339
3 19.63335
3 19.99395
3 19.99387
3 19.99391
3 19.99386
3 7.216212
3 7.216321
3 7.216375
3 7.216375
3 7.139492
3 7.139464
3 7.139547
3 7.139437
3 6.64647
3 6.646411
3 6.646323
3 6.646441
3 6.372799
3 6.372922
3 6.372983
3 6.372953
3 6.247487
3 6.247456
3 6.247362
3 6.247456
3 6.114684
3 6.114781
3 6.114748
3 6.11462
3 15.26377
3 15.26383
3 15.26385
3 15.26375
3 7.297024
3 7.297239
3 7.297078
3 7.297132
3 7.16626
3 7.166205
3 7.166287
3 7.166342
3 7.119597
3 7.119487
3 7.119487
3 7.119515
3 7.10266
3 7.102798
3 7.102604
3 7.102604
3 7.06347
3 7.063553
3 7.063442
3 7.063442
3 7.313649
3 7.313622
3 7.313569
3 7.313649
3 7.297938
3 7.297885
3 7.297966
3 7.297858
3 7.562706
3 7.56281
3 7.562706
3 7.562836
3 7.564807
3 7.564807
3 7.564859
3 7.564833
3 7.356555
3 7.356555
3 7.356448
3 7.356528
3 7.333796
3 7.333876
3 7.333903
3 7.333876
3 6.89455
3 6.894494
3 6.894608
3 6.894494
3 6.899498
3 6.899413
3 6.899442
3 6.899356
3 6.938874
3 6.938874
3 6.938874
3 6.938903
3 6.923508
3 6.923451
3 6.92348
3 6.923536
3 6.902909
3 6.902937
3 6.902852
3 6.902881
3 6.997847
3 6.997987
3 6.997903
3 6.997931
3 7.066135
3 7.066191
3 7.066135
3 7.066191
3 7.178159
3 7.178104
3 7.178159
3 7.178104
3 7.257933
3 7.257906
3 7.257961
3 7.257906
3 7.174277
3 7.174168
3 7.174222
3 7.174168
3 7.232778
3 7.232778
3 7.232831
3 7.232778
3 7.294174
3 7.294174
3 7.294147
3 7.294254
3 7.29412
3 7.498995
3 7.498995
3 7.499021
3 7.498969
3 7.533848
3 7.533771
3 7.533848
3 7.533796
3 7.487735
3 7.487657
3 7.487657
3 7.487682
3 7.481233
3 7.481364
3 7.481206
3 7.481206
3 7.331306
3 7.33128
3 7.331334
3 7.331334
3 7.296567
3 7.296514
3 7.296675
3 7.296541
3 7.314615
3 7.314695
3 7.314561
3 7.314561
3 7.314615
3 7.294147
3 7.294254
3 7.29412
3 7.294174
3 7.294174
3 7.374376
3 7.374429
3 7.374376
3 7.374429
3 7.351592
3 7.351565
3 7.351539
3 7.351565
3 7.347213
3 7.34716
3 7.347213
3 7.347134
3 7.435613
3 7.435639
3 7.435639
3 7.435454
3 7.317672
3 7.317592
3 7.317619
3 7.317538
3 7.368546
3 7.36852
3 7.368494
3 7.368574
3 7.250929
3 7.250902
3 7.250929
3 7.250956
3 7.197592
3 7.197619
3 7.197592
3 7.197619
3 7.249007
3 7.248981
3 7.248926
3 7.248899
3 7.270681
3 7.270735
3 7.270681
3 7.270708
3 7.310885
3 7.310832
3 7.310805
3 7.310859
3 7.25358
3 7.253607
3 7.25358
3 7.253444
3 7.271086
3 7.271059
3 7.271059
3 7.271086
3 7.188155
3 7.188182
3 7.188019
3 7.1881
3 7.106553
3 7.106636
3 7.10658
3 7.106636
3 7.092903
3 7.093014
3 7.092958
3 7.092931
3 6.988563
3 6.988647
3 6.988591
3 6.988675
3 6.920958
3 6.920958
3 6.921043
3 6.920872
3 7.032994
3 7.03305
3 7.033022
3 7.033022
3 6.962213
3 6.962269
3 6.962326
3 6.962241
3 6.91628
3 6.916251
3 6.916336
3 6.916336
3 6.963255
3 6.963171
3 6.963227
3 6.963255
3 6.912024
3 6.911939
3 6.911939
3 6.911939
3 6.901744
3 6.940542
3 6.940429
3 6.940514
3 6.940485
3 6.957112
3 6.957055
3 6.957027
3 6.957168
3 6.976455
3 6.976483
3 6.976539
3 6.976455
3 7.05124
3 7.051184
3 7.051157
3 7.051101
3 7.038877
3 7.038905
3 7.038905
3 7.039016
3 7.071075
3 7.139657
3 7.139629
3 7.139684
3 7.139739
3 7.182421
3 7.182339
3 7.182394
3 7.182421
3 7.194157
3 7.194238
3 7.194157
3 7.204458
3 7.21069
3 7.210637
3 7.210664
3 7.210664
3 7.404964
3 7.404964
3 7.404992
3 7.404964
3 7.633012
3 7.633115
3 7.633012
3 7.651065
3 7.583022
3 7.583126
3 7.5831
3 7.58297
3 7.51293
3 7.512799
3 7.512825
3 7.512877
3 7.501245
3 7.501272
3 7.501219
3 7.501297
3 7.400406
3 7.400433
3 7.400406
3 7.400486
3 7.564574
3 7.564548
3 7.564548
3 7.564522
3 7.723419
3 7.723342
3 7.723419
3 7.723393
3 7.723292
3 7.723444
3 7.855329
3 7.855254
3 7.855204
3 7.855229
3 7.808187
3 7.529366
3 7.529315
3 7.529366
3 7.404408
3 7.252822
3 7.252822
3 7.252822
3 7.252795
3 7.09412
3 7.094065
3 7.094092
3 7.094065
3 6.98261
3 6.982582
3 6.982525
3 6.996053
3 7.067191
3 7.067191
3 7.067135
3 7.067107
3 7.090386
3 7.090414
3 7.090441
3 7.090303
3 7.099372
3 7.099455
3 7.099372
3 7.099262
3 7.006167
3 7.006363
3 7.006308
3 7.006419
3 7.026325
3 7.026381
3 7.026297
3 7.026353
3 7.173648
3 7.173566
3 7.173648
3 7.173648
3 7.260879
3 7.260933
3 7.260879
3 7.260933
3 7.439807
3 7.439728
3 7.43986
3 7.439781
3 7.489726
3 7.489674
3 7.489752
3 7.489726
3 7.303851
3 7.303877
3 7.303905
3 7.303905
3 7.068079
3 7.068162
3 7.068079
3 7.068107
3 6.931097
3 6.931125
3 6.931039
3 6.931068
3 7.013387
3 7.013359
3 7.013303
3 7.013331
3 7.058636
3 7.05847
3 7.058553
3 7.058525
3 7.08903
3 7.088919
3 7.089002
3 7.088974
3 7.02451
3 7.024426
3 7.024454
3 7.024482
3 6.907085
3 6.907085
3 6.90717
3 6.907085
3 6.873437
3 6.873323
3 6.873323
3 6.87338
3 6.789199
3 6.78917
3 6.789199
3 6.789141
3 6.862271
3 6.862328
3 6.862242
3 6.862299
3 7.102273
3 7.102245
3 7.1023
3 7.102355
3 7.59316
3 7.59316
3 7.593212
3 7.593109
3 7.53955
3 7.501506
3 7.501506
3 7.501533
3 7.501559
3 7.503573
3 7.503599
3 7.503625
3 7.503599
3 7.47139
3 7.471442
3 7.471469
3 7.471417
3 7.486896
3 7.451613
3 7.45164
3 7.451588
3 7.45164
3 7.399451
3 7.399504
3 7.399531
3 7.399531
3 7.406661
3 7.406608
3 7.40658
3 7.406634
3 7.397409
3 7.397489
3 7.397568
3 7.397542
3 7.36122
3 7.361274
3 7.3613
3 7.361274
3 7.36852
3 7.368467
3 7.368441
3 7.368467
3 7.329834
3 7.329888
3 7.329834
3 7.329834
3 7.328255
3 7.328255
3 7.328255
3 7.328255
3 7.300761
3 7.300626
3 7.300734
3 7.300707
3 7.299149
3 7.299256
3 7.299229
3 7.299202
3 7.191784
3 7.191838
3 7.191729
3 7.191784
3 7.23736
3 7.23736
3 7.237306
3 7.237387
3 7.200862
3 7.200917
3 7.200889
3 7.200917
3 7.218985
3 7.218957
3 7.219011
3 7.219039
3 7.219011
3 7.267146
3 7.267118
3 7.267146
3 7.280308
3 7.320487
3 7.32038
3 7.32046
3 7.320353
3 7.27764
3 7.277667
3 7.277559
3 7.277667
3 6.664827
3 6.664768
3 6.664856
3 6.664886
3 6.571965
3 6.571935
3 6.571935
3 6.571905
3 6.567816
3 6.567756
3 6.567816
3 6.567786
3 6.589159
3 6.58913
3 6.589159
3 6.589219
3 6.587701
3 6.587612
3 6.587612
3 6.587671
3 6.92022
3 6.920164
3 6.920164
3 6.920164
3 7.512694
3 7.512617
3 7.512669
3 7.512617
3 7.581521
3 7.581495
3 7.581521
3 7.581495
3 7.626067
3 7.626119
3 7.626144
3 7.626119
3 7.615715
3 7.615741
3 7.615741
3 7.615689
3 7.682475
3 7.682449
3 7.682424
3 7.682449
3 7.761342
3 7.761342
3 7.761342
3 7.761316
3 7.138173
3 7.1382
3 7.138173
3 7.138173
3 6.835867
3 6.835867
3 6.835896
3 6.835896
3 6.848194
3 6.848223
3 6.848166
3 6.848251
3 6.963312
3 6.963368
3 6.963368
3 6.96334
3 6.960691
3 6.960663
3 6.960635
3 6.960691
3 6.959762
3 6.959677
3 6.959677
3 6.959649
3 6.92886
3 6.928888
3 6.928803
3 6.928803
3 6.966382
3 6.966494
3 6.966438
3 6.966438
3 6.875548
3 6.87552
3 6.87552
3 6.875606
3 6.925972
3 6.925972
3 6.926001
3 6.925944
3 7.204594
3 7.204621
3 7.204539
3 7.204566
3 7.204566
3 15.3968
3 15.39683
3 15.39673
3 15.39682
3 15.39682
3 15.3968
3 15.39681
3 15.39677
3 15.39686
3 19.99388
3 19.99384
3 19.99389
3 19.99388
3 7.940725
3 7.940676
3 7.940626
3 7.940701
3 7.804139
3 7.804164
3 7.804164
3 7.804139
3 7.621511
3 7.621562
3 7.621485
3 7.621511
3 7.616205
3 7.616256
3 7.61623
3 7.616282
3 7.571108
3 7.571082
3 7.571082
3 7.571031
3 7.546002
3 7.54595
3 7.545977
3 7.546029
3 7.415953
3 7.4159
3 7.416032
3 7.4159
3 7.32381
3 7.323836
3 7.323783
3 7.323836
3 7.246327
3 7.246408
3 7.246355
3 7.246355
3 7.313784
3 7.31381
3 7.31373
3 7.313864
3 7.355168
3 7.355114
3 7.355141
3 7.355141
3 7.335855
3 7.26585
3 7.265741
3 7.265822
3 7.265741
3 7.219174
3 7.219174
3 7.219174
3 7.219256
3 7.24129
3 7.241317
3 7.24129
3 7.241262
3 7.176765
3 7.176629
3 7.176738
3 7.17671
3 7.195875
3 7.195848
3 7.195766
3 7.195711
3 7.310805
3 7.310725
3 7.310832
3 7.310751
3 7.293905
3 7.293932
3 7.294067
3 7.294013
3 7.276696
3 7.276642
3 7.27667
3 7.276751
3 7.261446
3 7.261393
3 7.261393
3 7.261393
3 7.247031
3 7.247004
3 7.247004
3 7.246977
3 7.277101
3 7.277047
3 7.27702
3 7.277101
3 7.260555
3 7.260555
3 7.260528
3 7.260581
3 7.288415
3 7.288442
3 7.288496
3 7.288442
3 7.211426
3 7.21148
3 7.211561
3 7.211453
3 7.157084
3 7.157111
3 7.157084
3 7.157029
3 7.093899
3 7.093871
3 7.093788
3 7.093843
3 7.022918
3 7.022946
3 7.023058
3 7.023086
3 7.034417
3 7.034417
3 7.034389
3 7.034389
3 7.376026
3 7.375892
3 7.375973
3 7.376026
3 7.903905
3 7.90393
3 7.90393
3 7.90393
3 7.881373
3 7.881273
3 7.881248
3 7.881373
3 7.886029
3 7.83128
3 7.83128
3 7.83128
3 7.831305
3 7.781294
3 7.781345
3 7.78142
3 7.781395
3 7.810876
3 7.810876
3 7.810927
3 7.810801
3 7.894562
3 7.894562
3 7.894562
3 7.894587
3 8.003933
3 8.00386
3 8.003908
3 8.003908
3 8.024435
3 8.024386
3 8.024386
3 8.024337
3 8.024362
3 8.110216
3 8.110216
3 8.11024
3 19.82646
3 19.6968
3 19.6968
3 19.69678
3 19.6968
3 18.66434
3 18.66434
3 18.66437
3 18.66436
3 18.33858
3 18.33851
3 18.33858
3 18.33854
3 18.23046
3 18.23047
3 18.2305
3 18.23054
3 18.23047
3 18.14086
3 18.14086
3 18.14088
3 18.1409
3 18.05064
3 18.05066
3 18.05069
3 18.05064
3 18.0507
3 17.97256
3 17.97252
3 17.97257
3 17.97251
3 17.91454
3 17.91459
3 17.91456
3 17.91454
3 13.93947
3 13.9396
3 13.93958
3 13.93947
3 13.93962
3 13.93951
3 13.93955
3 13.93951
3 5.472604
3 5.472712
3 5.472532
3 5.472675
3 5.340747
3 5.34082
3 5.340563
3 5.3406
3 5.274441
3 5.274478
3 5.274515
3 5.274404
3 5.144794
3 5.144718
3 5.144681
3 5.144756
3 5.02847
3 5.028353
3 5.028314
3 5.02843
3 4.94205
3 4.941931
3 4.94209
3 4.94205
3 4.764235
3 4.764441
3 4.764441
3 4.7644
3 4.829334
3 4.765634
3 4.765675
3 4.765757
3 4.765592
3 4.779179
3 4.779261
3 4.779384
3 4.77922
3 4.74103
3 4.740864
3 4.741071
3 4.740947
3 4.761151
3 4.761233
3 4.761233
3 4.761274
3 4.750276
3 4.750194
3 4.750235
3 4.750276
3 4.745614
3 4.74549
3 4.745449
3 4.74549
3 4.783358
3 4.783276
3 4.783154
3 4.783154
3 4.783113
3 4.783031
3 4.783031
3 4.783236
3 4.787575
3 4.787657
3 4.787657
3 4.787452
3 4.747595
3 4.747719
3 4.747677
3 4.747636
3 4.699405
3 4.699363
3 4.699279
3 4.699321
3 4.699405
3 4.671226
3 4.671267
3 4.671309
3 4.671141
3 4.573803
3 4.573975
3 4.573931
3 4.573846
3 4.62618
3 4.522596
3 4.522596
3 4.52264
3 4.522596
3 4.542433
3 4.542433
3 4.542605
3 4.542562
3 4.505892
3 4.505848
3 4.505848
3 4.505892
3 4.456236
3 4.45628
3 4.456368
3 4.456412
3 4.403399
3 4.403666
3 4.403622
3 4.403488
3 4.423769
3 4.423901
3 4.423857
3 4.423857
3 4.259748
3 4.259794
3 4.259748
3 4.259794
3 4.377838
3 4.377883
3 4.377704
3 4.377793
3 4.401842
3 4.40202
3 4.401976
3 4.40202
3 4.401797
3 4.406156
3 4.406067
3 4.406023
3 4.406023
3 4.342576
3 4.342666
3 4.342576
3 4.342576
3 4.341674
3 4.341538
3 4.341403
3 4.341493
3 4.262597
3 4.262735
3 4.262551
3 4.262735
3 4.434691
3 4.434558
3 4.434691
3 4.434603
3 4.432084
3 4.431908
3 4.431863
3 4.431819
3 4.415703
3 4.415703
3 4.415703
3 4.415792
3 4.542605
3 4.542605
3 4.542519
3 4.542605
3 4.539543
3 4.539672
3 4.539672
3 4.539715
3 4.495403
3 4.49549
3 4.495577
3 4.495316
3 4.472075
3 4.472119
3 4.472119
3 4.472075
3 4.6804
3 4.6804
3 4.680358
3 4.680442
3 4.745738
3 4.745532
3 4.745697
3 4.745614
3 4.739542
3 4.739542
3 4.739501
3 4.739418
3 4.816905
3 4.816986
3 4.816905
3 4.816905
3 4.856638
3 4.856719
3 4.856719
3 4.856678
3 4.881343
3 4.881383
3 4.881142
3 4.881423
3 4.788639
3 4.788721
3 4.788598
3 4.788761
3 4.835658
3 4.835699
3 4.835577
3 4.835739
3 4.845088
3 4.844926
3 4.845047
3 4.845047
3 4.904685
3 4.904565
3 4.904565
3 4.904645
3 4.942962
3 4.942962
3 4.943002
3 4.943041
3 4.904406
3 4.904725
3 4.904565
3 4.904606
3 4.903687
3 4.903687
3 4.903727
3 4.903607
3 4.847958
3 4.847878
3 4.847918
3 4.847756
3 4.904326
3 4.904406
3 4.904246
3 4.904326
3 4.847028
3 4.846988
3 4.846988
3 4.846907
3 4.865021
3 4.864699
3 4.864861
3 4.865021
3 4.864941
3 4.892047
3 4.892047
3 4.892167
3 4.892207
3 4.865344
3 4.865263
3 4.865263
3 4.865384
3 4.865344
3 4.919203
3 4.919124
3 4.919164
3 4.919283
3 4.954799
3 4.954799
3 4.954799
3 4.954799
3 4.968145
3 4.968106
3 4.968145
3 4.968264
3 5.020632
3 5.020515
3 5.020593
3 5.020671
3 5.020554
3 4.974569
3 4.974648
3 4.974727
3 4.974766
3 4.972205
3 4.972323
3 4.972403
3 4.972245
3 4.972323
3 5.018251
3 5.018291
3 5.018173
3 5.018173
3 5.043642
3 5.043797
3 5.043681
3 5.043487
3 5.061944
3 5.062099
3 5.062176
3 5.062021
3 5.11439
3 5.114543
3 5.11462
3 5.114543
3 5.145975
3 5.146089
3 5.145975
3 5.146013
3 5.201683
3 5.201796
3 5.201645
3 5.201645
3 5.227984
3 5.22791
3 5.228134
3 5.228022
3 5.280122
3 5.28027
3 5.280196
3 5.280418
3 5.249081
3 5.249155
3 5.24923
3 5.249155
3 5.249193
3 5.361218
3 5.361108
3 5.361218
3 5.361035
3 5.335608
3 5.335608
3 5.335535
3 5.335645
3 5.317435
3 5.317508
3 5.317472
3 5.317692
3 14.95514
3 14.95513
3 14.95505
3 14.95513
3 14.9775
3 14.9776
3 14.97754
3 14.97757
3 14.97754
3 15.00957
3 15.00951
3 15.00955
3 15.00951
3 14.96957
3 14.96959
3 14.96964
3 14.96953
3 14.92052
3 14.92058
3 14.92052
3 14.92058
3 14.83402
3 14.8341
3 14.83401
3 14.83406
3 14.69024
3 14.69015
3 14.69036
3 14.69027
3 5.538101
3 5.538137
3 5.538137
3 5.538066
3 5.538101
3 12.53797
3 12.53781
3 12.53797
3 12.53797
3 3.325784
3 3.325843
3 3.325784
3 3.325843
3 3.042596
3 3.042403
3 3.042532
3 3.04266
3 3.285689
3 3.28557
3 3.28563
3 3.285391
3 3.331489
3 3.331548
3 3.331548
3 3.331548
3 3.33143
3 3.24335
3 3.24341
3 3.243108
3 3.243289
3 1.13125
3 1.131077
3 1.131077
3 1.131077
3 1.003272
3 1.003467
3 1.003467
3 1.003077
3 0.640108
3 0.640108
3 0.6394964
3 0.6394964
3 0.8880135
3 0.8882338
3 0.8880135
3 0.8875727
3 0.8769265
3 0.8767033
3 0.8764802
3 0.8771496
3 0.8798226
3 0.8802673
3 0.8804895
3 0.8804895
3 0.8740209
3 0.873349
3 0.8740209
3 0.8740209
3 0.8490367
3 0.8490367
3 0.8490367
3 0.8490367
3 0.8494976
3 0.8225815
3 0.8225815
3 0.8225815
3 0.8223435
3 0.8602557
3 0.8598006
3 0.8600281
3 0.8595729
3 0.7631016
3 0.7631016
3 0.7631016
3 0.7625886
3 0.7625886
3 0.7124436
3 0.7124436
3 0.7124436
3 0.7121689
3 0.6507192
3 0.6510199
3 0.6507192
3 0.6507192
3 0.5315546
3 0.5315546
3 0.5319225
3 0.5315546
3 0.5059038
3 0.5055169
3 0.5059038
3 0.5059038
3 0.4985009
3 0.4981082
3 0.4977152
3 0.4985009
3 0.4988932
3 0.3748225
3 0.3748225
3 0.3743001
3 0.3753442
3 0.2790645
3 0.2804634
3 0.2790645
3 0.2790645
3 0.1769387
3 0.1758294
3 0.1769387
3 0.1769387
3 0.1791368
3 0.1802258
3 0.1802258
3 0.1791368
3 0.199792
3 0.2007689
3 0.1988102
3 0.1988102
3 0.1769387
3 0.1780411
3 0.1780411
3 0.1780411
3 0.1631294
3 0.1643245
3 0.165511
3 0.166689
3 0.1398823
3 0.1412742
3 0.1398823
3 0.1412742
3 0.2272819
3 0.2289973
3 0.2272819
3 0.2272819
3 0.3511023
3 0.3505445
3 0.3511023
3 0.3516591
3 0.4039677
3 0.4054182
3 0.4054182
3 0.4044518
3 0.4025119
3 0.4025119
3 0.4025119
3 0.4020255
3 0.4025119
3 0.4981082
3 0.4988932
3 0.4985009
3 0.4985009
3 0.5326577
3 0.5319225
3 0.5322903
3 0.5315546
3 0.5914913
3 0.5911604
3 0.5911604
3 0.5914913
3 0.6196041
3 0.6192883
3 0.6192883
3 0.6196041
3 0.7016503
3 0.7019292
3 0.7013714
3 0.7013714
3 0.8280347
3 0.8280347
3 0.8280347
3 0.8273254
3 0.8588898
3 0.6946434
3 0.694925
3 0.6946434
3 0.694925
3 0.6364292
3 0.6367366
3 0.6370438
3 0.6364292
3 0.6342734
3 0.6342734
3 0.6342734
3 0.6339648
3 0.6342734
3 0.5016313
3 0.5016313
3 0.5016313
3 0.5020211
3 0.5602303
3 0.5602303
3 0.5609285
3 0.5605795
3 0.5047422
3 0.5047422
3 0.5051297
3 0.5051297
3 0.4673002
3 0.4668813
3 0.4673002
3 0.4673002
3 0.4005627
3 0.4005627
3 0.4005627
3 0.4005627
3 0.3961419
3 0.3961419
3 0.3966355
3 0.3966355
3 0.3522151
3 0.3527702
3 0.3533245
3 0.3527702
3 0.3571801
3 0.3566318
3 0.3571801
3 0.358274
3 0.2987072
3 0.2993615
3 0.3000144
3 0.3000144
3 0.3443497
3 0.3443497
3 0.343781
3 0.3432113
3 0.3374619
3 0.3544303
3 0.3538778
3 0.3560827
3 0.3560827
3 0.3577275
3 0.358274
3 0.3577275
3 0.3577275
3 0.3876539
3 0.3861367
3 0.3871488
3 0.3861367
3 0.3990945
3 0.3990945
3 0.3986039
3 0.3981127
3 0.3941611
3 0.3936644
3 0.3936644
3 0.3941611
3 0.3674413
3 0.3674413
3 0.3669084
3 0.3679734
3 0.409739
3 0.4092611
3 0.4102162
3 0.4087828
3 0.409739
3 0.2639296
3 0.2631872
3 0.2646699
3 0.2646699
3 0.1958353
3 0.1978235
3 0.1978235
3 0.1958353
3 0.2315465
3 0.2332305
3 0.2332305
3 0.23239
3 0.268341
3 0.2690692
3 0.2690692
3 0.2668786
3 0.2594432
3 0.261696
3 0.261696
3 0.261696
3 0.2594432
3 0.332791
3 0.332791
3 0.3322025
3 0.3322025
3 0.4059006
3 0.4054182
3 0.4063823
3 0.4059006
3 0.3695653
3 0.3695653
3 0.3695653
3 0.3690354
3 0.2762456
3 0.2762456
3 0.276953
3 0.276953
3 0.191797
3 0.1928145
3 0.1907741
3 0.1897456
3 0.2238118
3 0.2238118
3 0.2220564
3 0.2238118
3 0.6246366
3 0.6246366
3 0.6246366
3 0.6243232
3 0.9899204
3 0.990118
3 0.9903157
3 0.990118
3 0.9905132
3 0.9968149
3 0.9972074
3 0.9970112
3 0.9972074
3 0.9575664
3 0.957975
3 0.957975
3 0.957975
3 0.9112865
3 0.9117159
3 0.9112865
3 0.9115012
3 0.9563395
3 0.9563395
3 0.9563395
3 0.9563395
3 0.9657058
3 0.9675278
3 0.9673254
3 0.96773
3 0.9673254
3 0.997992
3 0.9981881
3 0.9981881
3 0.9981881
3 1.064592
3 1.064224
3 1.064408
3 1.064408
3 1.099495
3 1.099673
3 1.099317
3 1.099673
3 1.099673
3 1.041362
3 1.041738
3 1.04155
3 1.041738
3 0.9909081
3 0.9909081
3 0.9911057
3 0.9911057
3 0.7160051
3 0.7154584
3 0.7160051
3 0.7154584
3 0.7074825
3 0.707759
3 0.707759
3 18.76848
3 18.7718
3 18.7718
3 18.77179
3 18.7719
3 18.82455
3 18.82445
3 18.82452
3 18.82459
3 18.84779
3 18.90838
3 18.90832
3 18.90828
3 18.90829
3 18.9315
3 18.93148
3 18.93156
3 18.9315
3 18.97698
3 18.97703
3 18.97706
3 18.97699
3 18.75559
3 18.75555
3 18.75555
3 18.75561
3 25.00568
3 25.00578
3 25.00572
3 25.00568
3 9.555676
3 9.555635
3 9.555655
3 9.555614
3 1.562102
3 1.444014
3 1.443878
3 1.443743
3 1.444149
3 1.398438
3 1.398298
3 1.398298
3 1.398298
3 1.412777
3 1.412777
3 1.412777
3 1.412916
3 1.691076
3 1.691191
3 1.69096
3 1.691191
3 2.165008
3 2.164917
3 2.165008
3 2.164827
3 2.154223
3 2.198824
3 2.198735
3 2.198557
3 2.198824
3 2.253335
3 2.253249
3 2.253335
3 2.220877
3 2.277698
3 2.277784
3 2.277526
3 2.277698
3 2.362646
3 2.362646
3 2.362895
3 2.362812
3 2.283877
3 2.283791
3 2.283877
3 2.283791
3 2.223432
3 2.223344
3 2.22352
3 2.223432
3 2.050518
3 2.050423
3 2.050423
3 2.050614
3 2.029219
3 2.028929
3 2.029122
3 2.029315
3 2.044113
3 2.044113
3 2.044113
3 2.044113
3 2.024391
3 2.024487
3 2.024391
3 2.024487
3 1.98948
3 1.98948
3 1.989283
3 1.989381
3 1.989578
3 2.03692
3 2.037016
3 2.037016
3 2.03692
3 1.954346
3 1.954246
3 1.954246
3 1.954246
3 1.942493
3 1.942392
3 1.942392
3 1.942594
3 1.908136
3 1.908033
3 1.908136
3 1.908033
3 1.841857
3 1.842069
3 1.841963
3 1.842069
3 1.859306
3 1.90444
3 1.904543
3 1.904543
3 1.904543
3 1.805586
3 1.805694
3 1.805586
3 1.805586
3 1.805586
3 1.805803
3 1.805586
3 1.805911
3 1.805911
3 1.805911
3 1.805694
3 1.805803
3 1.837815
3 1.837708
3 1.837708
3 1.837708
3 1.783228
3 1.783009
3 1.783009
3 1.782899
3 1.77575
3 1.78597
3 1.786189
3 1.78586
3 1.78597
3 1.680977
3 1.680628
3 1.680745
3 1.639605
3 1.551291
3 1.551038
3 1.551417
3 1.551417
3 1.551165
3 1.620033
3 1.619913
3 1.619913
3 1.619913
3 1.659772
3 1.659772
3 1.660125
3 1.65989
3 1.615315
3 1.615315
3 1.615679
3 1.615679
3 1.858358
3 1.984654
3 1.984555
3 1.984654
3 1.984851
3 1.958547
3 1.958647
3 1.958747
3 1.958747
3 2.019648
3 2.019357
3 2.019551
3 2.019454
3 2.019648
3 2.038361
3 2.038073
3 2.038073
3 2.038169
3 2.06137
3 2.06156
3 2.061275
3 2.061465
3 2.061275
3 2.090315
3 2.090221
3 2.090409
3 2.090127
3 2.024004
3 2.024294
3 2.024197
3 2.024294
3 2.111091
3 2.111091
3 2.111276
3 2.111276
3 2.077731
3 2.077919
3 2.077825
3 2.077636
3 1.976848
3 1.976947
3 1.976947
3 1.977046
3 1.924883
3 1.924679
3 1.924679
3 1.924679
3 1.909981
3 1.909879
3 1.909981
3 1.909879
3 1.996158
3 1.996158
3 1.996256
3 1.996354
3 2.055856
3 2.055951
3 2.055951
3 2.056142
3 2.057664
3 2.127805
3 2.127805
3 2.127713
3 2.127805
3 2.174569
3 2.174749
3 2.174479
3 2.174659
3 2.147489
3 2.147307
3 2.147398
3 2.147307
3 2.173579
3 2.173579
3 2.173489
3 2.173489
3 2.194013
3 2.193745
3 2.193923
3 2.193923
3 2.163922
3 2.163832
3 2.164013
3 2.163922
3 2.12578
3 2.10905
3 2.108958
3 2.109236
3 2.109143
3 2.082059
3 2.081965
3 2.081871
3 2.082059
3 2.143932
3 2.143841
3 2.143932
3 2.143932
3 2.075469
3 2.075752
3 2.075469
3 2.075469
3 2.115721
3 2.115536
3 2.115721
3 2.115444
3 2.115444
3 2.139637
3 2.139637
3 2.139729
3 2.139637
3 2.073582
3 2.073488
3 2.073771
3 2.073771
3 2.034901
3 2.035094
3 2.03519
3 2.035094
3 2.034997
3 2.028929
3 2.029026
3 2.028929
3 2.028929
3 2.036536
3 2.036632
3 2.036728
3 2.036632
3 2.097698
3 2.097698
3 2.097698
3 2.097792
3 2.097792
3 1.979915
3 1.979618
3 1.980013
3 1.979915
3 1.993607
3 1.993607
3 1.993803
3 1.993705
3 1.994981
3 1.986132
3 1.986132
3 1.985935
3 1.986231
3 1.939368
3 1.939166
3 1.939166
3 1.939368
3 1.940881
3 1.94078
3 1.94078
3 1.94078
3 28.2873
3 28.28727
3 28.2873
3 28.28728
3 28.37111
3 28.37116
3 28.37115
3 28.37111
3 28.37114
3 28.37401
3 28.37395
3 28.37401
3 28.37398
3 28.36825
3 28.36828
3 28.36827
3 28.3683
3 28.43624
3 28.43629
3 28.4363
3 28.4363
3 28.31126
3 28.31126
3 28.31125
3 28.31127
3 18.59567
3 18.59563
3 18.59559
3 18.59563
3 18.59565
3 8.420142
3 8.420095
3 8.420165
3 8.420142
3 3.21662
3 3.21662
3 3.21662
3 3.216498
3 3.181431
3 3.181308
3 3.181308
3 3.181185
3 3.165392
3 3.165206
3 3.165206
3 3.165144
3 3.098572
3 3.098636
3 3.098446
3 3.098636
3 2.992186
3 2.99199
3 2.992055
3 2.991925
3 2.912554
3 2.912554
3 2.912487
3 2.912554
3 2.912621
3 2.853894
3 2.854031
3 2.854031
3 2.853894
3 2.864027
3 2.864095
3 2.864095
3 2.8643
3 2.759815
3 2.759673
3 2.759531
3 2.759673
3 2.713537
3 2.713537
3 2.713609
3 2.713609
3 2.638711
3 2.638637
3 2.638711
3 2.638489
3 2.626592
3 2.626518
3 2.626592
3 2.626518
3 2.583766
3 2.583614
3 2.583917
3 2.583841
3 2.526929
3 2.527162
3 2.527084
3 2.526929
3 2.553973
3 2.554203
3 2.554126
3 2.553896
3 2.554126
3 2.567426
3 2.567274
3 2.567502
3 2.567579
3 2.51287
3 2.513026
3 2.513182
3 2.512792
3 2.528865
3 2.528788
3 2.528865
3 2.52871
3 2.307493
3 2.307493
3 2.307408
3 2.307408
3 2.307662
3 2.312576
3 2.312746
3 2.31283
3 2.312746
3 2.349604
3 2.349354
3 2.349187
3 2.349021
3 2.343599
3 2.35052
3 2.35027
3 2.35027
3 2.350187
3 2.388025
3 2.387779
3 2.388025
3 2.387779
3 2.370255
3 2.37009
3 2.37042
3 2.37009
3 2.369347
3 2.369347
3 2.369347
3 2.369264
3 2.465454
3 2.465216
3 2.465375
3 2.465295
3 2.451681
3 2.451761
3 2.451761
3 2.451761
3 2.458139
3 2.458378
3 2.45806
3 2.458139
3 2.424789
3 2.424708
3 2.424789
3 2.424708
3 2.453198
3 2.453198
3 2.453198
3 2.453198
3 2.468073
3 2.468152
3 2.468231
3 2.468073
3 2.492929
3 2.493007
3 2.493086
3 2.49285
3 2.492929
3 2.492693
3 2.492771
3 2.49285
3 2.492536
3 2.492536
3 2.492536
3 2.492379
3 2.393756
3 2.393756
3 2.393756
3 2.394001
3 2.393756
3 2.327845
3 2.327761
3 2.327761
3 2.327845
3 2.326163
3 2.326163
3 2.326331
3 2.326247
3 2.332297
3 2.332129
3 2.332297
3 2.332213
3 2.342596
3 2.342763
3 2.342763
3 2.342763
3 2.284905
3 2.284734
3 2.284819
3 2.284819
3 2.29644
3 2.296525
3 2.296525
3 2.296355
3 2.296355
3 2.361983
3 2.362066
3 2.361818
3 2.361983
3 2.416218
3 2.416299
3 2.41638
3 2.416218
3 2.464978
3 2.464978
3 2.465057
3 2.464898
3 2.454155
3 2.453836
3 2.453995
3 2.454075
3 2.462435
3 2.462356
3 2.462197
3 2.462197
3 2.475516
3 2.518084
3 2.518239
3 2.518084
3 2.517928
3 2.540295
3 2.540295
3 2.540372
3 2.540295
3 2.499593
3 2.49975
3 2.499515
3 2.499593
3 2.430111
3 2.430272
3 2.430111
3 2.430272
3 2.473459
3 2.473143
3 2.473301
3 2.473301
3 2.445606
3 2.459732
3 2.459811
3 2.459811
3 2.459811
3 2.459333
3 2.459493
3 2.459333
3 2.459333
3 2.509207
3 2.509051
3 2.509129
3 2.509207
3 2.452001
3 2.452001
3 2.45208
3 2.45216
3 2.443604
3 2.443604
3 2.443204
3 2.443525
3 2.388681
3 2.388763
3 2.388599
3 2.388763
3 2.435019
3 2.434939
3 2.434858
3 2.434939
3 2.426645
3 2.38696
3 2.38696
3 2.38696
3 2.38696
3 2.343933
3 2.343933
3 2.343682
3 2.343599
3 2.31283
3 2.313169
3 2.313084
3 2.313
3 2.297632
3 2.297632
3 2.297547
3 2.297377
3 2.297462
3 2.342262
3 2.342345
3 2.342262
3 2.342262
3 2.33808
3 2.337913
3 2.337913
3 2.337996
3 2.297888
3 2.297973
3 2.297803
3 2.297803
3 2.292345
3 2.29243
3 2.292345
3 2.292259
3 2.240269
3 2.240444
3 2.240531
3 2.240356
3 2.197222
3 2.197133
3 2.197222
3 2.197311
3 2.1974
3 2.204691
3 2.204425
3 2.204514
3 2.204336
3 2.127069
3 2.127253
3 2.126977
3 2.126885
3 2.189727
3 2.189905
3 2.190084
3 2.189816
3 2.180142
3 2.180052
3 2.180232
3 2.180321
3 2.146213
3 2.146213
3 2.146395
3 2.146122
3 2.164917
3 2.165098
3 2.164827
3 2.164917
3 2.085065
3 2.084971
3 2.085253
3 2.084971
3 2.090221
3 2.090409
3 2.090127
3 2.090315
3 2.135792
3 2.135792
3 2.135792
3 2.135792
3 2.176458
3 2.176548
3 2.176458
3 2.176548
3 2.170966
3 2.170876
3 2.170876
3 2.170876
3 2.178885
3 2.239483
3 2.239483
3 2.239483
3 2.239308
3 2.275893
3 2.275807
3 2.276065
3 2.275979
3 2.257501
3 2.257414
3 2.257501
3 2.257501
3 2.284134
3 2.284219
3 2.284134
3 2.284048
3 2.314776
3 2.314691
3 2.314522
3 2.314607
3 2.265377
3 2.265377
3 2.265377
3 2.265377
3 2.265636
3 2.237821
3 2.237821
3 2.237734
3 2.237734
3 2.30656
3 2.306475
3 2.30622
3 2.30639
3 2.298655
3 2.29874
3 2.298484
3 2.29874
3 2.288927
3 2.288671
3 2.288585
3 2.288842
3 2.360574
3 2.367446
3 2.367363
3 2.367363
3 2.367281
3 2.309782
3 2.309528
3 2.309528
3 2.309697
3 2.277526
3 2.277698
3 2.277526
3 2.277526
3 2.253509
3 2.253335
3 2.253509
3 2.253509
3 2.220172
3 2.220172
3 2.220349
3 2.220261
3 2.263389
3 2.263302
3 2.263475
3 2.263648
3 2.263389
3 2.240968
3 2.241055
3 2.240968
3 2.240968
3 2.24219
3 2.24219
3 2.24219
3 2.24219
3 2.25377
3 2.25403
3 2.253857
3 2.253944
3 2.25238
3 2.252467
3 2.25238
3 2.252467
3 2.311391
3 2.311476
3 2.311306
3 2.311391
3 2.311391
3 2.314945
3 2.315029
3 2.315029
3 2.314945
3 2.389582
3 2.389664
3 2.389664
3 2.389746
3 2.372649
3 2.372731
3 2.372566
3 2.372649
3 2.80526
3 2.80519
3 2.80519
3 2.80512
3 2.799392
3 2.799253
3 2.799182
3 2.799322
3 2.8302
3 2.830338
3 2.830269
3 2.830269
3 2.871467
3 2.871331
3 2.871331
3 2.871195
3 2.860744
3 2.860676
3 2.860881
3 2.860744
3 2.887037
3 2.887037
3 2.887104
3 2.88724
3 2.886969
3 2.943042
3 2.943109
3 2.943109
3 2.943175
3 2.977232
3 2.97743
3 2.977364
3 2.97743
3 2.982619
3 2.982422
3 2.982357
3 2.982422
3 3.080641
3 3.080704
3 3.080641
3 3.080641
3 13.46315
3 13.46303
3 13.46301
3 13.46312
3 20.43188
3 20.43209
3 20.43202
3 20.4321
3 20.43197
3 6.059613
3 6.059516
3 6.059646
3 6.059484
3 12.20085
3 12.20111
3 12.2009
3 12.201
3 12.98805
3 12.98809
3 12.98811
3 12.98805
3 13.03112
3 13.0311
3 13.03115
3 13.03103
3 2.696532
3 2.696532
3 2.696459
3 2.696532
3 2.616287
3 2.616363
3 2.616138
3 2.616287
3 2.33045
3 2.330534
3 2.33045
3 2.33045
3 2.261745
3 2.261745
3 2.261832
3 2.261659
3 2.261659
3 2.192049
3 2.192049
3 2.191692
3 2.19196
3 2.258541
3 2.258541
3 2.258628
3 2.258454
3 2.191871
3 2.19196
3 2.19196
3 2.19196
3 9.059721
3 9.059635
3 9.0597
3 2.318071
3 2.356923
3 2.447446
3 2.447526
3 2.447606
3 2.447526
3 2.447526
3 2.71815
3 2.717934
3 2.718006
3 2.718078
3 2.718078
3 2.911881
3 2.911814
3 2.911949
3 2.911814
3 2.927904
3 2.927904
3 2.927904
3 2.928038
3 2.808816
3 2.808886
3 2.808677
3 2.808816
3 2.721532
3 2.721532
3 2.721604
3 2.721604
3 2.735593
3 2.735522
3 2.735379
3 2.735522
3 2.748942
3 2.726706
3 2.726634
3 2.726634
3 2.726491
3 2.757473
3 2.757473
3 2.757544
3 2.757402
3 2.757331
3 8.532879
3 8.532925
3 8.532902
3 8.532879
3 8.723595
3 8.723595
3 8.723595
3 8.723618
3 8.844134
3 8.844112
3 8.84409
3 8.84409
3 8.87261
3 8.872676
3 8.87261
3 8.872587
3 8.891323
3 8.891366
3 8.891366
3 8.891366
3 8.826146
3 8.826146
3 8.826124
3 8.826169
3 8.677947
3 8.677947
3 8.677992
3 8.677992
3 15.47588
3 15.47582
3 15.47576
3 15.47583
3 16.68241
3 16.6825
3 16.68234
3 16.68242
3 16.68233
3 20.43213
3 20.43204
3 20.43207
3 20.43212
3 12.92308
3 12.92308
3 12.92311
3 12.92305
3 12.36839
3 12.36836
3 12.36832
3 12.36834
3 12.25197
3 12.25195
3 12.25195
3 12.25197
3 12.13468
3 12.13471
3 12.13468
3 12.13473
3 20.21406
3 20.2141
3 20.21395
3 20.21397
3 19.77652
3 19.77654
3 19.77652
3 19.77643
3 19.78272
3 19.75096
3 19.75094
3 19.75096
3 19.75098
3 19.65136
3 19.65138
3 19.65138
3 19.65135
3 19.64232
3 19.64233
3 19.64232
3 19.6423
3 19.67409
3 19.67399
3 19.67409
3 19.67401
3 19.70045
3 19.70046
3 19.70047
3 19.7005
3 22.62158
3 22.62162
3 22.62154
3 22.62156
3 22.6216
3 28.98102
3 28.98108
3 28.98105
3 28.98101
3 20.43203
3 20.43205
3 20.43212
3 20.43199
3 32.06293
3 32.0629
3 32.06298
3 32.06294
3 25.91531
3 25.91524
3 25.91526
3 25.91515
3 34.29808
3 34.29804
3 34.29818
3 34.29797
3 34.15954
3 34.15944
3 34.15953
3 34.1596
3 34.10371
3 34.10378
3 34.10374
3 34.10373
3 33.78017
3 33.78018
3 33.78017
3 33.7802
3 33.6131
3 33.61306
3 33.61316
3 33.61307
3 20.432
3 20.43215
3 20.43201
3 20.4319
3 20.43195
3 20.43196
3 20.4321
3 20.43203
3 20.43201
3 16.21913
3 16.21907
3 16.21899
3 16.21909
3 3.147654
3 3.147778
3 3.147902
3 3.14784
3 3.147716
3 3.18678
3 3.186842
3 3.186842
3 3.186842
3 3.089462
3 3.089652
3 3.089588
3 3.089462
3 2.77354
3 2.77354
3 2.773611
3 2.77347
3 2.5325
3 2.532423
3 2.5325
3 2.532423
3 2.487112
3 2.487269
3 2.487348
3 2.487269
3 2.487112
3 2.616736
3 2.616736
3 2.616662
3 2.616662
3 2.758325
3 2.758325
3 2.758325
3 2.758254
3 20.432
3 20.43204
3 20.43198
3 20.43207
3 8.534283
3 8.534283
3 8.534307
3 8.534283
3 3.647763
3 3.647602
3 3.647656
3 3.647763
3 3.643574
3 3.64352
3 3.643466
3 3.643466
3 3.643574
3 3.655699
3 3.655645
3 3.655699
3 3.655752
3 3.575496
3 3.57566
3 3.575606
3 3.575715
3 8.692489
3 8.692466
5 24.15953
5 24.08989
5 24.08983
5 23.69513
5 23.69518
5 23.74881
5 23.74898
5 23.91157
5 23.91171
5 23.92018
5 23.92014
5 23.93615
5 23.93599
5 23.90442
5 23.90439
5 24.16631
5 24.16632
5 23.94262
5 23.94274
5 19.99385
5 19.99399
5 16.51707
5 16.51699
5 7.177339
5 7.177503
5 6.714255
5 6.714518
5 6.176444
5 6.176475
5 6.144333
5 6.144301
5 5.76701
5 5.767146
5 5.46472
5 5.464756
5 5.426648
5 5.426576
5 5.426756
5 5.426576
5 5.426576
5 5.355074
5 5.354927
5 5.354891
5 5.354891
5 4.992967
5 4.993084
5 4.99281
5 4.992927
5 4.976735
5 4.976932
5 4.976735
5 4.976853
5 4.976932
5 4.956973
5 4.957052
5 4.956854
5 4.956973
5 5.023285
5 5.023402
5 5.023402
5 5.023324
5 4.732179
5 4.732179
5 4.732221
5 4.732138
5 4.731641
5 4.731682
5 4.731641
5 4.731765
5 4.810231
5 4.810312
5 4.810231
5 4.810231
5 5.003472
5 5.003472
5 5.00351
5 5.003432
5 5.282904
5 5.28283
5 5.282793
5 5.282941
5 5.375381
5 5.375453
5 5.375417
5 5.37549
5 5.37939
5 5.37939
5 5.37928
5 5.37939
5 5.62476
5 5.624656
5 5.624795
5 5.62476
5 5.624725
5 5.431304
5 5.431376
5 5.431448
5 5.431376
5 5.648751
5 5.648682
5 5.648925
5 5.64882
5 5.671639
5 5.671639
5 5.671535
5 5.671777
5 5.636038
5 5.636003
5 5.636038
5 5.635934
5 5.413668
5 5.413849
5 5.413741
5 5.413704
5 5.434262
5 5.434117
5 5.434082
5 5.434082
5 5.434117
5 5.464075
5 5.464182
5 5.46411
5 5.46429
5 5.385506
5 5.385542
5 5.385433
5 5.385579
5 5.467803
5 5.467839
5 5.467911
5 5.467875
5 5.600597
5 5.600457
5 5.600422
5 5.600457
5 5.684411
5 5.672261
5 5.67233
5 5.672434
5 5.672296
5 5.737707
5 5.737946
5 5.737844
5 5.737707
5 5.627059
5 5.627234
5 5.627025
5 5.62699
5 5.640175
5 5.640175
5 5.64021
5 5.640036
5 5.411568
5 5.411532
5 5.411568
5 5.411677
5 4.938323
5 4.938362
5 4.938442
5 4.938362
5 4.814546
5 4.814464
5 4.814627
5 4.814505
5 4.80795
5 4.807991
5 4.807991
5 4.80795
5 4.807868
5 4.963884
5 4.964003
5 4.964003
5 4.963845
5 4.929229
5 4.929269
5 4.929229
5 4.92915
5 4.720574
5 4.720616
5 4.720532
5 4.720532
5 4.561796
5 4.561753
5 4.56171
5 4.561667
5 4.56171
5 4.610699
5 4.610699
5 4.610742
5 4.610699
5 4.611761
5 4.611888
5 4.611676
5 4.611676
5 4.660856
5 4.660772
5 4.660772
5 4.660898
5 4.66073
5 4.578426
5 4.578426
5 4.578426
5 4.578426
5 4.448758
5 4.43151
5 4.43151
5 4.431289
5 4.431466
5 4.19862
5 4.198666
5 4.198666
5 4.198666
5 4.107944
5 4.107896
5 4.1078
5 4.107896
5 4.107944
5 4.051734
5 4.051734
5 4.051734
5 4.051783
5 4.080392
5 4.080392
5 4.080344
5 4.080392
5 15.06561
5 15.06563
5 15.06561
5 15.06567
5 15.0237
5 15.02388
5 15.02393
5 15.02372
5 15.04902
5 15.04654
5 15.04652
5 15.04655
5 15.04656
5 4.871098
5 4.871058
5 4.871058
5 4.867196
5 4.867236
5 4.867236
5 4.867397
5 4.867316
5 4.884833
5 4.884753
5 4.884833
5 4.884713
5 4.741071
5 4.741112
5 4.741071
5 4.741071
5 4.655473
5 4.655389
5 4.655557
5 4.655347
5 4.663041
5 4.663083
5 4.663041
5 4.663041
5 4.703362
5 4.703362
5 4.703321
5 4.703321
5 4.703238
5 4.828969
5 4.828888
5 4.828847
5 4.828807
5 4.752708
5 4.752626
5 4.752749
5 4.752708
5 4.765223
5 4.765099
5 4.765223
5 4.765223
5 4.727748
5 4.727789
5 4.72783
5 4.727789
5 4.856719
5 4.85676
5 4.856638
5 4.85676
5 4.88796
5 4.887921
5 4.88796
5 4.88796
5 4.865746
5 4.865827
5 4.865746
5 4.865867
5 4.865867
5 4.877609
5 4.877569
5 4.877609
5 4.877569
5 4.81483
5 4.814952
5 4.814912
5 4.814993
5 4.690935
5 4.691019
5 4.690977
5 4.690977
5 4.678349
5 4.678265
5 4.678307
5 4.678307
5 4.551221
5 4.551178
5 4.551221
5 4.551178
5 4.46572
5 4.465808
5 4.46572
5 4.465764
5 4.493485
5 4.509238
5 4.509324
5 4.509238
5 4.509324
5 4.465369
5 4.465414
5 4.465414
5 4.465369
5 4.428813
5 4.428547
5 4.428769
5 4.42868
5 4.420003
5 4.420003
5 4.420003
5 4.420003
5 4.466554
5 4.466554
5 4.466554
5 4.466465
5 4.475184
5 4.489299
5 4.489255
5 4.489343
5 4.489255
5 4.465983
5 4.466027
5 4.466115
5 4.465983
5 4.475141
5 4.475096
5 4.475184
5 4.475096
5 4.532245
5 4.532374
5 4.532288
5 4.532374
5 4.511756
5 4.509542
5 4.509499
5 4.509455
5 4.509542
5 4.538032
5 4.538032
5 4.538119
5 4.538075
5 4.48004
5 4.48004
5 4.479952
5 4.479909
5 4.479996
5 4.4565
5 4.456456
5 4.456456
5 4.4565
5 4.566517
5 4.566517
5 4.566517
5 4.566517
5 4.56656
5 4.552856
5 4.552684
5 4.552899
5 4.552856
5 4.646165
5 4.646207
5 4.646039
5 4.646122
5 4.634556
5 4.634683
5 4.634641
5 4.634598
5 4.688262
5 4.68822
5 4.68822
5 4.688303
5 4.691353
5 4.691353
5 4.691311
5 4.691353
5 4.691311
5 4.745655
5 4.745821
5 4.745738
5 4.745614
5 4.719827
5 4.719661
5 4.719785
5 4.719703
5 4.731599
5 4.731558
5 4.731641
5 4.731599
5 4.732179
5 4.732138
5 4.732221
5 4.732221
5 4.768879
5 4.790315
5 4.790275
5 4.790234
5 4.790234
5 4.832619
5 4.832619
5 4.832578
5 4.832619
5 4.90041
5 4.90037
5 4.90029
5 4.90029
5 4.908
5 4.907959
5 4.907959
5 4.908
5 4.890285
5 4.890245
5 4.890245
5 4.890285
5 4.928832
5 4.928792
5 4.928832
5 4.928872
5 4.928951
5 4.920836
5 4.920796
5 4.920876
5 4.920756
5 4.904925
5 4.904965
5 4.904885
5 4.904925
5 4.930739
5 4.930699
5 4.930699
5 4.930779
5 4.914302
5 4.914263
5 4.914223
5 4.914263
5 4.874877
5 4.875038
5 4.874998
5 4.874877
5 4.900809
5 4.900809
5 4.900809
5 4.90069
5 4.90069
5 4.82763
5 4.827671
5 4.827671
5 4.827671
5 4.828523
5 4.828441
5 4.828441
5 4.828441
5 4.826006
5 4.825763
5 4.825844
5 4.825885
5 4.866793
5 4.867316
5 4.867356
5 4.867316
5 4.867517
5 4.88772
5 5.028976
5 5.028898
5 5.028937
5 5.028859
5 4.949933
5 4.949933
5 4.949933
5 4.949933
5 4.943675
5 4.943675
5 4.943636
5 4.943675
5 4.876966
5 4.877047
5 4.877047
5 4.877087
5 4.91757
5 4.917729
5 4.91765
5 4.91765
5 5.007308
5 5.050281
5 5.050358
5 5.050126
5 5.071998
5 5.15134
5 5.151227
5 5.15134
5 5.151379
5 5.163346
5 5.163346
5 5.163346
5 5.163422
5 5.188671
5 5.188709
5 5.18852
5 5.188595
5 5.200666
5 5.160537
5 5.160613
5 5.160613
5 5.160537
5 5.098736
5 5.098774
5 5.098851
5 5.098813
5 5.106799
5 5.106838
5 5.106838
5 5.106914
5 5.086617
5 5.086617
5 5.086733
5 5.086771
5 5.093546
5 5.093507
5 5.093546
5 5.09343
5 5.111478
5 5.111363
5 5.11144
5 5.11144
5 15.15162
5 15.6079
5 15.60791
5 15.60809
5 15.60798
5 15.60799
5 19.99386
5 19.99391
5 19.99385
5 19.99387
5 19.99393
5 22.72932
5 22.72934
5 22.7294
5 22.72932
5 22.71437
5 22.71436
5 22.71438
5 22.71439
5 22.67472
5 22.60458
5 22.60458
5 22.60444
5 22.60452
5 22.52364
5 22.52366
5 22.52369
5 22.52366
5 22.59214
5 22.59202
5 13.46354
5 13.46363
5 13.47054
5 13.47052
5 13.47044
5 13.47048
5 13.48695
5 13.48687
5 13.48673
5 13.48693
5 13.53241
5 13.65965
5 13.65959
5 13.65952
5 13.65959
5 13.68663
5 13.68441
5 13.6844
5 13.68451
5 13.68434
5 13.63983
5 13.63975
5 13.63975
5 13.63988
5 13.62427
5 13.6243
5 13.62423
5 13.62443
5 13.6243
5 6.8792
5 6.8792
5 6.879228
5 6.879285
5 6.766513
5 6.766281
5 6.766397
5 6.766397
5 6.551643
5 6.551524
5 6.551643
5 6.551673
5 6.282599
5 6.282537
5 6.282319
5 6.282599
5 6.282568
5 6.157688
5 6.157624
5 6.15756
5 6.15772
5 5.858024
5 5.857957
5 5.858124
5 5.858124
5 5.699183
5 5.69908
5 5.699148
5 5.699217
5 5.719471
5 5.719368
5 5.719437
5 5.719197
5 7.05213
5 7.052158
5 7.052019
5 7.051908
5 7.000481
5 7.000622
5 7.000649
5 7.000453
5 7.000566
5 6.838363
5 6.838162
5 6.837904
5 6.838048
5 6.73665
5 6.736534
5 6.736447
5 6.736505
5 6.794224
5 6.794079
5 6.794339
5 6.794253
5 6.582311
5 6.582281
5 6.582192
5 6.582371
5 6.648358
5 6.648565
5 6.648447
5 6.648447
5 6.637967
5 6.488122
5 6.488274
5 6.488213
5 6.488274
5 6.408941
5 6.408849
5 6.408819
5 6.408635
5 6.340999
5 6.34103
5 6.34103
5 6.34103
5 6.24039
5 6.240516
5 6.240516
5 6.240516
5 6.240422
5 6.148002
5 6.147906
5 6.148097
5 6.147906
5 6.033774
5 6.033742
5 6.033645
5 6.033547
5 5.988707
5 5.988707
5 5.988608
5 5.988608
5 5.988805
5 6.038678
5 6.038873
5 6.038841
5 6.038938
5 6.04241
5 6.042605
5 6.042605
5 6.042443
5 6.269572
5 6.269353
5 6.269259
5 6.269416
5 6.268102
5 6.407197
5 6.407105
5 6.407166
5 6.407074
5 6.381531
5 6.381807
5 6.381715
5 6.381746
5 6.379595
5 6.379687
5 6.379687
5 6.379595
5 6.268009
5 6.268009
5 6.268102
5 6.268071
5 6.08428
5 6.084086
5 6.08428
5 6.084311
5 6.08544
5 6.08544
5 6.085536
5 6.085536
5 6.134913
5 6.134754
5 6.134881
5 6.134818
5 6.198686
5 6.198591
5 6.198781
5 6.198497
5 6.178792
5 6.203366
5 6.203429
5 6.203366
5 6.203239
5 6.24937
5 6.249558
5 6.249495
5 6.249244
5 6.231997
5 6.232217
5 6.231997
5 6.232028
5 6.196409
5 6.196409
5 6.196314
5 6.19644
5 6.044551
5 6.044551
5 6.044648
5 6.044745
5 6.051779
5 6.095964
5 6.095996
5 6.0959
5 6.095964
5 6.030914
5 6.030882
5 6.030882
5 6.030849
5 6.120613
5 6.120421
5 6.120485
5 6.120485
5 6.119395
5 6.119428
5 6.119236
5 6.119492
5 6.040788
5 6.072314
5 6.072281
5 6.072249
5 6.072281
5 6.061101
5 6.061133
5 6.061037
5 6.061101
5 5.941187
5 5.941286
5 5.941319
5 5.941352
5 5.966473
5 6.050775
5 6.050548
5 6.050839
5 6.050872
5 6.050872
5 6.057154
5 6.057122
5 6.057089
5 6.057089
5 6.153006
5 6.153038
5 6.153069
5 6.153069
5 6.260967
5 6.260841
5 6.26081
5 6.260873
5 6.260873
5 6.468144
5 6.468023
5 6.468175
5 6.468084
5 7.034333
5 7.034194
5 7.034165
5 7.034361
5 7.08593
5 7.085847
5 7.085847
5 7.085847
5 7.119874
5 7.120039
5 7.119928
5 7.119984
5 7.112457
5 7.11243
5 7.112513
5 7.112485
5 7.135396
5 7.135396
5 7.135342
5 7.135231
5 7.104841
5 7.104758
5 7.104703
5 7.104841
5 7.188701
5 7.188673
5 7.188865
5 7.188673
5 7.188892
5 7.207534
5 7.207643
5 7.207534
5 7.207589
5 7.221375
5 7.221348
5 7.221485
5 7.221267
5 7.20029
5 7.20029
5 7.200345
5 7.200099
5 3.930243
5 3.929994
5 3.930193
5 3.929994
5 4.949062
5 4.949022
5 4.949022
5 4.948983
5 4.948983
5 15.15074
5 15.15053
5 15.15069
5 15.15074
5 18.43311
5 18.43302
5 18.43302
5 18.43316
5 18.59154
5 18.59169
5 18.59169
5 18.59167
5 18.66584
5 18.66575
5 18.66584
5 18.66572
5 18.66575
5 18.68097
5 18.68096
5 18.68101
5 18.68096
5 1.538624
5 1.517364
5 1.517493
5 1.517235
5 1.517235
5 1.544844
5 1.592868
5 1.592991
5 1.592868
5 1.593113
5 1.631229
5 1.631469
5 1.631349
5 1.631469
5 1.498939
5 1.498939
5 1.498939
5 1.499069
5 1.329427
5 1.329279
5 1.329279
5 1.329132
5 1.347991
5 1.347991
5 1.347991
5 1.347846
5 1.347846
5 1.496456
5 1.496325
5 1.496456
5 1.496456
5 9.288931
5 9.288804
5 9.288847
5 9.288868
5 1.788926
5 1.788926
5 1.788707
5 1.788816
5 1.864456
5 1.864351
5 1.864456
5 1.864456
5 1.894136
5 1.894239
5 1.894032
5 1.894032
5 1.894032
5 1.869488
5 1.869488
5 1.869383
5 1.869383
5 1.923154
5 1.923255
5 1.923255
5 1.923357
5 1.928032
5 1.927931
5 1.927931
5 1.927829
5 1.994098
5 1.994
5 1.993901
5 1.994
5 1.853191
5 1.85298
5 1.852874
5 1.853085
5 1.692695
5 1.692811
5 1.692579
5 1.692464
5 1.670818
5 1.670935
5 1.670584
5 1.670935
5 2.319675
5 2.319759
5 2.319675
5 2.319675
5 2.341677
5 2.341677
5 2.341677
5 2.341677
5 2.338331
5 2.347604
5 2.347937
5 2.347687
5 2.347687
5 2.343264
5 2.343097
5 2.343264
5 2.343097
5 2.378087
5 2.378087
5 2.378005
5 2.378087
5 2.378087
5 2.378087
5 2.378005
5 2.378005
5 2.382856
5 2.453357
5 2.453277
5 2.453118
5 2.453277
5 2.363474
5 2.365544
5 2.365461
5 2.365544
5 2.365378
5 2.371081
5 2.371081
5 2.371081
5 2.371081
5 2.370998
5 2.45551
5 2.455431
5 2.455271
5 2.455351
5 2.455431
5 2.455351
5 2.530877
5 2.530877
5 2.530954
5 2.530877
5 2.498262
5 2.49834
5 2.49834
5 2.498262
5 2.545452
5 2.545375
5 2.545298
5 2.545375
5 2.486482
5 2.486561
5 2.486482
5 2.486561
5 2.423659
5 2.423659
5 2.423497
5 2.42382
5 2.423497
5 2.327845
5 2.327929
5 2.327929
5 2.327929
5 2.189995
5 2.189995
5 2.189905
5 2.189816
5 2.083563
5 2.083375
5 2.083563
5 2.083563
5 1.945212
5 1.94491
5 1.945212
5 1.945212
5 1.913257
5 1.913155
5 1.913155
5 1.913053
5 1.916119
5 2.120434
5 2.120341
5 2.120341
5 2.120434
5 2.530954
5 2.530954
5 2.530954
5 2.530954
5 2.530954
5 2.579444
5 2.579595
5 2.57952
5 2.579444
5 2.652989
5 2.653137
5 2.653063
5 2.653063
5 2.653063
5 2.706314
5 2.706314
5 2.706242
5 2.706314
5 2.729719
5 2.729719
5 2.729648
5 2.729719
5 2.730795
5 2.73058
5 2.730723
5 2.73058
5 2.73058
5 2.62838
5 2.62838
5 2.628305
5 2.628156
5 2.464978
5 2.465137
5 2.464978
5 2.465057
5 2.396044
5 2.396044
5 2.395962
5 2.395962
5 2.423174
5 2.423255
5 2.423255
5 2.423255
5 2.423416
5 2.423416
5 2.465057
5 2.465295
5 2.465295
5 2.465137
5 2.444566
5 2.444566
5 2.444646
5 2.444486
5 2.448965
5 2.449045
5 2.448885
5 2.448885
5 2.448885
5 2.398575
5 2.398493
5 2.398493
5 2.398412
5 2.411758
5 2.411839
5 2.411758
5 2.411677
5 2.481518
5 2.481676
5 2.481676
5 2.481676
5 2.482149
5 2.482228
5 2.481991
5 2.482149
5 2.561931
5 2.561855
5 2.562008
5 2.562008
5 2.561931
5 2.608946
5 2.608946
5 2.60902
5 2.60917
5 2.675837
5 2.676056
5 2.675983
5 2.676056
5 2.751504
5 2.751575
5 2.751575
5 2.751433
5 2.76102
5 2.761091
5 2.761162
5 2.761091
5 2.748657
5 2.666751
5 2.666604
5 2.66653
5 2.66653
5 2.594802
5 2.594953
5 2.594802
5 2.594953
5 2.537288
5 2.537133
5 2.537133
5 2.537211
5 2.473539
5 2.473301
5 2.47338
5 2.47338
5 2.484435
5 2.484435
5 2.484356
5 2.484513
5 2.455829
5 2.455829
5 2.455909
5 2.45575
5 2.494734
5 2.494891
5 2.494655
5 2.494655
5 2.465454
5 2.465454
5 2.465454
5 2.465533
5 2.465454
5 2.417999
5 2.417918
5 2.417999
5 2.417837
5 2.444646
5 2.444806
5 2.444806
5 2.444726
5 2.497008
5 2.497087
5 2.497087
5 2.497087
5 2.52088
5 2.520725
5 2.520725
5 2.52088
5 2.598722
5 2.598872
5 2.598647
5 2.598647
5 2.688681
5 2.688608
5 2.688535
5 2.688681
5 2.688754
5 2.676129
5 2.676056
5 2.676203
5 2.675983
5 2.700956
5 2.700884
5 2.700811
5 2.700956
5 2.662416
5 2.662269
5 2.662269
5 2.662269
5 2.51435
5 2.514116
5 2.514272
5 2.514194
5 2.514116
5 2.032592
5 2.032977
5 2.032784
5 2.032688
5 1.226848
5 1.227167
5 1.227167
5 1.227007
5 1.188609
5 1.18795
5 1.18828
5 1.188115
5 1.146713
5 1.147054
5 1.146883
5 1.147224
5 1.076837
5 1.077018
5 1.076837
5 1.077018
5 1.257255
5 1.257099
5 1.257255
5 1.257566
5 8.689483
5 8.689506
5 8.689483
5 8.689595
5 8.68955
5 8.689595
5 22.31426
5 22.31436
5 22.31428
5 22.31429
5 22.31437
5 9.762976
5 9.763016
5 9.763037
5 9.763218
5 0.3146578
5 0.3165179
5 0.3165179
5 0.3140353
5 0.08846933
5 0.09065409
5 0.08392937
5 0.08622923
5 0.08622923
5 0.3077414
5 0.3077414
5 0.3083766
5 0.3083766
5 0.3414966
5 0.5549665
5 0.5549665
5 0.5549665
5 0.5546138
5 0.5993783
5 0.5993783
5 0.5997046
5 0.5990517
5 0.5392296
5 0.5395923
5 0.5399548
5 0.5399548
5 0.4168407
5 0.416371
5 0.416371
5 0.4168407
5 0.4159008
5 0.4361108
5 0.4361108
5 0.4356619
5 0.4356619
5 0.4929749
5 0.4933717
5 0.4929749
5 0.4941643
5 9.044744
5 9.044852
5 9.044765
5 9.044852
5 7.430756
5 7.430703
5 7.430781
5 7.43065
5 7.43065
5 9.359606
5 9.359774
5 9.359732
5 9.359689
5 0.6119779
5 0.6119779
5 0.6119779
5 0.6122975
5 0.5101407
5 0.5105241
5 0.5105241
5 0.5105241
5 0.5326577
5 0.5322903
5 0.5326577
5 0.5322903
5 0.5322903
5 0.7132671
5 0.7132671
5 0.7129927
5 0.7135413
5 0.6641131
5 0.6644077
5 0.6644077
5 0.6647022
5 0.6647022
5 4.494967
5 4.494836
5 4.49488
5 4.49488
5 2.137899
5 2.583841
5 2.583766
5 2.583841
5 2.583766
5 2.782208
5 2.782278
5 2.782278
5 2.782138
5 2.802118
5 2.802118
5 2.802118
5 2.802118
5 2.671151
5 2.671078
5 2.671005
5 2.671078
5 2.448646
5 2.448646
5 2.448566
5 2.448406
5 2.293113
5 2.293113
5 2.293113
5 2.293113
5 2.33003
5 2.329946
5 2.329778
5 2.33003
5 2.399962
5 2.39988
5 2.399962
5 2.399962
5 2.399962
5 2.326751
5 2.32692
5 2.326751
5 2.326836
5 2.145119
5 2.145119
5 2.145119
5 2.14521
5 1.932088
5 1.931885
5 1.931987
5 1.932088
5 1.774096
5 1.774206
5 1.774206
5 1.774206
5 1.828206
5 1.828313
5 1.828206
