pcIndex middleAcc leftAcc leftCon rightAcc rightCon caliIndex
11 8.75744 10.02211 0 12.99444 0.7807006 0
11 12.10279 11.01537 0.5673029 13.19163 0.8089033 0
11 12.10281 11.01537 0.5673029 13.19168 0.8089033 0
11 12.22513 11.11841 0.4645034 13.33419 0.7877856 0
11 12.22513 11.11847 0.4645034 13.33422 0.7877856 0
11 12.25898 11.22586 0.5057743 13.29448 0.8101702 0
11 12.25892 11.22581 0.5057743 13.29442 0.8101702 0
11 12.16817 11.1782 0.5281957 13.16032 0.6797612 0
11 12.16831 11.17834 0.5281957 13.16048 0.6797612 0
11 12.15536 11.17003 0.4787638 13.14217 0.8033909 0
11 12.15536 11.16997 0.4787638 13.14217 0.8033909 0
11 12.20405 11.14447 0.4243127 13.26497 0.8363238 0
11 12.204 11.14442 0.4243127 13.26492 0.8363238 0
11 12.29887 11.17487 0.5646079 13.42459 0.7450066 0
11 12.29894 11.17493 0.5646079 13.42465 0.7450066 0
11 12.25665 11.13609 0.4730591 13.37853 0.7136546 0
11 12.2567 11.13613 0.4730591 13.37857 0.7136546 0
11 12.21714 11.09656 0.4405299 13.33909 0.6889343 0
11 12.21716 11.09654 0.4405299 13.33908 0.6889343 0
11 12.20154 11.1092 0.5085046 13.29613 0.8423433 0
11 12.20174 11.10936 0.5085046 13.29628 0.8423433 0
11 12.16167 11.0981 0.3704981 13.22899 0.8154552 0
11 12.16176 11.09819 0.3704981 13.22907 0.8154552 0
11 12.10183 10.97698 0.3663573 13.22904 0.8154552 0
11 12.10183 10.97702 0.3663573 13.22908 0.8154552 0
11 11.97396 10.86886 0.4064741 13.08993 0.8687282 0
11 11.97396 10.8689 0.4064741 13.08996 0.8687282 0
11 11.89469 10.79942 0.4025653 13.0078 0.6403855 0
11 11.89459 10.79941 0.4025653 13.00774 0.6403855 0
11 11.89121 10.79441 0.3896912 13.00773 0.6403855 0
11 11.89133 10.79452 0.3896912 13.00789 0.6403855 0
11 11.87586 10.71548 0.335354 13.05829 0.6658036 0
11 11.87599 10.71561 0.335354 13.05844 0.6658036 0
11 11.9091 10.70399 0.3812453 13.13969 0.7768759 0
11 11.90912 10.70394 0.3812453 13.13969 0.7768759 0
11 11.95764 10.71504 0.3914165 13.22835 0.7450528 0
11 11.95772 10.71517 0.3914165 13.22841 0.7450528 0
11 12.01683 10.7449 0.3163054 13.31783 0.76482 0
11 12.01683 10.74492 0.3163054 13.31786 0.76482 0
11 12.00599 10.73852 0.3809719 13.30548 0.7831839 0
11 12.006 10.73854 0.3809719 13.30546 0.7831839 0
11 12.00423 10.79401 0.343856 13.25694 0.7427489 0
11 12.00438 10.79417 0.343856 13.25712 0.7427489 0
11 11.91487 10.748 0.4671599 13.12403 0.6578408 0
11 11.91489 10.74803 0.4671599 13.12406 0.6578408 0
11 11.89429 10.74803 0.4671599 13.08812 0.8313673 0
11 11.89433 10.74807 0.4671599 13.08821 0.8313673 0
11 11.8641 10.75285 0.4561351 13.02538 0.8505467 0
11 11.86415 10.75287 0.4561351 13.02545 0.8505467 0
11 11.79973 10.71579 0.3554392 12.93448 0.808814 0
11 11.79983 10.71592 0.3554392 12.93462 0.808814 0
11 18.82486 10.71957 0.3533331 27.50783 0 0
11 18.82492 10.71968 0.3533331 27.50787 0 0
11 11.49091 15.4638 0.6240184 8.08806 0.4753173 0
11 11.49091 15.46382 0.6240184 8.088182 0.4753173 0
11 21.5632 15.44906 0.2513742 27.50785 0 0
11 21.56322 15.44905 0.2513742 27.50787 0 0
11 17.53582 10.02209 0 27.50793 0 0
11 17.53573 10.02209 0 27.50786 0 0
11 17.53572 10.02209 0 27.50782 0 0
11 17.53573 10.02209 0 27.50792 0 0
11 11.45927 10.02211 0 18.60927 0.5198516 0
11 11.45915 10.02207 0 18.60918 0.5198516 0
11 10.74664 10.02205 0 16.49791 0.8574423 0
11 10.74659 10.02215 0 16.49777 0.8574423 0
11 10.66221 10.02211 0 16.06037 0.4172339 0
11 10.66212 10.02205 0 16.06033 0.4172339 0
11 7.326595 8.108835 0.5985392 8.019419 0.99 0
11 7.326729 8.10903 0.5985392 8.019589 0.99 0
11 7.520683 8.152879 0.4053748 8.30721 0.735579 0
11 7.520448 8.152661 0.4053748 8.307068 0.735579 0
11 7.45472 8.147097 0.3655475 8.307092 0.735579 0
11 7.454773 8.147242 0.3655475 8.307163 0.735579 0
11 12.06047 8.148904 0.4018758 16.69179 0.4663447 0
11 12.06062 8.149145 0.4018758 16.69196 0.4663447 0
11 12.01076 8.136004 0.5388246 16.69186 0.4663447 0
11 12.01088 8.136101 0.5388246 16.69195 0.4663447 0
11 16.13556 8.217381 0.5693733 27.5078 0 0
11 16.13562 8.217404 0.5693733 27.50785 0 0
11 6.665504 8.153745 0.6580536 5.317692 0.4007367 0
11 6.665533 8.153769 0.6580536 5.317692 0.4007367 0
11 7.202279 7.966245 0.5545861 6.568951 0.7597776 0
11 7.202279 7.966319 0.5545861 6.568951 0.7597776 0
11 7.124556 7.795181 0.6023691 6.569011 0.7597776 0
11 7.124748 7.795356 0.6023691 6.56919 0.7597776 0
11 7.026604 7.70263 0.5980637 6.479957 0.7152486 0
11 7.026632 7.702681 0.5980637 6.479987 0.7152486 0
11 6.897338 7.552268 0.6298378 6.371384 0.7364661 0
11 6.89748 7.552371 0.6298378 6.371537 0.7364661 0
11 6.796879 7.460562 0.6375957 6.268415 0.8131434 0
11 6.716066 7.287285 0.6079016 6.268572 0.7945444 0
11 6.715978 7.287097 0.6079016 6.268446 0.7945444 0
11 6.716037 7.287177 0.6079016 6.26854 0.7945444 0
11 6.624926 7.141277 0.5822806 6.237908 0.7769133 0
11 6.625014 7.141305 0.5822806 6.237971 0.7769133 0
11 6.527865 7.141223 0.5822806 6.056766 0.7865259 0
11 6.528045 7.141387 0.5822806 6.056992 0.7865259 0
11 6.390711 7.017609 0.6987256 5.905281 0.7279342 0
11 6.390681 7.017665 0.6987256 5.905314 0.7279342 0
11 6.394975 7.089832 0.5095907 5.845027 0.6899945 0
11 6.395066 7.089888 0.5095907 5.845128 0.6899945 0
11 6.422602 7.090054 0.5095907 5.903123 0.7786677 0
11 6.422511 7.089915 0.5095907 5.903023 0.7786677 0
11 6.455764 7.160482 0.5348914 5.895946 0.7831665 0
11 6.455612 7.160372 0.5348914 5.895846 0.7831665 0
11 6.262877 6.898959 0.5809481 5.770883 0.8196744 0
11 6.262846 6.898902 0.5809481 5.770883 0.8196744 0
11 6.178919 6.860413 0.6615604 5.648023 0.7267156 0
11 6.178919 6.860384 0.6615604 5.647988 0.7267156 0
11 6.173364 6.860356 0.6615604 5.630124 0.7244737 0
11 6.173491 6.86047 0.6615604 5.630263 0.7244737 0
11 6.130342 6.868927 0.6104177 5.524107 0.7577912 0
11 6.130534 6.869099 0.6104177 5.524319 0.7577912 0
11 5.956148 6.764106 0.5877616 5.279157 0.8488063 0
11 5.95618 6.764106 0.5877616 5.279194 0.8488063 0
11 5.768335 6.576022 0.5634654 5.118181 0.7099442 0
11 5.768369 6.575963 0.5634654 5.118143 0.7099442 0
11 5.571618 6.356317 0.613826 4.943556 0.7517294 0
11 5.571513 6.356225 0.613826 4.943398 0.7517294 0
11 5.450285 6.201975 0.5491803 4.854742 0.7916062 0
11 5.450321 6.201975 0.5491803 4.854823 0.7916062 0
11 5.450465 6.202101 0.5491803 4.854863 0.7916062 0
11 5.450501 6.20207 0.5491803 4.854944 0.7916062 0
11 5.450285 6.202006 0.5491803 4.854742 0.7916062 0
11 5.450357 6.202006 0.5491803 4.854742 0.7916062 0
11 5.058846 5.696534 0.6037498 4.592906 0.7568938 0
11 5.058886 5.696499 0.6037498 4.592949 0.7568938 0
11 4.991593 5.635551 0.609782 4.524675 0.7025668 0
11 4.991593 5.635586 0.609782 4.524675 0.7025668 0
11 4.875922 5.406859 0.5670304 4.509499 0.7407652 0
11 4.875962 5.40675 0.5670304 4.509455 0.7407652 0
11 4.747388 5.230832 0.5533776 4.422041 0.7938866 0
11 4.747306 5.230757 0.5533776 4.422086 0.7938866 0
11 4.682534 5.102001 0.6002032 4.42213 0.7938866 0
11 4.682576 5.102039 0.6002032 4.42213 0.7938866 0
11 4.515401 5.024884 0.4959844 4.149826 0.8026628 0
11 4.515445 5.025001 0.4959844 4.149873 0.8026628 0
11 4.377256 4.775448 0.6209642 4.149967 0.8026628 0
11 4.377122 4.775366 0.6209642 4.149826 0.8026628 0
11 4.17298 4.568275 0.6627837 3.956414 0.7736319 0
11 4.17298 4.568361 0.6627837 3.956364 0.7736319 0
11 4.045689 4.467036 0.6259207 3.792353 0.8134546 0
11 4.045689 4.467124 0.6259207 3.792405 0.8134546 0
11 4.030023 4.44889 0.6264185 3.752646 0.7629431 0
11 4.029926 4.448758 0.6264185 3.752594 0.7629431 0
11 3.972713 4.389143 0.6050495 3.703009 0.6743243 0
11 3.972664 4.389143 0.6050495 3.702903 0.6743243 0
11 3.891236 4.23813 0.6500406 3.687589 0.8374932 0
11 3.89541 4.238175 0.6500406 3.717153 0.6234091 0
11 3.895461 4.238175 0.6500406 3.717258 0.6234091 0
11 3.89536 4.23813 0.6500406 3.717153 0.6234091 0
11 3.86503 4.111184 0.523551 3.764368 0.725435 0
11 3.86503 4.111279 0.523551 3.76442 0.725435 0
11 3.766916 4.106275 0.626076 3.637335 0.7225476 0
11 3.766916 4.106322 0.626076 3.637443 0.7225476 0
11 3.722364 4.10637 0.626076 3.511177 0.7360779 0
11 3.72247 4.106275 0.626076 3.511232 0.7360779 0
11 3.728619 4.170727 0.5304419 3.455984 0.7425985 0
11 3.728934 4.171055 0.5304419 3.456211 0.7425985 0
11 3.73696 4.221507 0.5770534 3.395345 0.6183686 0
11 3.736803 4.221368 0.5770534 3.395345 0.6183686 0
11 3.745125 4.370271 0.5743061 3.259787 0.6893054 0
11 3.745282 4.370405 0.5743061 3.259907 0.6893054 0
11 3.720154 4.455929 0.5430122 3.115522 0.7628931 0
11 3.720049 4.455797 0.5430122 3.115396 0.7628931 0
11 3.667623 4.489517 0.6268389 3.010449 0.6982917 0
11 3.54547 4.332733 0.5478208 2.91712 0.7065471 0
11 3.545526 4.332823 0.5478208 2.917255 0.7065471 0
11 3.545415 4.332687 0.5478208 2.91712 0.7065471 0
11 3.454738 4.247177 0.5479054 2.850462 0.7733514 0
11 3.454681 4.247223 0.5479054 2.850324 0.7733514 0
11 3.502802 4.274068 0.5937749 2.887172 0.7453671 0
11 3.502802 4.274068 0.5937749 2.887104 0.7453671 0
11 3.518808 4.362511 0.5667551 2.85156 0.6536937 0
11 3.518808 4.362511 0.5667551 2.851698 0.6536937 0
11 3.404271 4.247131 0.6684832 2.777701 0.6624444 0
11 3.404156 4.246993 0.6684832 2.777631 0.6624444 0
11 3.419707 4.141559 0.5360389 2.888731 0.5538951 0
11 3.419878 4.141748 0.5360389 2.889002 0.5538951 0
11 3.441564 4.158736 0.467967 2.888731 0.5538951 0
11 3.441564 4.158736 0.467967 2.888731 0.5538951 0
11 3.380435 4.06563 0.5068178 2.932447 0.7492883 0
11 3.380435 4.065727 0.5068178 2.932514 0.7492883 0
11 3.301975 3.875907 0.6101515 2.932514 0.7492883 0
11 3.173298 3.752177 0.5664395 2.808259 0.8522365 0
11 3.173237 3.752177 0.5664395 2.808329 0.8522365 0
11 3.17336 3.752124 0.5664395 2.808329 0.8522365 0
11 3.170459 3.710985 0.6257882 2.830269 0.7629095 0
11 3.170336 3.710879 0.6257882 2.830338 0.7629095 0
11 3.142425 3.758486 0.6159056 2.761587 0.6924188 0
11 3.142487 3.758486 0.6159056 2.761658 0.6924188 0
11 3.173977 3.918666 0.574921 2.664621 0.7263268 0
11 3.173915 3.918666 0.574921 2.664548 0.7263268 0
11 3.214672 3.952551 0.6310621 2.65417 0.6856649 0
11 3.214732 3.95265 0.6310621 2.654022 0.6856649 0
11 3.189605 3.926703 0.4995101 2.635222 0.6450454 0
11 3.189421 3.926404 0.4995101 2.635 0.6450454 0
11 3.155977 3.981035 0.5658288 2.518705 0.7664023 0
11 3.155977 3.981035 0.5658288 2.518783 0.7664023 0
11 3.189175 3.981478 0.5980229 2.552976 0.7203494 0
11 3.189053 3.981331 0.5980229 2.5529 0.7203494 0
11 3.183461 3.928847 0.5965726 2.575875 0.700677 0
11 3.130629 3.928797 0.5965726 2.46601 0.7399745 0
11 3.130691 3.928747 0.5965726 2.466169 0.7399745 0
11 3.130878 3.928947 0.5965726 2.466248 0.7399745 0
11 2.968342 3.679882 0.724483 2.369842 0.6902656 0
11 2.968474 3.680042 0.724483 2.370008 0.6902656 0
11 2.891373 3.609939 0.6122468 2.26529 0.6700117 0
11 2.89144 3.609994 0.6122468 2.265377 0.6700117 0
11 2.910268 3.609994 0.6122468 2.30656 0.7543088 0
11 2.9102 3.609939 0.6122468 2.30656 0.7543088 0
11 2.82757 3.507048 0.6187935 2.264081 0.8217462 0
11 2.82764 3.506992 0.6187935 2.263994 0.8217462 0
11 2.816611 3.471754 0.6599193 2.276839 0.7486958 0
11 2.816611 3.471754 0.6599193 2.276924 0.7486958 0
11 2.842416 3.47322 0.5902888 2.332633 0.810033 0
11 2.842553 3.473277 0.5902888 2.332633 0.810033 0
11 2.786637 3.381361 0.5686486 2.313253 0.7155865 0
11 2.786637 3.381246 0.5686486 2.313169 0.7155865 0
11 2.711083 3.139932 0.6756694 2.3949 0.7415064 0
11 2.710939 3.139558 0.6756694 2.394737 0.7415064 0
11 2.705735 3.104127 0.5781285 2.429466 0.7616233 0
11 2.705663 3.104127 0.5781285 2.429466 0.7616233 0
11 2.746163 3.200757 0.5972164 2.399799 0.8707757 0
11 2.746163 3.200695 0.5972164 2.399799 0.8707757 0
11 2.733876 3.216498 0.5459982 2.359994 0.7629954 0
11 2.73409 3.216742 0.5459982 2.360159 0.7629954 0
11 2.654685 3.114265 0.622367 2.29644 0.7257646 0
11 2.654759 3.114202 0.622367 2.296355 0.7257646 0
11 2.705084 3.158953 0.6301334 2.351186 0.7387955 0
11 2.705084 3.158891 0.6301334 2.35102 0.7387955 0
11 2.75513 3.139122 0.5655145 2.491908 0.7977742 0
11 2.754916 3.139122 0.5655145 2.491908 0.7977742 0
11 2.78762 3.209979 0.7882897 2.480729 0.7519058 0
11 2.78762 3.209918 0.7882897 2.480808 0.7519058 0
11 2.738383 3.198064 0.6463154 2.375287 0.783261 0
11 2.738168 3.197942 0.6463154 2.375205 0.783261 0
11 2.641973 3.120858 0.6157241 2.274172 0.7310296 0
11 2.642121 3.120733 0.6157241 2.274258 0.7310296 0
11 2.62525 3.080832 0.6707124 2.274344 0.7310296 0
11 2.625026 3.080578 0.6707124 2.274086 0.7310296 0
11 2.638489 3.099647 0.6735006 2.287559 0.8205647 0
11 2.638563 3.09971 0.6735006 2.287644 0.8205647 0
11 2.548603 2.98321 0.6724334 2.244982 0.8038905 0
11 2.548526 2.983144 0.6724334 2.244633 0.8038905 0
11 2.555735 2.973087 0.5506176 2.258541 0.7182699 0
11 2.555429 2.972824 0.5506176 2.258368 0.7182699 0
11 2.511546 2.891779 0.6650257 2.258281 0.7182699 0
11 2.511857 2.89205 0.6650257 2.258628 0.7182699 0
11 2.438313 2.783755 0.6207792 2.220172 0.760298 0
11 2.438232 2.783755 0.6207792 2.220349 0.760298 0
11 2.327508 2.718942 0.5930986 2.064217 0.729376 0
11 2.327256 2.718726 0.5930986 2.064122 0.729376 0
11 2.262091 2.646488 0.6282612 1.997628 0.7068636 0
11 2.262178 2.646636 0.6282612 1.997824 0.7068636 0
11 2.230989 2.600981 0.6446022 1.943501 0.9026483 0
11 2.230726 2.600755 0.6446022 1.943299 0.9026483 0
11 2.202649 2.601131 0.6446022 1.895272 0.8070812 0
11 2.140278 2.492301 0.5523885 1.895272 0.8070812 0
11 2.173489 2.51505 0.6449248 1.931379 0.8802341 0
11 2.173308 2.515128 0.6449248 1.931176 0.8802341 0
11 2.114055 2.452719 0.5899729 1.862671 0.780622 0
11 2.11424 2.452878 0.5899729 1.862671 0.780622 0
11 2.075563 2.391383 0.5962406 1.839624 0.8171101 0
11 2.075846 2.391711 0.5962406 1.839837 0.8171101 0
11 2.043156 2.391711 0.5962406 1.811429 0.5511656 0
11 2.042868 2.391547 0.5962406 1.811321 0.5511656 0
11 2.057379 2.33875 0.65425 1.884814 0.8927691 0
11 2.057379 2.338917 0.65425 1.884814 0.8927691 0
11 2.038937 2.244895 0.6348903 1.922543 0.7304271 0
11 2.039033 2.244982 0.6348903 1.922747 0.7304271 0
11 2.035094 2.229322 0.6573311 1.918059 0.813872 0
11 2.035382 2.229585 0.6573311 1.918161 0.813872 0
11 2.004669 2.19544 0.5561817 1.894342 0.8047918 0
11 2.004767 2.195707 0.5561817 1.894446 0.8047918 0
11 1.947725 2.144388 0.608438 1.869697 0.8947272 0
11 1.947926 2.14448 0.608438 1.869802 0.8947272 0
11 1.874193 2.004767 0.5975493 1.847056 0.7703385 0
11 1.873984 2.004376 0.5975493 1.84695 0.7703385 0
11 1.893516 1.995373 0.5746223 1.90752 0.8030818 0
11 1.893412 1.995373 0.5746223 1.907418 0.8030818 0
11 1.918263 1.9708 0.6215224 1.954546 0.7523554 0
11 1.918467 1.971098 0.6215224 1.954847 0.7523554 0
11 2.002032 2.091064 0.7245528 2.000271 0.8729964 0
11 2.002032 2.09097 0.7245528 2.000174 0.8729964 0
11 2.053094 2.241666 0.6434735 1.943098 0.7996843 0
11 2.053189 2.241841 0.6434735 1.943601 0.7996843 0
11 2.032207 2.218232 0.5350267 1.943299 0.7996843 0
11 2.032399 2.218673 0.5350267 1.943299 0.7996843 0
11 2.010616 2.181129 0.5570076 1.932493 0.8387908 0
11 2.010421 2.18104 0.5570076 1.932493 0.8387908 0
11 1.917549 2.112481 0.6535876 1.820267 0.8415719 0
11 1.917651 2.112666 0.6535876 1.820482 0.8415719 0
11 1.85393 1.979025 0.6646855 1.82059 0.8415719 0
11 1.85393 1.979124 0.6646855 1.820482 0.8415719 0
11 1.832589 1.920812 0.6961129 1.826599 0.7465662 0
11 1.832803 1.920812 0.6961129 1.826599 0.7465662 0
11 1.831842 1.913053 0.5530763 1.893929 0.759631 0
11 1.832162 1.91295 0.5530763 1.893826 0.759631 0
11 1.689802 1.823704 0.5530977 1.712694 0.773968 0
11 1.689802 1.823704 0.5530977 1.712922 0.773968 0
11 1.667183 1.751001 0.5444919 1.712694 0.773968 0
11 1.667183 1.751001 0.5444919 1.712922 0.773968 0
11 1.713379 1.827028 0.6720949 1.72533 0.7882739 0
11 1.713493 1.827028 0.6720949 1.725444 0.7882739 0
11 1.790019 1.814883 0.6479549 1.85741 0.7644848 0
11 1.790457 1.815207 0.6479549 1.857516 0.7644848 0
11 1.776411 1.811537 0.5915966 1.86162 0.760877 0
11 1.776521 1.811321 0.5915966 1.86162 0.760877 0
11 1.701574 1.733591 0.5744068 1.802766 0.8971858 0
11 1.701574 1.733478 0.5744068 1.802983 0.8971858 0
11 1.664246 1.733704 0.5744068 1.736073 0.7108894 0
11 1.663893 1.733365 0.5744068 1.73596 0.7108894 0
11 1.598509 1.649719 0.6178408 1.636738 0.7634805 0
11 1.598754 1.649719 0.6178408 1.636977 0.7634805 0
11 1.594955 1.690844 0.6911486 1.596794 0.8273154 0
11 1.594709 1.690381 0.6911486 1.596549 0.8273154 0
11 1.557083 1.691076 0.6911486 1.539006 0.760577 0
11 1.557083 1.690844 0.6911486 1.539006 0.760577 0
11 1.470602 1.705135 0.6538687 1.454008 0.5360515 0
11 1.470868 1.70525 0.6538687 1.454142 0.5360515 0
11 1.420375 1.628347 0.58097 1.414024 0.5536168 0
11 1.420238 1.628467 0.58097 1.413885 0.5536168 0
11 1.376008 1.563855 0.6130648 1.446316 0.5066357 0
11 1.376008 1.563855 0.6130648 1.44618 0.5066357 0
11 1.37202 1.56448 0.629155 1.42985 0.492465 0
11 1.37202 1.564105 0.629155 1.429987 0.492465 0
11 1.396197 1.547755 0.5024079 1.407365 0.5911602 0
11 1.396617 1.54826 0.5024079 1.407921 0.5911602 0
11 1.353352 1.458174 0.6137767 1.422441 0.6784504 0
11 1.353352 1.458308 0.6137767 1.422578 0.6784504 0
11 1.355952 1.388749 0.5964729 1.463666 0.8375961 0
11 1.355952 1.388749 0.5964729 1.463398 0.8375961 0
11 1.371735 1.321306 0.664695 1.505582 0.7223957 0
11 1.351616 1.286183 0.6225899 1.502069 0.7269899 0
11 1.351471 1.286031 0.6225899 1.502069 0.7269899 0
11 1.35176 1.28664 0.6225899 1.502199 0.7269899 0
11 1.312986 1.276256 0.6190862 1.433131 0.8220748 0
11 1.313135 1.275949 0.6190862 1.433131 0.8220748 0
11 1.274875 1.189597 0.499947 1.483717 0.8077157 0
11 1.275335 1.189597 0.499947 1.483717 0.8077157 0
11 1.227804 1.100385 0.551818 1.483585 0.8077157 0
11 1.228123 1.10074 0.551818 1.483717 0.8077157 0
11 1.225731 1.095751 0.6436459 1.441572 0.6750401 0
11 1.225571 1.095573 0.6436459 1.441572 0.6750401 0
11 1.164829 1.111531 0.5717479 1.42464 0.49344 0
11 1.164829 1.111179 0.5717479 1.424777 0.49344 0
11 1.187786 1.17203 0.645913 1.491741 0.4975079 0
11 1.187786 1.17203 0.645913 1.49161 0.4975079 0
11 1.128306 1.067712 0.6906022 1.492003 0.4975079 0
11 1.127959 1.067346 0.6906022 1.491741 0.4975079 0
11 1.138148 1.002296 0.6340113 1.52675 0.4555228 0
11 1.138148 1.002296 0.6340113 1.526622 0.4555228 0
11 16.27764 16.83494 0.6762907 15.71924 0.4917438 1
11 16.27767 16.83496 0.6762907 15.71921 0.4917438 1
11 16.33647 16.95203 0.5191756 15.71923 0.4917438 1
11 16.33651 16.95201 0.5191756 15.71925 0.4917438 1
11 16.20172 16.73499 0.7007032 15.66728 0.4976491 1
11 16.20164 16.73494 0.7007032 15.66724 0.4976491 1
11 11.20799 7.383789 0 15.46439 0.200165 1
11 11.20802 7.383895 0 15.46436 0.200165 1
11 7.687991 7.383789 0 9.650867 0.4841764 1
11 7.688016 7.383762 0 9.651031 0.4841764 1
11 6.605627 7.383842 0 16.65872 0 1
11 6.605627 7.383815 0 16.65865 0 1
11 11.59576 5.732957 0.7747497 17.82467 0.99 1
11 11.5958 5.732991 0.7747497 17.82466 0.99 1
11 6.221385 5.626816 0.747858 6.827513 0.5542517 1
11 6.221417 5.626885 0.747858 6.82757 0.5542517 1
11 6.181489 5.554533 0.6080701 6.822944 0.5140936 1
11 6.181489 5.554533 0.6080701 6.823001 0.5140936 1
11 6.163257 5.564227 0.7874514 6.777518 0.6708255 1
11 6.163321 5.564261 0.7874514 6.777547 0.6708255 1
11 6.156064 5.564332 0.7874514 6.757724 0.5815768 1
11 6.155936 5.564261 0.7874514 6.757638 0.5815768 1
11 9.49966 5.34093 0.8180287 16.65879 0 1
11 9.499722 5.34093 0.8180287 16.65875 0 1
11 3.218202 3.792095 0.5714069 3.061773 0.4992048 1
11 3.218323 3.792044 0.5714069 3.061773 0.4992048 1
11 2.696604 3.122677 0.3267502 2.779322 0.5015911 1
11 2.696677 3.122802 0.3267502 2.779322 0.5015911 1
11 2.450963 2.933249 0.3584082 2.48278 0.5050355 1
11 2.451042 2.933315 0.3584082 2.48278 0.5050355 1
11 2.19535 2.801 0.3612801 2.074148 0.5030228 1
11 2.195172 2.801 0.3612801 2.073959 0.5030228 1
11 1.979618 2.603312 0.34355 1.849703 0.5532048 1
11 1.979816 2.603388 0.34355 1.849703 0.5532048 1
11 1.953745 2.65557 0.2544256 1.676431 0.5297709 1
11 1.953544 2.655496 0.2544256 1.676431 0.5297709 1
11 1.762808 2.445686 0.3164981 1.477638 0.5711735 1
11 1.762808 2.445926 0.3164981 1.477638 0.5711735 1
11 1.692232 2.443364 0.3412456 1.334715 0.4735698 1
11 1.692232 2.443364 0.3412456 1.334715 0.4735698 1
11 1.690034 2.545682 0.2801541 1.171195 0.4851737 1
11 1.689918 2.545682 0.2801541 1.171362 0.4851737 1
11 1.51904 2.395472 0.3332853 0.9873473 0.5947618 1
11 1.51904 2.395309 0.3332853 0.987149 0.5947618 1
11 3.56601 7.383895 0 0.9004862 0.7289546 1
11 3.5659 7.383842 0 0.9002688 0.7289546 1
11 3.565955 7.383815 0 0.9007034 0.7289546 1
11 3.565955 7.383789 0 0.9004862 0.7289546 1
11 3.536236 7.383762 0 0.8413968 0.7899599 1
11 3.536181 7.383842 0 0.8416294 0.7899599 1
11 3.515579 7.383842 0 0.7651502 0.796198 1
11 3.515635 7.383869 0 0.7654059 0.796198 1
11 5.160347 9.639249 0.664416 0.7209076 0.8235741 1
11 5.160386 9.639249 0.664416 0.7203645 0.8235741 1
11 5.190634 9.720289 0.2817578 0.7002546 0.7389823 1
11 5.190521 9.720127 0.2817578 0.7002546 0.7389823 1
11 5.172181 9.671196 0.3857166 0.7244276 0.8228582 1
11 5.093045 9.541492 0.4752468 0.6769533 0.6613833 1
11 5.0932 9.541595 0.4752468 0.6772422 0.6613833 1
11 5.093161 9.541492 0.4752468 0.6772422 0.6613833 1
11 13.00636 9.518678 0.518347 16.65876 0 1
11 13.00641 9.518658 0.518347 16.65879 0 1
11 13.00634 9.518678 0.518347 16.65873 0 1
11 13.00645 9.518782 0.518347 16.65881 0 1
11 12.92009 9.381776 0.4026598 16.65878 0 1
11 12.9201 9.381797 0.4026598 16.65877 0 1
11 8.16135 9.273368 0.538083 7.049014 0.4580874 1
11 8.161279 9.27324 0.538083 7.04893 0.4580874 1
11 8.071198 9.273346 0.538083 6.867614 0.4615362 1
11 8.0711 9.273304 0.538083 6.867557 0.4615362 1
11 7.937164 9.114083 0.464544 6.765498 0.4720324 1
11 7.937263 9.114148 0.464544 6.765614 0.4720324 1
11 7.828247 9.05471 0.4068528 6.609307 0.4432994 1
11 7.828271 9.05471 0.4068528 6.609367 0.4432994 1
11 7.79951 9.054753 0.4068528 6.552302 0.4153284 1
11 7.735836 8.933403 0.3547183 6.552182 0.4153284 1
11 7.656476 8.933514 0.3547183 6.394944 0.4960119 1
11 7.656296 8.933338 0.3547183 6.394729 0.4960119 1
11 7.567245 8.919031 0.6109937 6.235896 0.4805323 1
11 7.567193 8.918987 0.6109937 6.235771 0.4805323 1
11 7.505717 8.90532 0.5676943 6.134274 0.4894559 1
11 7.505691 8.905341 0.5676943 6.134306 0.4894559 1
11 7.392474 8.739207 0.4673375 6.080251 0.4117525 1
11 7.392421 8.739141 0.4673375 6.080154 0.4117525 1
11 7.415 8.736532 0.5538593 6.136096 0.4483614 1
11 7.415027 8.736532 0.5538593 6.136064 0.4483614 1
11 7.446504 8.740264 0.3360073 6.200046 0.437714 1
11 7.446451 8.740174 0.3360073 6.199983 0.437714 1
11 7.477875 8.798214 0.6136149 6.210567 0.5225158 1
11 7.478032 8.798348 0.6136149 6.210694 0.5225158 1
11 7.485192 8.807163 0.4737771 6.20583 0.4740871 1
11 7.485271 8.80723 0.4737771 6.205925 0.4740871 1
11 7.467765 8.860091 0.5915866 6.114973 0.4893454 1
11 7.46787 8.860224 0.5915866 6.115101 0.4893454 1
11 7.42925 8.834067 0.7302093 6.073121 0.4055944 1
11 7.429382 8.834156 0.7302093 6.073186 0.4055944 1
11 7.437856 8.857253 0.4712771 6.073186 0.4055944 1
11 7.437856 8.85732 0.4712771 6.073153 0.4055944 1
11 7.392978 8.822762 0.8502449 6.021546 0.4226708 1
11 7.392871 8.822697 0.8502449 6.021481 0.4226708 1
11 7.37222 8.796897 0.5706093 6.026557 0.4270377 1
11 7.372274 8.796942 0.5706093 6.02659 0.4270377 1
11 7.276265 8.702154 0.8066073 5.930157 0.4774342 1
11 7.276292 8.702154 0.8066073 5.930223 0.4774342 1
11 7.229765 8.668186 0.7844069 5.868454 0.5441247 1
11 7.22982 8.668254 0.7844069 5.868454 0.5441247 1
11 7.185671 8.602429 0.5553094 5.852634 0.5011962 1
11 7.185643 8.602451 0.5553094 5.852567 0.5011962 1
11 7.065136 8.41034 0.5812961 5.820832 0.5115734 1
11 7.065219 8.410411 0.5812961 5.820967 0.5115734 1
11 6.933105 8.20205 0.6317858 5.780589 0.3764078 1
11 6.933105 8.20205 0.6317858 5.780622 0.3764078 1
11 6.926652 8.202026 0.6317858 5.778961 0.3485197 1
11 6.926652 8.20205 0.6317858 5.778961 0.3485197 1
11 6.958493 8.17152 0.5766467 5.854811 0.4823679 1
11 6.958691 8.171689 0.5766467 5.855045 0.4823679 1
11 6.876204 8.094491 0.5740002 5.771324 0.4529929 1
11 6.876347 8.094515 0.5740002 5.771358 0.4529929 1
11 6.872923 8.06806 0.6340534 5.804646 0.4117206 1
11 6.872895 8.068109 0.6340534 5.80468 0.4117206 1
11 6.914067 8.069033 0.6423374 5.868354 0.4248645 1
11 6.914152 8.069154 0.6423374 5.868487 0.4248645 1
11 6.897395 8.069105 0.6423374 5.831665 0.4476828 1
11 6.897281 8.069105 0.6423374 5.831631 0.4476828 1
11 6.931776 8.052252 0.5151119 5.905845 0.3949067 1
11 6.931776 8.0523 0.5151119 5.905812 0.3949067 1
11 6.937857 8.066843 0.6582893 5.913208 0.4789204 1
11 6.937743 8.066794 0.6582893 5.913142 0.4789204 1
11 6.991088 8.100987 0.5948985 6.003418 0.4237873 1
11 6.990836 8.100794 0.5948985 6.003255 0.4237873 1
11 7.006419 8.143023 0.6059901 5.998159 0.4692707 1
11 7.006391 8.143023 0.6059901 5.998126 0.4692707 1
11 7.048596 8.168925 0.5443027 6.066468 0.4280651 1
11 7.048736 8.169022 0.5443027 6.066597 0.4280651 1
11 7.060776 8.17104 0.5801002 6.077735 0.4555852 1
11 7.060748 8.171016 0.5801002 6.077735 0.4555852 1
11 7.083189 8.213365 0.5622973 6.103678 0.3934197 1
11 7.0833 8.213509 0.5622973 6.10387 0.3934197 1
11 7.077675 8.185684 0.489936 6.117473 0.4621474 1
11 7.077814 8.185732 0.489936 6.117569 0.4621474 1
11 7.155768 8.243931 0.5450789 6.207315 0.4578924 1
11 7.155685 8.243907 0.5450789 6.207252 0.4578924 1
11 7.218441 8.350919 0.5406948 6.226803 0.4529949 1
11 7.218414 8.350872 0.5406948 6.226709 0.4529949 1
11 7.20059 8.365462 0.6586095 6.191598 0.4096713 1
11 7.200699 8.365556 0.6586095 6.191598 0.4096713 1
11 7.189547 8.318714 0.5497907 6.230108 0.406811 1
11 7.189574 8.318714 0.5497907 6.230172 0.406811 1
11 7.213302 8.359286 0.4314699 6.230172 0.406811 1
11 7.213221 8.359215 0.4314699 6.230077 0.406811 1
11 7.292775 8.442549 0.6491966 6.318511 0.4723244 1
11 7.361861 8.556828 0.6745697 6.350176 0.4760186 1
11 7.36178 8.556828 0.6745697 6.350145 0.4760186 1
11 7.361914 8.556898 0.6745697 6.350237 0.4760186 1
11 7.359141 8.516568 0.6258612 6.379779 0.42898 1
11 7.359115 8.516568 0.6258612 6.379748 0.42898 1
11 7.374483 8.550124 0.4635018 6.378119 0.4454581 1
11 7.374536 8.550147 0.4635018 6.378181 0.4454581 1
11 7.407058 8.639201 0.5625027 6.352614 0.36626 1
11 7.406925 8.639133 0.5625027 6.352553 0.36626 1
11 7.386924 8.56942 0.4107845 6.384603 0.3935657 1
11 7.386898 8.569375 0.4107845 6.384572 0.3935657 1
11 7.385542 8.58641 0.5663545 6.371691 0.3706343 1
11 7.385542 8.586455 0.5663545 6.371691 0.3706343 1
11 7.410236 8.557058 0.5025976 6.441868 0.4028947 1
11 7.41005 8.556851 0.5025976 6.441655 0.4028947 1
11 7.443156 8.627462 0.6051192 6.463262 0.4339944 1
11 7.443235 8.627507 0.6051192 6.463353 0.4339944 1
11 7.435956 8.627371 0.6051192 6.442051 0.3658598 1
11 7.435956 8.627417 0.6051192 6.442112 0.3658598 1
11 7.510604 8.737612 0.4313729 6.465143 0.4091616 1
11 7.510631 8.737589 0.4313729 6.465112 0.4091616 1
11 7.583333 8.84882 0.5341411 6.512527 0.3705107 1
11 7.583411 8.848886 0.5341411 6.512467 0.3705107 1
11 7.599102 8.762597 0.5568787 6.624096 0.3955109 1
11 7.599128 8.76262 0.5568787 6.624096 0.3955109 1
11 7.557411 8.762575 0.5568787 6.545265 0.3900106 1
11 7.557411 8.762643 0.5568787 6.545325 0.3900106 1
11 7.604936 8.840425 0.4675041 6.554097 0.5135334 1
11 7.605039 8.840514 0.4675041 6.554246 0.5135334 1
11 7.614684 8.86838 0.3964536 6.536091 0.4066643 1
11 7.614684 8.86838 0.3964536 6.536061 0.4066643 1
11 7.60891 8.868402 0.3964536 6.519328 0.3617166 1
11 7.608935 8.868402 0.3964536 6.519298 0.3617166 1
11 7.659193 8.931072 0.4655303 6.569548 0.4371385 1
11 7.659115 8.931072 0.4655303 6.569518 0.4371385 1
11 7.699368 8.952341 0.6118785 6.609277 0.4056616 1
11 7.699496 8.952473 0.6118785 6.609456 0.4056616 1
11 7.686535 8.933778 0.3804933 6.592968 0.3994248 1
11 7.744761 9.026217 0.2754511 6.61764 0.3979363 1
11 7.744786 9.026195 0.2754511 6.61758 0.3979363 1
11 7.744685 9.026152 0.2754511 6.617491 0.3979363 1
11 6.605746 7.383736 0 16.65881 0 1
11 6.605805 7.383815 0 16.65883 0 1
11 6.605687 7.383842 0 16.65876 0 1
11 6.605865 7.383736 0 16.65891 0 1
11 8.058369 4.55363 0.8799399 12.94592 0.4697071 1
11 8.058393 4.55363 0.8799399 12.94598 0.4697071 1
11 2.331206 4.934274 0.2421472 1.775199 0.914982 1
11 2.331122 4.934235 0.2421472 1.775419 0.914982 1
11 7.773471 4.807298 0.5539768 11.70188 0 1
11 7.773497 4.807338 0.5539768 11.70191 0 1
11 2.597517 4.424742 0.5646813 0.8086666 0.7813362 1
11 2.597592 4.424831 0.5646813 0.8091505 0.7813362 1
11 2.53049 4.294958 0.3858869 0.8093922 0.7813362 1
11 2.530335 4.29473 0.3858869 0.8086666 0.7813362 1
11 2.571844 4.412996 0.4302363 0.758472 0.7741739 1
11 2.57192 4.413041 0.4302363 0.758472 0.7741739 1
11 2.517695 4.346408 0.3281806 0.7233464 0.6529714 1
11 2.517617 4.346363 0.3281806 0.7233464 0.6529714 1
11 2.508114 4.346408 0.3281806 0.7214502 0.7732335 1
11 2.508271 4.346408 0.3281806 0.7219925 0.7732335 1
11 3.123805 6.459681 0.99 0.64589 0.6506843 1
11 3.123805 6.45956 0.99 0.6464956 0.6506843 1
11 3.224826 6.609396 0.2884898 0.4961402 0.7761291 1
11 3.224583 6.609218 0.2884898 0.4953507 0.7761291 1
11 3.072942 6.372368 0.4185281 0.4821389 0.7383654 1
11 3.072815 6.372368 0.4185281 0.4813265 0.7383654 1
11 3.011229 6.325891 0.4459954 0.5315546 0.626072 1
11 3.011229 6.325861 0.4459954 0.5315546 0.626072 1
11 2.958632 6.279759 0.3428666 0.5957764 0.769022 1
11 2.958632 6.279696 0.3428666 0.5970887 0.769022 1
11 2.993821 6.279759 0.3428666 0.533392 0.6893016 1
11 2.993887 6.279759 0.3428666 0.533392 0.6893016 1
11 2.983407 6.25492 0.4200424 0.5031891 0.6828935 1
11 2.98321 6.254857 0.4200424 0.5028 0.6828935 1
11 2.960154 6.254951 0.4200424 0.5678623 0.8040228 1
11 2.959955 6.254889 0.4200424 0.5671728 0.8040228 1
11 3.12205 6.536421 0.6563242 0.6129363 0.6596628 1
11 3.121987 6.53636 0.6563242 0.6129363 0.6596628 1
11 2.993625 6.275199 0.4292793 0.6474031 0.7173228 1
11 2.99369 6.275199 0.4292793 0.6477052 0.7173228 1
11 2.897392 6.133092 0.4440363 0.635814 0.7710311 1
11 2.897459 6.13306 0.4440363 0.6355062 0.7710311 1
11 2.879296 6.086051 0.4181533 0.5881739 0.6482378 1
11 2.879364 6.086019 0.4181533 0.5885065 0.6482378 1
11 2.874193 6.041502 0.3240215 0.5147229 0.7752073 1
11 2.855196 6.004267 0.2516141 0.5151029 0.7752073 1
11 2.868534 6.004463 0.2516141 0.4427898 0.8616617 1
11 2.868603 6.004365 0.2516141 0.4427898 0.8616617 1
11 2.794984 5.926222 0.3274145 0.4929749 0.4376136 1
11 2.794984 5.926222 0.3274145 0.4933717 0.4376136 1
11 3.078671 5.942177 0.4225748 11.63508 0.4188052 1
11 3.078607 5.942177 0.4225748 11.63503 0.4188052 1
11 2.93645 5.893086 0.5143124 11.20484 0.3505673 1
11 3.00661 5.823862 0.5768245 11.15862 0.3481647 1
11 3.00674 5.823929 0.5768245 11.15856 0.3481647 1
11 3.00661 5.823929 0.5768245 11.15858 0.3481647 1
11 3.037831 5.76242 0.4876668 11.18467 0.368142 1
11 3.037638 5.762454 0.4876668 11.18453 0.368142 1
11 2.987734 5.85538 0.4114331 11.18458 0.368142 1
11 2.987799 5.855347 0.4114331 11.18461 0.368142 1
11 2.781082 5.801066 0.2850088 10.68117 0.4023574 1
11 2.781293 5.800998 0.2850088 10.6813 0.4023574 1
11 2.766191 5.713265 0.4159827 10.55219 0.2368205 1
11 2.766191 5.713162 0.4159827 10.55221 0.2368205 1
11 3.000614 5.595206 0.5087079 10.81749 0.4688118 1
11 3.000483 5.595241 0.5087079 10.81745 0.4688118 1
11 2.805399 5.763678 0.4385045 10.66577 0.4669941 1
11 2.805399 5.763644 0.4385045 10.66575 0.4669941 1
11 2.943574 5.539835 0.2160585 10.66587 0.4669941 1
11 2.943508 5.539977 0.2160585 10.66579 0.4669941 1
11 3.005503 5.592473 0.3500259 10.66987 0.4702275 1
11 3.005568 5.592368 0.3500259 10.66996 0.4702275 1
11 2.97177 5.553015 0.4333738 10.57148 0.6175017 1
11 2.971638 5.553156 0.4333738 10.57122 0.6175017 1
11 2.908182 5.633638 0.3714135 10.57135 0.6175017 1
11 2.908249 5.633638 0.3714135 10.57131 0.6175017 1
11 2.853825 5.727724 0.2894497 10.58844 0.2770256 1
11 2.853482 5.727826 0.2894497 10.58831 0.2770256 1
11 2.94058 5.766058 0.3303236 10.72532 0.4165307 1
11 2.940447 5.76599 0.3303236 10.72526 0.4165307 1
11 2.880724 5.867452 0.3560907 10.69746 0.3424105 1
11 2.880656 5.867452 0.3560907 10.69745 0.3424105 1
11 2.880656 5.867385 0.3560907 10.69737 0.3424105 1
11 2.880791 5.867319 0.3560907 10.69754 0.3424105 1
11 2.880656 5.867486 0.3560907 10.69737 0.3424105 1
11 2.880656 5.867419 0.3560907 10.69741 0.3424105 1
11 3.030734 5.839558 0.3496737 10.87359 0.4044558 1
11 3.030605 5.839424 0.3496737 10.87359 0.4044558 1
11 2.724839 5.81962 0.3464101 0.4813265 0.6395344 1
11 2.724911 5.819654 0.3464101 0.4817329 0.6395344 1
11 2.723042 5.742317 0.4785158 0.3966355 0.5081093 1
11 2.723186 5.742419 0.4785158 0.3966355 0.5081093 1
11 2.745236 5.742283 0.4785158 0.3620769 0.5700347 1
11 2.745236 5.742351 0.4785158 0.3620769 0.5700347 1
11 2.787128 5.796976 0.3852889 0.3477423 0.5969516 1
11 2.787058 5.796909 0.3852889 0.3477423 0.5969516 1
11 2.7113 5.657869 0.4896888 0.3732531 0.6005367 1
11 2.7113 5.657973 0.4896888 0.3727285 0.6005367 1
11 2.6905 5.657973 0.4896888 0.4532716 0.6989492 1
11 2.690355 5.657869 0.4896888 0.4528397 0.6989492 1
11 2.652325 5.61859 0.3609151 0.5016313 0.7531899 1
11 2.65262 5.618659 0.3609151 0.5016313 0.7531899 1
11 2.588912 5.529283 0.4291078 0.5424856 0.6280578 1
11 2.588987 5.529319 0.4291078 0.5428462 0.6280578 1
11 2.599701 5.535447 0.3693941 0.513962 0.7368699 1
11 2.599701 5.535412 0.3693941 0.5143426 0.7368699 1
11 2.617858 5.522474 0.364342 0.4639383 0.6969448 1
11 2.617858 5.522439 0.364342 0.4643598 0.6969448 1
11 2.591783 5.436821 0.4261085 0.4044518 0.8183442 1
11 2.591557 5.436677 0.4261085 0.4039677 0.8183442 1
11 2.581264 5.427406 0.3758634 0.4233615 0.7785398 1
11 2.581264 5.427406 0.3758634 0.4233615 0.7785398 1
11 2.587475 5.39325 0.3901679 0.3577275 0.8345112 1
11 2.587475 5.393287 0.3901679 0.3588198 0.8345112 1
11 2.612319 5.442153 0.3300187 0.3577275 0.8345112 1
11 2.612319 5.442189 0.3300187 0.3588198 0.8345112 1
11 3.575277 5.58367 0.3272613 11.92919 0.5098178 1
11 3.575113 5.58374 0.3272613 11.92906 0.5098178 1
11 3.426856 5.809676 0.4514948 11.92921 0.5098178 1
11 3.426799 5.80971 0.4514948 11.92914 0.5098178 1
11 8.403263 5.862539 0.5299264 16.65881 0 1
11 8.403404 5.862539 0.5299264 16.65896 0 1
11 2.704577 5.82302 0.2858796 0.6428534 0.7918057 1
11 2.704867 5.823122 0.2858796 0.6422443 0.7918057 1
11 2.785091 5.885631 0.3238323 0.4877876 0.791746 1
11 2.785232 5.885764 0.3238323 0.4869847 0.791746 1
11 3.003092 5.995871 0.3426463 0.2036718 0.8553652 1
11 3.003027 5.995838 0.3426463 0.2036718 0.8553652 1
11 3.08388 6.151349 0.3581478 0.2027088 0.8553652 1
11 3.084007 6.151317 0.3581478 0.2055842 0.8553652 1
11 2.987996 5.999205 0.3610615 0.2373883 0.6907513 1
11 2.987996 5.999139 0.3610615 0.2373883 0.6907513 1
11 2.96293 5.900566 0.4861083 0.1866263 0.8007168 1
11 2.96293 5.900632 0.4861083 0.1876719 0.8007168 1
11 3.059663 6.011282 0.4068758 0.183454 0.7161043 1
11 3.059599 6.01125 0.4068758 0.183454 0.7161043 1
11 2.946034 5.788653 0.4724972 0.2246844 0.719385 1
11 2.945968 5.788687 0.4724972 0.2246844 0.719385 1
11 3.032607 5.944815 0.4535047 0.2556444 0.8367473 1
11 3.032736 5.944881 0.4535047 0.2548778 0.8367473 1
11 2.936983 5.723993 0.3583889 0.2306999 0.6706589 1
11 2.93705 5.724095 0.3583889 0.2315465 0.6706589 1
11 2.950416 5.724061 0.3583889 0.2719625 0.8210146 1
11 2.950416 5.724095 0.3583889 0.2719625 0.8210146 1
11 2.902185 5.656622 0.3389715 0.2741124 0.8180797 1
11 2.902117 5.656483 0.3389715 0.2733977 0.8180797 1
11 2.959294 5.790786 0.3268039 0.2839303 0.7803668 1
11 2.959161 5.790752 0.3268039 0.2846186 0.7803668 1
11 2.93705 5.734461 0.3667258 0.2783625 0.7111014 1
11 2.93685 5.73429 0.3667258 0.276953 0.7111014 1
11 2.887985 5.642364 0.3510422 0.2954137 0.7976239 1
11 2.887918 5.642398 0.3510422 0.2954137 0.7976239 1
11 2.901713 5.667006 0.3867576 0.3449174 0.6968685 1
11 2.901915 5.66711 0.3867576 0.3460502 0.6968685 1
11 2.958897 5.779164 0.421553 0.3322025 0.7779996 1
11 2.859855 5.578227 0.3102777 0.332791 0.7779996 1
11 2.862796 5.578086 0.3102777 0.3609945 0.7463912 1
11 2.862728 5.578086 0.3102777 0.3615361 0.7463912 1
11 2.805958 5.464361 0.3993566 0.3286494 0.7374222 1
11 2.805888 5.46429 0.3993566 0.3292442 0.7374222 1
11 2.851698 5.531764 0.2909107 0.3886621 0.7739857 1
11 2.851629 5.531728 0.2909107 0.3896677 0.7739857 1
11 2.844894 5.523219 0.3722347 0.3916712 0.7945311 1
11 2.844825 5.52329 0.3722347 0.3921704 0.7945311 1
11 2.811463 5.459518 0.4467325 0.4015385 0.6621375 1
11 2.811533 5.459518 0.4467325 0.4015385 0.6621375 1
11 2.919938 5.631933 0.2865437 0.4524074 0.8194633 1
11 2.91987 5.632003 0.2865437 0.4524074 0.8194633 1
11 2.835313 5.456286 0.3089706 0.4532716 0.8194633 1
11 2.835313 5.456251 0.3089706 0.4524074 0.8194633 1
11 2.854579 5.557566 0.2777632 0.3593647 0.7654005 1
11 2.854717 5.557566 0.2777632 0.3599087 0.7654005 1
11 2.824523 5.539163 0.2930425 0.3727285 0.7287718 1
11 2.824592 5.539198 0.2930425 0.3732531 0.7287718 1
11 2.760595 5.415948 0.4213216 0.3732531 0.7287718 1
11 2.760595 5.41602 0.4213216 0.3727285 0.7287718 1
11 2.686204 5.338582 0.2407399 0.393167 0.8197185 1
11 2.686204 5.338655 0.2407399 0.393167 0.8197185 1
11 2.632101 5.225023 0.2936185 0.360452 0.7640424 1
11 2.632101 5.225023 0.2936185 0.3599087 0.7640424 1
11 2.465772 4.984877 0.3862407 0.3876539 0.7265202 1
11 2.465533 4.984798 0.3862407 0.3861367 0.7265202 1
11 2.444405 4.952742 0.3804723 0.3871488 0.7265202 1
11 2.444325 4.952703 0.3804723 0.3861367 0.7265202 1
11 2.422689 4.937886 0.3339746 0.3815487 0.6286523 1
11 2.422851 4.938085 0.3339746 0.3815487 0.6286523 1
11 2.332549 4.821539 0.261959 0.3700944 0.7815683 1
11 2.3328 4.821702 0.261959 0.3700944 0.7815683 1
11 2.33045 4.859985 0.2426094 0.4445539 0.7777461 1
11 2.330618 4.860066 0.2426094 0.4445539 0.7777461 1
11 2.3328 4.860106 0.2426094 0.4410186 0.7435021 1
11 2.332716 4.860066 0.2426094 0.4414621 0.7435021 1
11 2.472668 5.150846 0.413365 0.4387946 0.7817772 1
11 2.472747 5.150884 0.413365 0.4396856 0.7817772 1
11 2.368355 4.965779 0.3515105 0.4685547 0.8013892 1
11 2.36852 4.965818 0.3515105 0.4689721 0.8013892 1
11 2.346103 4.93356 0.3601175 0.4965344 0.6788312 1
11 2.346269 4.933599 0.3601175 0.4965344 0.6788312 1
11 2.350187 4.952109 0.2704407 0.4973219 0.6923876 1
11 2.350104 4.951911 0.2704407 0.4973219 0.6923876 1
11 2.285076 4.811045 0.2760376 0.5417637 0.8507518 1
11 2.285076 4.810964 0.2760376 0.5414024 0.8507518 1
11 2.323553 4.886558 0.3646208 0.5549665 0.7460466 1
11 2.287473 4.85119 0.3925692 0.6413296 0.7522714 1
11 2.287559 4.85115 0.3925692 0.6416347 0.7522714 1
11 2.287302 4.85119 0.3925692 0.6413296 0.7522714 1
11 2.259148 4.761562 0.4098349 0.6474031 0.7069705 1
11 2.259061 4.761562 0.4098349 0.6477052 0.7069705 1
11 2.26883 4.767976 0.2180473 0.6449805 0.7765777 1
11 2.269089 4.768017 0.2180473 0.6452838 0.7765777 1
11 2.25012 4.722068 0.4043792 0.6218109 0.7842346 1
11 2.304522 4.850867 0.3412648 0.6224399 0.7842346 1
11 2.286703 4.850907 0.3412648 0.6749268 0.7692757 1
11 2.286788 4.851068 0.3412648 0.6752167 0.7692757 1
11 2.286617 4.834645 0.36463 0.6632286 0.7373142 1
11 2.286617 4.834524 0.36463 0.6632286 0.7373142 1
11 2.251945 4.722234 0.3492848 0.5924829 0.720486 1
11 2.251858 4.722151 0.3492848 0.5931431 0.720486 1
11 2.304013 4.874074 0.4394335 0.6528208 0.7305753 1
11 2.304098 4.874033 0.4394335 0.6531205 0.7305753 1
11 2.308086 4.88371 0.4522049 0.652521 0.7305753 1
11 2.308002 4.88375 0.4522049 0.652521 0.7305753 1
11 2.307069 4.89653 0.4579249 0.7364823 0.7253511 1
11 2.307238 4.89669 0.4579249 0.7364823 0.7253511 1
11 2.170695 4.636458 0.2910399 0.8453411 0.7661614 1
11 2.170695 4.636247 0.2910399 0.8455727 0.7661614 1
11 2.696895 3.877726 0.6740249 1.706283 0.40051 1
11 2.696967 3.877827 0.6740249 1.706398 0.40051 1
11 10.72044 7.383869 0 16.43562 0 1
11 10.72036 7.383842 0 16.43557 0 1
11 6.605746 7.383842 0 16.65879 0 1
11 6.605775 7.383709 0 16.65893 0 1
11 11.5287 7.383789 0 18.89677 0.3635149 1
11 11.52872 7.383736 0 18.89673 0.3635149 1
11 6.605716 7.383736 0 16.65877 0 1
11 6.605687 7.383709 0 16.65879 0 1
11 27.93624 23.21339 0.449451 33.12555 0.5854529 1
11 27.93629 23.21339 0.449451 33.12551 0.5854529 1
11 16.89763 23.16579 0.5288389 16.65873 0 1
11 16.89771 23.16585 0.5288389 16.65879 0 1
11 16.76244 22.81649 0.5277425 16.65881 0 1
11 16.76242 22.81645 0.5277425 16.65884 0 1
11 16.6584 22.60039 0.5490807 16.65879 0 1
11 16.65842 22.60038 0.5490807 16.65881 0 1
11 20.74659 22.32229 0.8007175 19.17032 0.3726913 1
11 20.74652 22.32227 0.8007175 19.17029 0.3726913 1
11 21.38036 22.32227 0.8007175 20.43441 0.3568121 1
11 21.38037 22.32228 0.8007175 20.43442 0.3568121 1
11 21.50719 22.14125 0.7497169 20.87145 0.3906924 1
11 21.50715 22.14127 0.7497169 20.87145 0.3906924 1
11 21.91297 22.1501 0.8081114 21.67987 0.3993927 1
11 21.91295 22.15009 0.8081114 21.67985 0.3993927 1
11 23.84998 22.08157 0.7445734 25.82712 0.99 1
11 23.84999 22.08154 0.7445734 25.82711 0.99 1
11 22.18645 21.90328 0.7088667 22.48654 0.4159814 1
11 22.18662 21.90341 0.7088667 22.4867 0.4159814 1
11 6.605775 7.383762 0 16.65881 0 1
11 6.605716 7.383736 0 16.65881 0 1
11 10.10548 7.383762 0 17.85325 0.5581101 1
11 10.10552 7.383762 0 17.85325 0.5581101 1
11 16.23366 14.94801 0.8126074 17.52993 0.4165125 1
11 16.23381 14.94814 0.8126074 17.53005 0.4165125 1
11 15.60453 14.76476 0.7640591 16.44612 0.8709144 1
11 15.6046 14.76488 0.7640591 16.44616 0.8709144 1
11 15.63432 14.65852 0.872581 16.61252 0.4084273 1
11 15.63421 14.6584 0.872581 16.61235 0.4084273 1
11 15.58121 14.60055 0.8669915 16.56519 0.4736668 1
11 15.58126 14.60057 0.8669915 16.56518 0.4736668 1
11 15.50961 14.561 0.7735457 16.4601 0.4058763 1
11 15.50955 14.56095 0.7735457 16.46003 0.4058763 1
11 15.42185 14.41467 0.7523983 16.43137 0.4981489 1
11 15.42183 14.41471 0.7523983 16.43137 0.4981489 1
11 15.35129 14.27378 0.7736631 16.43136 0.4981489 1
11 15.35142 14.27385 0.7736631 16.43148 0.4981489 1
11 6.605746 7.383789 0 16.65883 0 1
11 6.605865 7.383815 0 16.65889 0 1
11 9.547155 2.433974 0.446726 16.65889 0 1
11 9.54695 2.433652 0.446726 16.65871 0 1
11 2.925564 7.383762 0 2.29038 0.2664075 1
11 2.925497 7.383815 0 2.290124 0.2664075 1
11 3.572483 7.939588 0.8330312 1.619067 0.5509006 1
11 3.572373 7.939439 0.8330312 1.619308 0.5509006 1
11 2.519793 4.429122 0.7549129 1.458308 0.5674818 1
11 2.519716 4.429079 0.7549129 1.458442 0.5674818 1
11 4.858977 9.192956 0.4476667 1.329868 0.5129189 1
11 4.858937 9.192849 0.4476667 1.329868 0.5129189 1
11 4.927401 9.353009 0.6969454 1.329721 0.5129189 1
11 4.927401 9.352967 0.6969454 1.329868 0.5129189 1
11 11.42348 7.409362 0.187471 16.1232 0.5407482 2
11 11.42346 7.409177 0.187471 16.12319 0.5407482 2
11 11.44861 7.40915 0.187471 16.16197 0.4277054 2
11 11.44859 7.409124 0.187471 16.16186 0.4277054 2
11 16.19392 17.16683 0 16.1735 0.6011702 2
11 16.19396 17.1669 0 16.17351 0.6011702 2
11 17.03591 18.2877 0.5574944 16.23537 0.7872717 2
11 17.036 18.28776 0.5574944 16.2355 0.7872717 2
11 16.89907 19.1702 0.3979169 16.24406 0.7803261 2
11 16.89913 19.17027 0.3979169 16.24416 0.7803261 2
11 17.00523 19.33462 0.3272327 16.27796 0.7175005 2
11 17.00525 19.33464 0.3272327 16.27801 0.7175005 2
11 17.00499 19.33462 0.3272327 16.2835 0.700909 2
11 17.00497 19.33458 0.3272327 16.28348 0.700909 2
11 16.22725 17.16692 0 16.23979 0.6227165 2
11 16.22723 17.1669 0 16.23977 0.6227165 2
11 14.72312 13.70683 0.3257155 16.19625 0.6905454 2
11 14.7229 13.70668 0.3257155 16.19604 0.6905454 2
11 14.61959 13.70665 0.3257155 15.99039 0.8095801 2
11 14.6197 13.70678 0.3257155 15.9905 0.8095801 2
11 13.0855 13.59292 0.3765171 14.19468 0 2
11 13.08555 13.59288 0.3765171 14.1947 0 2
11 11.25601 17.16699 0 14.19472 0 2
11 11.25599 17.16698 0 14.19474 0 2
11 11.80085 9.88308 0.5633082 14.19471 0 2
11 11.80081 9.883101 0.5633082 14.19471 0 2
11 6.845387 1.511549 0.8003889 14.06715 0.8705662 2
11 6.84553 1.511679 0.8003889 14.06729 0.8705662 2
11 6.792924 1.539133 0.7239614 14.09074 0.4386868 2
11 6.792867 1.539006 0.7239614 14.09072 0.4386868 2
11 7.272489 1.646751 0.8269757 14.98519 0.5294315 2
11 7.272354 1.646751 0.8269757 14.98505 0.5294315 2
11 7.966368 1.724423 0.8522545 14.19467 0 2
11 7.966368 1.72465 0.8522545 14.1947 0 2
11 7.934443 1.737087 0.8420721 14.19471 0 2
11 7.934493 1.737199 0.8420721 14.19474 0 2
11 1.189432 1.727824 0.7544334 1.115749 0.3783972 2
11 1.189432 1.727711 0.7544334 1.115749 0.3783972 2
11 1.065143 1.691307 0.7494149 1.885748 0.421872 2
11 1.064776 1.691307 0.7494149 1.885748 0.421872 2
11 6.686918 1.783557 0.804638 14.33749 0.7475763 2
11 6.686977 1.783557 0.804638 14.33763 0.7475763 2
11 2.187491 1.841219 0.7300295 5.004451 0.4086941 2
11 2.187581 1.841325 0.7300295 5.004607 0.4086941 2
11 7.855029 1.841006 0.7232898 14.1947 0 2
11 7.854979 1.8409 0.7232898 14.19463 0 2
11 1.173032 1.779163 0.7923229 1.22013 0.3946508 2
11 1.172698 1.779163 0.7923229 1.22013 0.3946508 2
11 1.021825 1.67035 0.7606264 1.998314 0.4449902 2
11 1.021633 1.669998 0.7606264 1.998216 0.4449902 2
11 2.785372 1.640798 0.8831417 6.392889 0.4532631 2
11 2.785161 1.640798 0.8831417 6.392797 0.4532631 2
11 2.116831 1.68249 0.7627243 2.565291 0.4363724 2
11 2.116831 1.68249 0.7627243 2.565443 0.4363724 2
11 1.240331 1.768793 0.8228542 3.154674 0.4304876 2
11 1.240331 1.76835 0.8228542 3.154674 0.4304876 2
11 1.858148 1.839624 0.8209108 1.876384 0.4553252 2
11 1.857937 1.839837 0.8209108 1.876489 0.4553252 2
11 1.397038 1.827456 0.8526841 1.088764 0.4226169 2
11 1.397178 1.82767 0.8526841 1.088944 0.4226169 2
11 3.214854 1.827563 0.8526841 7.49211 0.5153273 2
11 3.191078 1.855091 0.8207795 7.492293 0.5153273 2
11 7.79309 1.902795 0.7321669 14.1947 0 2
11 7.793015 1.902795 0.7321669 14.19465 0 2
11 1.859201 1.849597 0.8587699 1.869488 0.4614165 2
11 1.859095 1.849491 0.8587699 1.869593 0.4614165 2
11 7.789236 1.79733 0.8591363 14.19468 0 2
11 7.789286 1.797439 0.8591363 14.19477 0 2
11 1.109417 1.797112 0.8591363 2.317987 0.4535545 2
11 1.109064 1.797003 0.8591363 2.317649 0.4535545 2
11 7.775541 1.720332 0.811163 14.19463 0 2
11 7.775516 1.720219 0.811163 14.19463 0 2
11 7.790849 1.759808 0.7977349 14.19472 0 2
11 7.790798 1.759808 0.7977349 14.19464 0 2
11 7.790748 1.759697 0.7977349 14.19465 0 2
11 7.790823 1.759697 0.7977349 14.1947 0 2
11 1.38889 1.790347 0.8323525 3.243651 0.4036009 2
11 1.38903 1.790675 0.8323525 3.243712 0.4036009 2
11 1.796349 1.808726 0.7800474 1.784106 0.4483216 2
11 1.774978 1.766136 0.8256539 1.783996 0.4483216 2
11 1.54459 1.766246 0.8256539 1.333689 0.4587346 2
11 1.544464 1.766246 0.8256539 1.333689 0.4587346 2
11 3.521144 1.875967 0.8470358 7.672787 0.8631936 2
11 3.521255 1.876072 0.8470358 7.672863 0.8631936 2
11 7.738752 1.817146 0.8420979 14.19468 0 2
11 7.738803 1.817362 0.8420979 14.19471 0 2
11 7.741263 1.767465 0.8011059 14.19467 0 2
11 7.741313 1.767354 0.8011059 14.19468 0 2
11 1.780153 1.817362 0.8250386 1.742823 0.4651419 2
11 1.780043 1.817254 0.8250386 1.742598 0.4651419 2
11 1.762808 1.783448 0.8440607 1.742711 0.4651419 2
11 1.762919 1.783557 0.8440607 1.742823 0.4651419 2
11 7.724461 1.771004 0.816572 14.19472 0 2
11 7.724486 1.771225 0.816572 14.19471 0 2
11 7.706629 1.747645 0.8481856 14.19471 0 2
11 7.706527 1.747421 0.8481856 14.19468 0 2
11 7.705738 1.71532 0.7780185 14.19467 0 2
11 7.705738 1.715434 0.7780185 14.19468 0 2
11 1.292558 1.663188 0.8278854 1.011237 0.492003 2
11 1.292709 1.663423 0.8278854 1.011624 0.492003 2
11 7.667413 1.549271 0.8072871 14.19468 0 2
11 7.66749 1.54965 0.8072871 14.19478 0 2
11 7.691462 1.607299 0.8804499 14.19467 0 2
11 7.691462 1.607056 0.8804499 14.19464 0 2
11 1.774206 1.67573 0.8065155 1.87273 0.4582515 2
11 1.773986 1.675847 0.8065155 1.872626 0.4582515 2
11 7.728144 1.738888 0.801527 14.19468 0 2
11 7.728144 1.738888 0.801527 14.19465 0 2
11 7.495147 1.112763 0.7478039 14.19464 0 2
11 7.495278 1.113115 0.7478039 14.19471 0 2
11 7.315876 0.5392296 0.8026757 14.1947 0 2
11 7.315929 0.5385033 0.8026757 14.19467 0 2
11 7.599231 0.5388666 0.8026757 15.30595 0.5302248 2
11 7.599231 0.5388666 0.8026757 15.30598 0.5302248 2
11 7.612416 0.3357179 0.8860017 15.16291 0.3589036 2
11 7.612442 0.3357179 0.8860017 15.16293 0.3589036 2
11 0.2631872 0.3274564 0.8549789 0.2306999 0.4727174 2
11 0.2811602 0.3674413 0.8933872 0.2298502 0.4727174 2
11 0.5944612 0.3674413 0.8933872 0.8343908 0.4622701 2
11 0.5944612 0.3663747 0.8933872 0.8334522 0.4622701 2
11 0.4489339 0.4173099 0.8170308 0.4917827 0.4782481 2
11 0.4489339 0.4173099 0.8170308 0.4913847 0.4782481 2
11 0.5753932 0.4588492 0.8222228 1.550281 0.5673807 2
11 0.5753932 0.4588492 0.8222228 1.550407 0.5673807 2
11 0.635814 0.5712977 0.8953723 1.837495 0.4652847 2
11 0.6361217 0.5712977 0.8953723 1.837602 0.4652847 2
11 0.6483091 0.6243232 0.8460624 1.903001 0.4017485 2
11 0.649214 0.6249498 0.8460624 1.903309 0.4017485 2
11 0.6827098 0.6314908 0.9004773 1.978431 0.4125142 2
11 0.6827098 0.6311808 0.9004773 1.978332 0.4125142 2
11 7.247437 0.6170725 0.8670054 14.19461 0 2
11 7.240883 0.6293179 0.8566721 14.19467 0 2
11 0.509757 0.6286958 0.8566721 1.628828 0.5906415 2
11 0.5105241 0.6296288 0.8566721 1.629068 0.5906415 2
11 7.232831 0.7127182 0.8597419 14.19468 0 2
11 7.232831 0.7129927 0.8597419 14.19464 0 2
11 1.876489 0.7022079 0.8031434 4.429874 0.5179746 2
11 1.876593 0.7024865 0.8031434 4.430007 0.5179746 2
11 7.241615 0.7214502 0.8380969 14.1947 0 2
11 7.241669 0.7217214 0.8380969 14.1947 0 2
11 7.235815 0.7022079 0.9210059 14.19465 0 2
11 7.235842 0.7019292 0.9210059 14.19471 0 2
11 0.5428462 0.7225344 0.8471224 0.3631561 0.4515007 2
11 0.5428462 0.7230757 0.8471224 0.3631561 0.4515007 2
11 0.556375 0.7506924 0.919176 0.3631561 0.4515007 2
11 0.5567266 0.7504317 0.919176 0.3631561 0.4515007 2
11 0.3722032 0.7149112 0.8366071 0.03426402 0.4521987 2
11 0.3722032 0.7151849 0.8366071 0.02797646 0.4521987 2
11 0.360452 0.6909717 0.8867808 0.02797646 0.4521987 2
11 0.3599087 0.6901216 0.8867808 0.02797646 0.4521987 2
11 7.242509 0.7238871 0.8664982 14.19474 0 2
11 7.242401 0.7236168 0.8664982 14.19467 0 2
11 7.256068 0.7974581 0.7724952 14.19467 0 2
11 7.256176 0.7974581 0.7724952 14.19474 0 2
11 0.466462 0.8081825 0.8040717 1.738213 0.5952823 2
11 0.3891652 0.8952556 0.8704023 1.667653 0.4523556 2
11 0.3881583 0.8950371 0.8704023 1.667418 0.4523556 2
11 0.3881583 0.8952556 0.8704023 1.667535 0.4523556 2
11 0.3956476 0.9238687 0.9448959 1.695814 0.5018948 2
11 0.3966355 0.9236568 0.9448959 1.695929 0.5018948 2
11 0.3560827 0.9400361 0.864853 1.615558 0.5351243 2
11 0.354982 0.9400361 0.864853 1.615436 0.5351243 2
11 0.315899 0.9757847 0.9160654 1.566855 0.443619 2
11 0.3039024 0.987149 0.8579123 1.549271 0.4728507 2
11 0.3039024 0.987149 0.8579123 1.549018 0.4728507 2
11 0.3045456 0.987149 0.8579123 1.549397 0.4728507 2
11 0.309643 0.987149 0.8579123 1.568728 0.5896914 2
11 0.3102743 0.9873473 0.8579123 1.568603 0.5896914 2
11 0.3064671 0.9331415 0.8834499 1.503371 0.4370576 2
11 0.3058279 0.9329317 0.8834499 1.503241 0.4370576 2
11 0.2478722 0.9707584 0.8121144 1.390016 0.4941229 2
11 0.2486604 0.9709598 0.8121144 1.390016 0.4941229 2
11 0.2158 1.123787 0.8910806 1.44035 0.5038974 2
11 0.2712421 1.043427 0.8383715 1.497894 0.4433492 2
11 0.2697954 1.043427 0.8383715 1.497763 0.4433492 2
11 0.2690692 1.04324 0.8383715 1.497502 0.4433492 2
11 0.3835945 0.8939433 0.9484104 1.534549 0.6627052 2
11 0.3841043 0.8939433 0.9484104 1.534676 0.6627052 2
11 0.4224361 0.9587917 0.8655518 1.549902 0.5425714 2
11 0.4215088 0.9583834 0.8655518 1.54965 0.5425714 2
11 0.4201138 1.011431 0.9219477 0.6708556 0.5487175 2
11 0.4201138 1.011237 0.9219477 0.6702721 0.5487175 2
11 0.3333784 1.023164 0.8553589 0.7915472 0.3781962 2
11 0.3333784 1.023355 0.8553589 0.7915472 0.3781962 2
11 0.3064671 1.021058 0.7718576 0.8954742 0.3512189 2
11 0.3077414 1.021058 0.7718576 0.8954742 0.3512189 2
11 0.3743001 1.092711 0.9606636 1.024693 0.4335938 2
11 0.3748225 1.093248 0.9606636 1.024693 0.4335938 2
11 0.3351346 0.9940628 0.8967265 1.219809 0.4774251 2
11 0.3357179 0.993669 0.8967265 1.21997 0.4774251 2
11 0.2281412 1.14261 0.8243737 1.172698 0.5640344 2
11 0.2289973 1.19321 0.8362185 1.172865 0.5640344 2
11 0.254109 1.19321 0.8362185 1.159441 0.5608332 2
11 0.254109 1.19321 0.8362185 1.159609 0.5608332 2
11 0.2211734 1.117326 0.8721617 1.139179 0.5650356 2
11 0.220287 1.117151 0.8721617 1.139523 0.5650356 2
11 0.1426525 1.092532 0.8205996 1.219167 0.4842137 2
11 0.1412742 1.092711 0.8205996 1.219007 0.4842137 2
11 0.1083524 1.21547 0.8783365 1.219007 0.4842137 2
11 0.1065312 1.215309 0.8783365 1.218846 0.4842137 2
11 0.132704 1.221893 0.8440088 0.9863558 0.4228531 2
11 0.1356209 1.222053 0.8440088 0.9863558 0.4228531 2
11 0.1119058 1.170861 0.8353848 0.9867525 0.4228531 2
11 0.1119058 1.170861 0.8353848 0.9863558 0.4228531 2
11 0.09278741 1.134877 0.8513151 0.9779881 0.4961874 2
11 0.09278741 1.134532 0.8513151 0.9779881 0.4961874 2
11 0.07661668 1.132115 0.8219346 1.150631 0.470868 2
11 0.07661668 1.131942 0.8219346 1.150461 0.470868 2
11 0.08846933 1.163484 0.9119351 1.084623 0.3741522 2
11 0.09065409 1.163316 0.9119351 1.084442 0.3741522 2
11 0.09065409 1.174699 0.8916003 1.11452 0.4023865 2
11 0.08622923 1.174699 0.8916003 1.114169 0.4023865 2
11 0.03426402 1.115047 0.9562839 1.118901 0.4597426 2
11 0.03426402 1.115222 0.9562839 1.119076 0.4597426 2
11 0.08392937 1.130904 0.8706148 1.130558 0.4481598 2
11 0.08156469 1.130904 0.8706148 1.130558 0.4481598 2
11 0.04423466 1.097892 0.9328912 1.086065 0.4219865 2
11 0.03956468 1.097714 0.9328912 1.085705 0.4219865 2
11 0.04845664 1.01375 0.8809401 1.102694 0.4530483 2
11 0.05595291 1.013943 0.8809401 1.103049 0.4530483 2
11 0.01978234 1.01375 0.8809401 1.052948 0.4812685 2
11 0.02797646 1.01375 0.8809401 1.053134 0.4812685 2
11 0.03426402 1.063673 0.8653884 1.125701 0.5134292 2
11 0.03956468 1.063856 0.8653884 1.125527 0.5134292 2
11 0.04845664 1.094679 0.906054 1.141924 0.3813453 2
11 0.05233916 1.094679 0.906054 1.141753 0.3813453 2
11 0.03956468 1.025838 0.8849697 1.082275 0.4128168 2
11 0.05595291 1.02622 0.8849697 1.082455 0.4128168 2
11 0.07912937 1.026029 0.8849697 1.169858 0.5337526 2
11 0.08622923 1.02622 0.8849697 1.169858 0.5337526 2
11 0.08156469 1.117851 0.9270371 1.054991 0.4029179 2
11 0.08156469 1.117851 0.9270371 1.055176 0.4029179 2
11 0.07132626 1.156229 0.9296552 1.057769 0.4615067 2
11 0.07401875 1.156399 0.9296552 1.058139 0.4615067 2
11 0.04845664 1.130904 0.8351217 1.058139 0.3440096 2
11 0.04845664 1.130904 0.8351217 1.058694 0.3440096 2
11 0.2438933 1.117851 0.8358119 0.6370438 0.5410591 2
11 0.2430897 1.117676 0.8358119 0.6370438 0.5410591 2
11 1.191405 1.335302 0.8656688 1.047545 0.4767808 2
11 1.191405 1.335302 0.8656688 1.047545 0.4767808 2
11 7.425604 1.448749 0.9136711 14.19474 0 2
11 7.425578 1.448614 0.9136711 14.19472 0 2
11 0.3505445 1.454142 0.8522786 0.7558876 0.5935924 2
11 0.3494264 1.453873 0.8522786 0.7553698 0.5935924 2
11 0.2398483 1.29679 0.8738549 1.539768 0.5536131 2
11 0.2406627 1.297092 0.8738549 1.540022 0.5536131 2
11 0.08622923 1.256943 0.923719 1.090022 0.4972716 2
11 0.08846933 1.256943 0.923719 1.090381 0.4972716 2
11 0.1412742 1.319973 0.9284015 1.052577 0.4565796 2
11 0.1426525 1.320269 0.9284015 1.052763 0.4565796 2
11 0.1813082 1.398158 0.8603243 1.052763 0.4565796 2
11 0.183454 1.398158 0.8603243 1.052763 0.4565796 2
11 0.2748253 1.434359 0.8752092 0.9295698 0.4171387 2
11 0.2748253 1.434359 0.8752092 0.9295698 0.4171387 2
11 0.2668786 1.372733 0.8921298 0.867504 0.4890813 2
11 0.2661444 1.372591 0.8921298 0.8677295 0.4890813 2
11 0.2873554 1.418997 0.9311808 0.8467289 0.514742 2
11 0.2880355 1.418997 0.9311808 0.8467289 0.514742 2
11 0.3280534 1.504542 0.9197497 0.8469599 0.514742 2
11 0.3280534 1.504282 0.9197497 0.8467289 0.514742 2
11 0.3397734 1.510125 0.8973315 0.829923 0.4716198 2
11 0.3397734 1.510254 0.8973315 0.8303944 0.4716198 2
11 0.2571706 1.477638 0.9450905 0.9653005 0.4250467 2
11 0.2564087 1.477638 0.9450905 0.9653005 0.4250467 2
11 0.2430897 1.418859 0.8587531 1.085344 0.5171433 2
11 0.2406627 1.418859 0.8587531 1.084983 0.5171433 2
11 0.2478722 1.43763 0.8290167 0.9974037 0.3966576 2
11 0.2470816 1.437902 0.8290167 0.9972074 0.3966576 2
11 0.2533378 1.437766 0.8290167 0.9532654 0.3953521 2
11 0.2525642 1.437494 0.8290167 0.9534706 0.3953521 2
11 0.2406627 1.414439 0.8299558 0.9297802 0.4784727 2
11 0.2406627 1.414577 0.8299558 0.9299906 0.4784727 2
11 0.2818553 1.525852 0.8432446 0.962255 0.4241257 2
11 0.2804634 1.525468 0.8432446 0.9620516 0.4241257 2
11 0.2601963 1.525596 0.8432446 1.002882 0.4419198 2
11 0.2601963 1.525468 0.8432446 1.002687 0.4419198 2
11 0.235734 1.537097 0.8130051 1.083901 0.4256069 2
11 0.235734 1.537352 0.8130051 1.08354 0.4256069 2
11 0.3555328 1.668943 0.9065247 0.9659084 0.4022143 2
11 0.3555328 1.668943 0.9065247 0.9661109 0.4022143 2
11 0.4063823 1.702034 0.8410867 0.9450188 0.4326395 2
11 0.4068635 1.702034 0.8410867 0.9454328 0.4326395 2
11 7.574762 1.702379 0.8410867 14.19468 0 2
11 7.574814 1.702609 0.8410867 14.19471 0 2
11 0.4579955 1.711208 0.851102 0.8937243 0.5325316 2
11 0.4579955 1.710864 0.851102 0.8939433 0.5325316 2
11 0.4609765 1.669881 0.8918936 0.8746923 0.3917995 2
11 0.4614008 1.670232 0.8918936 0.8746923 0.3917995 2
11 0.4796977 1.730766 0.8308368 0.8762568 0.4102295 2
11 0.4796977 1.730992 0.8308368 0.8764802 0.4102295 2
11 0.4020255 1.617857 0.8402265 0.8693066 0.4207813 2
11 0.4025119 1.617978 0.8402265 0.8697567 0.4207813 2
11 0.4111691 1.664129 0.844233 0.8726766 0.4216929 2
11 0.4116447 1.663776 0.844233 0.8731248 0.4216929 2
11 0.4116447 1.647701 0.8756239 0.8292154 0.4913138 2
11 0.4116447 1.647701 0.8756239 0.8285072 0.4913138 2
11 0.3102743 1.617131 0.8269607 0.9974037 0.5011256 2
11 0.3102743 1.617374 0.8269607 0.9970112 0.5011256 2
11 0.3516591 1.542562 0.8569035 0.839068 0.4799131 2
11 0.3505445 1.542308 0.8569035 0.839068 0.4799131 2
11 0.3505445 1.542054 0.8569035 0.839068 0.4799131 2
11 0.3499859 1.542181 0.8569035 0.8388348 0.4799131 2
11 0.3494264 1.542054 0.8569035 0.8386015 0.4799131 2
11 0.3345502 1.524698 0.8236614 0.8670527 0.5136491 2
11 0.3292442 1.450369 0.8322973 0.7974581 0.4906347 2
11 0.3286494 1.450234 0.8322973 0.7972127 0.4906347 2
11 0.3250574 1.517235 0.8661736 0.8800449 0.6534529 2
11 0.3238513 1.517106 0.8661736 0.8798226 0.6534529 2
11 0.4135417 1.655876 0.8644865 0.8688563 0.6942157 2
11 0.4140146 1.655994 0.8644865 0.8688563 0.6942157 2
11 0.4635163 1.710636 0.8481638 0.8559229 0.6413171 2
11 0.463094 1.710636 0.8481638 0.8559229 0.6413171 2
11 0.3901695 1.55859 0.8474495 0.8554656 0.6413171 2
11 0.3901695 1.558716 0.8474495 0.8559229 0.6413171 2
11 0.3449174 1.51904 0.8567731 0.8769265 0.5562035 2
11 0.3454843 1.519169 0.8567731 0.8778186 0.5562035 2
11 0.3527702 1.47671 0.8656423 0.8534044 0.6642102 2
11 0.3538778 1.476975 0.8656423 0.854092 0.6642102 2
11 0.3805216 1.516848 0.8602226 0.8534044 0.6642102 2
11 0.3810355 1.516848 0.8602226 0.854092 0.6642102 2
11 0.3663747 1.51349 0.8704023 0.8908735 0.6738225 2
11 0.3669084 1.513619 0.8704023 0.8908735 0.6738225 2
11 0.2859903 1.522514 0.7916718 0.9577706 0.5976155 2
11 0.3333784 1.574331 0.8828278 0.9339799 0.5829243 2
11 0.3339648 1.574455 0.8828278 0.9339799 0.5829243 2
11 0.3339648 1.57458 0.8828278 0.9339799 0.5829243 2
11 0.386643 1.574455 0.8828278 0.8144533 0.4016766 2
11 0.386643 1.57458 0.8828278 0.814213 0.4016766 2
11 0.3146578 1.540658 0.8716483 0.9087062 0.4748431 2
11 0.3140353 1.540912 0.8716483 0.9084908 0.4748431 2
11 0.09891172 1.074108 0.9103201 0.9087062 0.4748431 2
11 0.1008706 1.074472 0.9103201 0.9087062 0.4748431 2
11 19.57755 15.31957 0.6300536 25.79714 0 3
11 19.57749 15.31956 0.6300536 25.7971 0 3
11 19.57761 15.3196 0.6300536 25.79715 0 3
11 19.57762 15.31966 0.6300536 25.79712 0 3
11 17.47159 9.735447 0.5396982 25.79713 0 3
11 17.47157 9.735407 0.5396982 25.79712 0 3
11 5.214925 5.727758 0.876525 4.731558 0.5964021 3
11 5.215001 5.727792 0.876525 4.731475 0.5964021 3
11 4.481482 4.238268 0.8828636 4.731558 0.5964021 3
11 4.481482 4.238407 0.8828636 4.731599 0.5964021 3
11 4.477634 4.261862 0.8858539 4.697779 0.8475643 3
11 4.477503 4.261724 0.8858539 4.697653 0.8475643 3
11 4.479297 4.249298 0.650139 4.718333 0.7819663 3
11 4.479165 4.249113 0.650139 4.718167 0.7819663 3
11 4.444088 4.173168 0.858521 4.728701 0.8239698 3
11 4.444 4.173074 0.858521 4.728576 0.8239698 3
11 4.460805 4.210916 0.8779464 4.728618 0.8529043 3
11 4.460937 4.210963 0.8779464 4.728742 0.8529043 3
11 4.288204 4.088303 0.8853727 4.505196 0.5059745 3
11 4.288204 4.088303 0.8853727 4.505239 0.5059745 3
11 18.16937 32.74777 0 4.505239 0.5059745 3
11 18.16924 32.74762 0 4.505153 0.5059745 3
11 1.221252 2.635668 0.8539804 4.50537 0.5059745 3
11 1.221413 2.635668 0.8539804 4.505239 0.5059745 3
11 1.161296 2.509909 0.5976483 1.118551 0.4670289 3
11 1.160958 2.509987 0.5976483 1.118376 0.4670289 3
11 1.206259 2.373309 0.5837557 0.9737772 0.5837986 3
11 1.206259 2.373309 0.5837557 0.9739782 0.5837986 3
11 1.160453 2.271934 0.4954041 0.9737772 0.5837986 3
11 1.181343 2.271847 0.4954041 1.078108 0 3
11 1.154197 2.191335 0.6120623 1.213859 0.6649774 3
11 1.154197 2.191335 0.6120623 1.213698 0.6649774 3
11 1.130039 2.178256 0.5630302 1.252108 0.665561 3
11 1.130039 2.178166 0.5630302 1.251795 0.665561 3
11 1.172531 2.189727 0.6649889 1.273646 0.8413776 3
11 1.172364 2.189548 0.6649889 1.273339 0.8413776 3
11 1.120998 2.154042 0.5149123 1.281458 0.729238 3
11 1.121172 2.15395 0.5149123 1.281764 0.729238 3
11 1.130039 2.206466 0.5821121 1.238437 0.7552556 3
11 1.129865 2.206377 0.5821121 1.238753 0.7552556 3
11 1.110827 2.18373 0.485847 1.224932 0.7323347 3
11 1.110827 2.18382 0.485847 1.224932 0.7323347 3
11 1.127959 2.221847 0.535635 1.26083 0.7292048 3
11 1.127959 2.221847 0.535635 1.260985 0.7292048 3
11 1.116275 2.221671 0.535635 1.240489 0.6277152 3
11 1.029076 2.048991 0.6001933 1.291952 0.7062545 3
11 1.028886 2.049277 0.6001933 1.291952 0.7062545 3
11 1.002296 2.049373 0.6001933 1.258033 0.7137212 3
11 1.001906 2.049182 0.6001933 1.257877 0.7137212 3
11 1.001906 2.049182 0.6001933 1.257877 0.7137212 3
11 0.9983841 2.059756 0.6120187 1.227007 0.6673054 3
11 0.9985801 2.059851 0.6120187 1.226688 0.6673054 3
11 0.9618481 2.019939 0.9666464 1.170694 0.6574648 3
11 0.9624583 2.020036 0.9666464 1.171028 0.6574648 3
11 0.9396197 2.039513 0.8517319 1.134359 0.6309357 3
11 0.9394114 2.039417 0.8517319 1.134359 0.6309357 3
11 0.8831524 1.965131 0.7703084 1.114169 0.6670634 3
11 0.8827091 1.965131 0.7703084 1.113994 0.6670634 3
11 0.8568369 1.929858 1 1.117851 0.7148588 3
11 0.8570652 1.929757 1 1.117676 0.7148588 3
11 0.8434873 1.904645 0.7655852 1.135566 0.7254053 3
11 0.8434873 1.904748 0.7655852 1.135566 0.7254053 3
11 0.8827091 1.967221 0.564971 1.148247 0.8356317 3
11 0.8822656 1.967221 0.564971 1.148247 0.8356317 3
11 0.8462666 1.885437 0.7036206 1.158596 1 3
11 0.8315719 1.784106 0.6794725 1.174865 0.9214659 3
11 0.8311011 1.783886 0.6794725 1.174532 0.9214659 3
11 0.8313365 1.783777 0.6794725 1.174865 0.9214659 3
11 0.8522572 1.768018 0.6963137 1.171863 0.9172601 3
11 0.8522572 1.768129 0.6963137 1.171863 0.9172601 3
11 0.8784871 1.784764 0.6657715 1.180017 0.8998176 3
11 0.8784871 1.784654 0.6657715 1.180349 0.8998176 3
11 0.8681804 1.75156 0.7217394 1.189103 0.9010035 3
11 0.867955 1.751448 0.7217394 1.189103 0.9010035 3
11 0.6658786 1.364584 0.488236 1.285727 0.514511 3
11 0.6655847 1.364584 0.488236 1.285575 0.514511 3
11 0.5403171 1.238911 0.437776 1.348282 0.644123 3
11 0.5399548 1.238911 0.437776 1.348282 0.644123 3
11 0.4747775 1.218686 0.4157637 1.30731 0.7586598 3
11 0.4743652 1.218365 0.4157637 1.307011 0.7586598 3
11 0.4618246 1.157075 0.5940403 1.35176 0.8794214 3
11 0.4622481 1.157244 0.5940403 1.351905 0.8794214 3
11 0.4575681 1.009882 0.8382499 1.35176 0.8794214 3
11 0.4575681 1.009882 0.8382499 1.351616 0.8794214 3
11 0.4224361 0.8913127 0.7533063 1.328543 0.8239776 3
11 0.4224361 0.8917516 0.7533063 1.328691 0.8239776 3
11 0.4441136 0.7146374 0.7047254 1.35176 0.9587816 3
11 0.4441136 0.7149112 0.7047254 1.351616 0.9587816 3
11 0.4673002 0.7008132 0.7541913 1.370593 0.9143639 3
11 0.4668813 0.7010924 0.7541913 1.370736 0.9143639 3
11 0.4149588 0.7010924 0.5390971 1.370451 0.9143639 3
11 0.4149588 0.7013714 0.5390971 1.370451 0.9143639 3
11 0.4140146 0.7335538 0.7061098 1.370451 0.9622505 3
11 0.4140146 0.7335538 0.7061098 1.370736 0.9622505 3
11 0.4288719 0.6717301 0.7462146 1.383101 0.8825917 3
11 0.4302385 0.6723125 0.7462146 1.383525 0.8825917 3
11 0.4154301 0.6638185 0.6111612 1.394514 0.9169145 3
11 0.416371 0.6644077 0.6111612 1.394795 0.9169145 3
11 0.4247459 0.6641131 0.6111612 1.419135 1 3
11 0.4252063 0.6641131 0.6111612 1.419135 1 3
11 0.416371 0.7102429 0.6463978 1.421064 0.8843513 3
11 0.4154301 0.7102429 0.6463978 1.420789 0.8843513 3
11 0.4010509 0.6918207 0.6263455 1.434087 0.8147836 3
11 0.3961419 0.6918207 0.6263455 1.42985 0.9866214 3
11 0.3966355 0.6918207 0.6263455 1.429987 0.9866214 3
11 0.3971285 0.6921035 0.6263455 1.429987 0.9866214 3
11 0.3477423 0.7491269 0.6010141 1.396758 0.8944132 3
11 0.3477423 0.7488656 0.6010141 1.396477 0.8944132 3
11 0.3466151 0.8364988 0.5842606 1.42409 0.8896912 3
11 0.3466151 0.8364988 0.5842606 1.424365 0.8896912 3
11 0.3753442 0.7740492 0.6157659 1.460453 0.9135821 3
11 0.3753442 0.7737964 0.6157659 1.460587 0.9135821 3
11 0.3763854 0.708588 0.6829736 1.455084 0.9506236 3
11 0.3758652 0.7080355 0.6829736 1.454949 0.9506236 3
11 0.3941611 0.6946434 0.6010363 1.482134 0.8685958 3
11 0.3946573 0.6952065 0.6010363 1.482397 0.8685958 3
11 0.3995845 0.7154584 0.6396196 1.494624 0.8707728 3
11 0.4005627 0.7154584 0.6396196 1.494231 0.8707728 3
11 0.3679734 0.7540734 0.6424099 1.496848 0.9361361 3
11 0.3674413 0.7538139 0.6424099 1.496587 0.9361361 3
11 0.4817329 0.6991359 0.5508511 1.556329 0.8888716 3
11 0.5539077 0.6218109 0.6070406 1.592376 0.8801671 3
11 0.555319 0.6221254 0.6070406 1.592745 0.8801671 3
11 0.5546138 0.6218109 0.6070406 1.592622 0.8801671 3
11 0.5964329 0.7072059 0.5412905 1.610826 0.9257977 3
11 0.5967609 0.7072059 0.5412905 1.610826 0.9257977 3
11 0.57743 0.6731851 0.6071079 1.639128 0.8174108 3
11 0.5777687 0.6734757 0.6071079 1.639008 0.8174108 3
11 0.6286958 0.5858405 0.6016048 1.639247 0.8174108 3
11 0.6283845 0.5855064 0.6016048 1.639008 0.8174108 3
11 0.6679325 0.5410409 0.6470804 1.689223 0.7987847 3
11 0.6685182 0.5414024 0.6470804 1.689339 0.7987847 3
11 0.6827098 0.6477052 0.6597034 1.712122 0.9198436 3
11 0.6827098 0.6477052 0.6597034 1.712236 0.9198436 3
11 0.6635236 0.555319 0.7361691 1.70548 0.9133389 3
11 0.6635236 0.5556712 0.7361691 1.705595 0.9133389 3
11 0.7033216 0.4992853 0.5585084 1.705595 0.9133389 3
11 0.7024865 0.4988932 0.5585084 1.705365 0.9133389 3
11 0.6923862 0.4988932 0.6317899 1.692001 1 3
11 0.6815624 0.5000685 0.6317899 1.671638 0.9362557 3
11 0.6641131 0.5173771 0.7182352 1.671404 0.9362557 3
11 0.6638185 0.5166202 0.7182352 1.671521 0.9362557 3
11 0.6570037 0.5489398 0.6996911 1.680977 0.9320332 3
11 0.6573014 0.5492961 0.6996911 1.680977 0.9320332 3
11 0.6755064 0.4511079 0.7091419 1.680861 0.9320332 3
11 0.675796 0.4515415 0.7091419 1.680977 0.9320332 3
11 0.6339648 0.5282311 0.6246296 1.674679 0.9521712 3
11 0.6342734 0.5282311 0.6246296 1.674679 0.9521712 3
11 0.6382713 0.5685511 0.5864532 1.66307 0.9125741 3
11 0.6382713 0.5688952 0.5864532 1.662952 0.9125741 3
11 0.645587 0.5377761 0.6019798 1.652564 0.9274689 3
11 0.6452838 0.5388666 0.6019798 1.652682 0.9274689 3
11 0.649214 0.5381398 0.6019798 1.649245 0.9178195 3
11 0.6489125 0.5388666 0.6019798 1.649482 0.9178195 3
11 0.6587883 0.5211454 0.5730495 1.665304 0.935865 3
11 0.659382 0.5218958 0.5730495 1.665422 0.935865 3
11 0.6065179 0.5743721 0.6729156 1.660479 0.8070393 3
11 0.6058724 0.5743721 0.6729156 1.660479 0.8070393 3
11 0.607807 0.5736903 0.6729156 1.674562 0.9211555 3
11 0.6084505 0.5743721 0.6729156 1.674679 0.9211555 3
11 0.6364292 0.4849715 0.6364135 1.681094 1 3
11 0.6367366 0.4853748 0.6364135 1.681094 1 3
11 0.5828267 0.5730078 0.6916986 1.671404 0.9174505 3
11 0.5824909 0.5733491 0.6916986 1.67117 0.9174505 3
11 0.6106976 0.5289715 0.7636617 1.726691 0.8718435 3
11 0.6097356 0.5286014 0.7636617 1.726464 0.8718435 3
11 0.6501176 0.4423477 0.6969429 1.732574 1 3
11 0.6507192 0.4427898 0.6969429 1.732913 1 3
11 0.6528208 0.4467493 0.6694602 1.739339 0.9445739 3
11 0.652521 0.4467493 0.6694602 1.739451 0.9445739 3
11 0.6749268 0.4063823 0.7568921 1.743272 0.8276941 3
11 0.6749268 0.4054182 0.7568921 1.743272 0.8276941 3
11 0.6991359 0.4078243 0.5805517 1.81456 0.8782681 3
11 0.6985759 0.4073442 0.5805517 1.814344 0.8782681 3
11 27.46282 32.74768 0 25.7971 0 3
11 27.46285 32.74776 0 25.79714 0 3
11 22.16889 32.02244 0 14.18271 0 4
11 22.16876 32.02229 0 14.18257 0 4
11 22.16895 32.02254 0 14.18276 0 4
11 22.16882 32.02238 0 14.18263 0 4
11 6.680962 2.52933 0.6595923 14.1826 0 4
11 6.681079 2.52933 0.6595923 14.18269 0 4
11 6.732661 2.796454 0.4558607 14.18266 0 4
11 6.732632 2.796454 0.4558607 14.18264 0 4
11 6.801667 2.902387 0.5299239 14.18259 0 4
11 6.801696 2.90232 0.5299239 14.18264 0 4
11 1.918263 2.987079 0.5135238 0.8455727 0.4257384 4
11 1.918263 2.987079 0.5135238 0.8453411 0.4257384 4
11 7.546445 3.073133 0.5336185 13.03551 0.5046962 4
11 7.546392 3.072942 0.5336185 13.03552 0.5046962 4
11 6.937602 3.192121 0.4772653 14.18257 0 4
11 6.937659 3.191998 0.4772653 14.18266 0 4
11 8.177165 3.267705 0.4693166 14.10101 0.8321101 4
11 8.177117 3.267765 0.4693166 14.10099 0.8321101 4
11 6.984127 3.303279 0.4685557 14.18264 0 4
11 6.984098 3.303339 0.4685557 14.18263 0 4
11 7.013918 3.396037 0.5600578 14.18271 0 4
11 7.013863 3.396209 0.5600578 14.18259 0 4
11 7.035811 3.468708 0.7090411 14.18257 0 4
11 7.035894 3.468651 0.7090411 14.1827 0 4
11 7.035811 3.468764 0.7090411 14.18262 0 4
11 7.035839 3.468708 0.7090411 14.18264 0 4
11 7.30557 0.9863558 0.8063905 14.18267 0 4
11 7.305516 0.9867525 0.8063905 14.18262 0 4
11 7.376504 1.03722 0.8777246 14.1826 0 4
11 7.376531 1.036843 0.8777246 14.18257 0 4
11 0.4306931 1.037032 0.8777246 0.4020255 0.4999931 4
11 0.4316007 1.036843 0.8777246 0.4020255 0.4999931 4
11 0.4015385 1.017411 0.8291951 0.4140146 0.4966548 4
11 0.4020255 1.017795 0.8291951 0.4140146 0.4966548 4
11 0.3753442 0.9557254 0.7525041 0.4154301 0.4807142 4
11 0.3763854 0.9561348 0.7525041 0.4149588 0.4807142 4
11 0.3626169 0.9559301 0.7525041 0.4025119 0.6006551 4
11 0.3620769 0.9561348 0.7525041 0.4025119 0.6006551 4
11 0.3449174 0.9435682 0.9271953 0.4210443 0.483764 4
11 0.343781 0.9435682 0.9271953 0.4215088 0.483764 4
11 0.3460502 0.9460534 0.8901279 0.464781 0.5070776 4
11 0.3454843 0.9460534 0.8901279 0.4643598 0.5070776 4
11 0.2705197 0.9157847 0.7666701 0.4347627 0.5230297 4
11 0.2705197 0.9157847 0.7666701 0.4343124 0.5230297 4
11 0.302612 0.9598116 0.7025637 0.4392403 0.5561858 4
11 0.301316 0.9596078 0.7025637 0.4396856 0.5561858 4
11 0.3722032 1.030026 0.8864686 0.4182466 0.4808178 4
11 0.3711503 1.030026 0.8864686 0.4182466 0.4808178 4
11 0.3538778 1.000929 0.7538407 0.4760123 0.4638374 4
11 0.3544303 1.001124 0.7538407 0.4760123 0.4638374 4
11 0.3351346 0.9642863 0.7627775 0.463094 0.4347175 4
11 0.3357179 0.9644893 0.7627775 0.4635163 0.4347175 4
11 0.3226406 0.9450188 0.8117672 0.4306931 0.5948035 4
11 0.324455 0.9452258 0.8117672 0.4311472 0.5948035 4
11 0.3374619 0.9675278 0.84353 0.4063823 0.5394444 4
11 0.3368816 0.9673254 0.84353 0.4059006 0.5394444 4
11 0.2446942 0.8746923 0.8488678 0.4575681 0.4815268 4
11 0.2462884 0.8749159 0.8488678 0.4588492 0.4815268 4
11 0.2185032 0.8695317 0.8111626 0.4365593 0.4653303 4
11 0.2193969 0.8695317 0.8111626 0.4374548 0.4653303 4
11 0.2065338 0.845804 0.7374904 0.4370072 0.4653303 4
11 0.2055842 0.8460353 0.7374904 0.4370072 0.4653303 4
11 0.2349025 0.8987461 0.8343137 0.4541341 0.4857802 4
11 0.235734 0.8987461 0.8343137 0.4545648 0.4857802 4
11 0.2365626 0.8791551 0.8224487 0.4288719 0.5162689 4
11 0.2365626 0.8793777 0.8224487 0.4284154 0.5162689 4
11 0.2093567 0.8515682 0.8384879 0.4410186 0.5503138 4
11 0.2093567 0.8520276 0.8384879 0.4414621 0.5503138 4
11 0.2556444 0.916639 0.8603817 0.4025119 0.5204591 4
11 0.2571706 0.9172792 0.8603817 0.4029978 0.5204591 4
11 0.2914124 0.9693463 0.8137756 0.382573 0.5515418 4
11 0.2927522 0.9693463 0.8137756 0.382573 0.5515418 4
11 0.2748253 0.9272513 0.8962063 0.3784592 0.5109209 4
11 0.2733977 0.9270402 0.8962063 0.3774237 0.5109209 4
11 0.234068 0.8813781 0.7765085 0.416371 0.5569199 4
11 0.2349025 0.8813781 0.7765085 0.4168407 0.5569199 4
11 0.2065338 0.8444148 0.7645702 0.4325065 0.4772348 4
11 0.23239 0.8444148 0.7645702 0.3753442 0.4973257 4
11 0.2349025 0.8446465 0.7645702 0.3748225 0.4973257 4
11 0.234068 0.8444148 0.7645702 0.3748225 0.4973257 4
11 0.2414744 0.8908735 0.803479 0.4279585 0.5237714 4
11 0.2414744 0.8908735 0.803479 0.4284154 0.5237714 4
11 0.3045456 0.9174925 0.8920331 0.4247459 0.5528327 4
11 0.3039024 0.9172792 0.8920331 0.4242849 0.5528327 4
11 0.3019647 0.9177057 0.8920331 0.4379019 0.6082743 4
11 0.302612 0.9174925 0.8920331 0.4379019 0.6082743 4
11 0.3214254 0.9534706 0.8782321 0.427501 0.4960224 4
11 0.3208161 0.9536759 0.8782321 0.427501 0.4960224 4
11 0.324455 0.9833755 0.8428011 0.3743001 0.5033413 4
11 0.324455 0.9829774 0.8428011 0.3732531 0.5033413 4
11 0.3560827 1.000733 0.8513634 0.3615361 0.499941 4
11 0.3555328 1.000733 0.8513634 0.3620769 0.499941 4
11 0.3134116 0.9653005 0.8188979 0.3896677 0.5537491 4
11 0.3134116 0.9653005 0.8188979 0.3896677 0.5537491 4
11 0.2927522 0.9657058 0.8188979 0.4102162 0.5721959 4
11 0.2920831 0.9653005 0.8188979 0.4102162 0.5721959 4
11 0.3339648 0.9759852 0.8335885 0.392669 0.5368353 4
11 0.3333784 0.9759852 0.8335885 0.392669 0.5368353 4
11 0.3386196 0.9763861 0.8335885 0.4125943 0.420051 4
11 0.3397734 0.9763861 0.8335885 0.4125943 0.420051 4
11 0.339197 0.9995593 0.8132104 0.429328 0.4414899 4
11 0.3403488 0.9993636 0.8132104 0.429328 0.4414899 4
11 0.3368816 0.9805858 0.822451 0.4660423 0.5780949 4
11 0.3368816 0.9807853 0.822451 0.4656223 0.5780949 4
11 0.358274 0.9733753 0.7989308 0.4698059 0.5514158 4
11 0.358274 0.9737772 0.7989308 0.4685547 0.5514158 4
11 0.3700944 0.9985801 0.8278922 0.4480613 0.5764046 4
11 0.3700944 0.9983841 0.8278922 0.4484978 0.5764046 4
11 0.3748225 1.007165 0.8461117 0.4135417 0.5807106 4
11 0.3753442 1.007554 0.8461117 0.4140146 0.5807106 4
11 0.4121198 1.065878 0.8786862 0.4325065 0.470561 4
11 0.4121198 1.066061 0.8786862 0.4320539 0.470561 4
11 0.373777 1.024693 0.830909 0.386643 0.4714604 4
11 0.373777 1.024311 0.830909 0.3861367 0.4714604 4
11 0.3533245 0.9974037 0.8030117 0.3851218 0.4714604 4
11 0.354982 0.997992 0.8030117 0.3861367 0.4714604 4
11 0.3636945 1.002101 0.808008 0.3986039 0.5351198 4
11 0.3636945 1.002296 0.808008 0.3990945 0.5351198 4
11 0.3690354 1.018948 0.856325 0.360452 0.5306789 4
11 0.3685048 1.018756 0.856325 0.360452 0.5306789 4
11 0.3544303 0.9837734 0.8935837 0.3593647 0.5306789 4
11 0.354982 0.9841712 0.8935837 0.3599087 0.5306789 4
11 0.3642322 0.9320924 0.7696116 0.5000685 0.5049152 4
11 0.3642322 0.9320924 0.7696116 0.5000685 0.5049152 4
11 0.3577275 0.9130027 0.8863211 0.4996771 0.5049152 4
11 0.358274 0.9134313 0.8863211 0.4992853 0.5049152 4
11 0.3631561 0.8967844 0.8128414 0.5626699 0.5589387 4
11 0.3636945 0.8970026 0.8128414 0.563365 0.5589387 4
11 0.3748225 0.8654715 0.8159685 0.5630175 0.5589387 4
11 0.3743001 0.8652454 0.8159685 0.5619739 0.5589387 4
11 0.3102743 0.7930291 0.7901506 0.5496522 0.5159349 4
11 0.309643 0.7930291 0.7901506 0.5489398 0.5159349 4
11 0.3426407 0.8263788 0.812063 0.6274496 0.5065714 4
11 0.3443497 0.8266156 0.812063 0.6274496 0.5065714 4
11 0.4044518 0.8816 0.8077768 0.651921 0.491472 4
11 0.4044518 0.881156 0.8077768 0.652221 0.491472 4
11 0.414487 0.901572 0.8053498 0.6513204 0.5084652 4
11 0.4125943 0.9009206 0.8053498 0.6510199 0.5084652 4
11 0.414487 0.9013549 0.8053498 0.6835691 0.5419599 4
11 0.4154301 0.901572 0.8053498 0.6838553 0.5419599 4
11 0.3976209 0.8690815 0.7863901 0.6240098 0.5332344 4
11 0.3976209 0.8690815 0.7863901 0.6236961 0.5332344 4
11 0.3881583 0.8393012 0.831928 0.6567059 0.5280871 4
11 0.3881583 0.8395343 0.831928 0.6564078 0.5280871 4
11 0.4039677 0.8393012 0.831928 0.7362165 0.4722708 4
11 0.403483 0.839068 0.831928 0.7362165 0.4722708 4
11 0.4068635 0.8945997 0.6533356 0.6980155 0.4841711 4
11 0.4068635 0.8945997 0.6533356 0.6977351 0.4841711 4
11 0.4532716 0.8945997 0.6533356 0.7055438 0.5705624 4
11 0.4532716 0.8952556 0.6533356 0.7052664 0.5705624 4
11 0.4078243 0.8906538 0.9007 0.66998 0.5038957 4
11 0.4073442 0.8908735 0.9007 0.66998 0.5038957 4
11 0.4532716 0.8860281 0.8440915 0.7322189 0.5554364 4
11 0.4528397 0.8860281 0.8440915 0.7327532 0.5554364 4
11 0.4370072 0.8952556 0.8472391 0.6775311 0.6248783 4
11 0.4374548 0.8954742 0.8472391 0.6772422 0.6248783 4
11 0.4325065 0.9323022 0.8210273 0.6652907 0.5235226 4
11 0.4325065 0.9320924 0.8210273 0.6655847 0.5235226 4
11 0.4396856 0.9149297 0.9352365 0.6726035 0.6397798 4
11 0.4396856 0.9151434 0.9352365 0.6723125 0.6397798 4
11 0.4405747 0.886911 0.764459 0.741777 0.576353 4
11 0.4396856 0.8871316 0.764459 0.741777 0.576353 4
11 0.4554249 0.8536337 0.8120494 0.741777 0.576353 4
11 0.4545648 0.8534044 0.8120494 0.741777 0.576353 4
11 0.4609765 0.826142 0.7575058 0.7504317 0.5813697 4
11 0.4597013 0.8256681 0.7575058 0.7501709 0.5813697 4
11 0.4865827 0.8661495 0.7997207 0.7504317 0.5813697 4
11 0.4869847 0.8659236 0.7997207 0.7504317 0.5813697 4
11 0.4845679 0.8221055 0.8969887 0.7684676 0.5129909 4
11 0.4837596 0.8216294 0.8969887 0.7679582 0.5129909 4
11 0.4833549 0.814213 0.8382161 0.7545922 0.5568828 4
11 0.4829499 0.814213 0.8382161 0.7545922 0.5568828 4
11 0.4821389 0.8413968 0.8228072 0.6898379 0.5420266 4
11 0.4817329 0.8416294 0.8228072 0.6898379 0.5420266 4
11 0.4760123 0.81781 0.7684549 0.6901216 0.5420266 4
11 0.4756011 0.81781 0.7684549 0.6898379 0.5420266 4
11 0.5359538 0.8343908 0.7854704 0.7587299 0.594532 4
11 0.5352231 0.8343908 0.7854704 0.7582139 0.594532 4
11 0.5475121 0.845804 0.8148563 0.7587299 0.594532 4
11 0.5467969 0.845804 0.8148563 0.758472 0.594532 4
11 0.5399548 0.8374339 0.8153394 0.7838463 0.619835 4
11 0.5392296 0.8372003 0.8153394 0.7835966 0.619835 4
11 0.5311863 0.8444148 0.7558987 0.7564052 0.6000767 4
11 0.5315546 0.8446465 0.7558987 0.7558876 0.6000767 4
11 0.5630175 0.8769265 0.7485411 0.7808449 0.5772554 4
11 0.563365 0.8769265 0.7485411 0.7803435 0.5772554 4
11 0.5467969 0.8464977 0.8260024 0.7835966 0.5148836 4
11 0.5464389 0.8464977 0.8260024 0.7833468 0.5148836 4
11 0.587175 0.8379012 0.8735179 0.8476528 0.5831809 4
11 0.5868416 0.8379012 0.8735179 0.8474219 0.5831809 4
11 0.6023093 0.8591176 0.865491 0.901572 0.5230063 4
11 0.6026341 0.8588898 0.865491 0.901572 0.5230063 4
11 0.5845029 0.8591176 0.865491 0.8588898 0.4805586 4
11 0.5848376 0.8593453 0.865491 0.8591176 0.4805586 4
11 0.5602303 0.8430232 0.9174291 0.8877931 0.3653046 4
