1 36.58731
1 36.58738
1 36.53048
1 36.23169
1 36.23177
1 36.23179
1 36.16281
1 36.16285
1 36.16281
1 36.16287
1 36.16271
1 36.10046
1 36.10041
1 36.10043
1 36.13883
1 36.13866
1 36.13869
1 36.13869
1 36.0594
1 36.05938
1 36.05933
1 36.0566
1 36.06455
1 36.06461
1 36.06455
1 20.55611
1 20.55627
1 20.55624
1 20.55611
1 17.39428
1 17.39428
1 17.39425
1 17.39436
1 17.39427
1 17.39437
1 17.39425
1 17.39419
1 17.39428
1 17.39427
1 17.39419
1 20.42163
1 20.39336
1 20.39344
1 20.39324
1 9.398583
1 9.398562
1 9.398667
1 9.398562
1 9.4245
1 9.424459
1 9.424521
1 9.424459
1 17.39425
1 17.3943
1 17.39431
1 17.39426
1 5.970676
1 5.970611
1 5.970644
1 5.858827
1 5.858961
1 5.85886
1 5.858793
1 5.761841
1 5.761672
1 5.761774
1 5.724472
1 5.724267
1 5.724232
1 5.724198
1 5.641321
1 5.641287
1 5.641287
1 5.57907
1 5.57907
1 5.579105
1 5.571513
1 5.571583
1 5.571653
1 5.571618
1 5.58188
1 5.581914
1 5.581914
1 5.58774
1 5.58767
1 5.58774
1 5.58781
1 5.717929
1 5.717963
1 5.718066
1 5.755307
1 5.755409
1 5.755409
1 5.755204
1 5.720739
1 5.720705
1 5.72067
1 5.805288
1 5.80522
1 5.805288
1 5.805254
1 5.829009
1 5.828875
1 5.828975
1 5.829009
1 5.803397
1 5.803262
1 5.803296
1 6.304718
1 6.304718
1 6.304842
1 6.535341
1 6.690495
1 6.690525
1 6.690378
1 6.804291
1 6.804233
1 6.804319
1 6.804291
1 6.838793
1 6.838736
1 6.838851
1 6.924584
1 6.924669
1 6.924698
1 6.924613
1 6.96396
1 6.964016
1 6.96396
1 6.95776
1 6.957647
1 6.957704
1 6.956971
1 6.932766
1 6.932653
1 6.932681
1 7.044365
1 7.044504
1 7.044393
1 7.044365
1 7.080696
1 7.080723
1 7.080751
1 7.149432
1 7.14935
1 7.149432
1 22.31131
1 22.3382
1 22.33816
1 22.33818
1 22.33817
1 22.3011
1 22.30106
1 22.30106
1 22.41719
1 22.41717
1 22.41717
1 22.39216
1 22.39222
1 22.39226
1 22.39222
1 22.34696
1 22.34694
1 22.34694
1 22.31684
1 22.31684
1 22.31684
1 22.31683
1 22.20878
1 22.20883
1 22.20882
1 22.20882
1 15.49393
1 15.49392
1 15.49394
1 15.49396
1 21.60826
1 21.60827
1 21.60822
1 21.38548
1 21.3855
1 21.38552
1 21.38552
1 21.36872
1 21.36863
1 21.36869
1 21.32062
1 21.32074
1 21.32057
1 21.32062
1 21.33792
1 21.33791
1 21.33791
1 21.33807
1 21.36834
1 21.36816
1 21.36829
1 21.34974
1 21.34972
1 21.34979
1 21.34977
1 6.042637
1 6.042637
1 6.042637
1 6.023434
1 6.023499
1 6.023662
1 6.023499
1 6.031175
1 6.031175
1 6.031175
1 21.5659
1 21.56587
1 21.56597
1 21.56589
1 27.64352
1 27.64352
1 27.64351
1 27.64352
1 27.64354
1 27.6435
1 27.64344
1 19.97086
1 19.97089
1 19.97081
1 20.1015
1 20.10147
1 20.10147
1 20.10157
1 20.06572
1 20.06574
1 20.06565
1 20.11531
1 20.1153
1 20.11525
1 20.1153
1 7.086954
1 7.086843
1 7.086954
1 7.086843
1 7.021661
1 7.021689
1 7.021633
1 6.981486
1 6.981542
1 6.981514
1 6.985109
1 6.985194
1 6.985109
1 6.985137
1 6.983368
1 6.960156
1 6.960241
1 6.960043
1 6.960156
1 6.852174
1 6.852174
1 6.852145
1 6.663738
1 6.663856
1 6.663738
1 6.66368
1 6.588148
1 6.588088
1 6.588267
1 6.526874
1 6.526874
1 6.526814
1 6.526783
1 6.517102
1 6.517192
1 6.517072
1 6.512918
1 6.512979
1 6.513009
1 6.512918
1 6.471054
1 6.471054
1 6.471024
1 6.535641
1 6.5357
1 6.535551
1 6.535641
1 6.611413
1 6.611413
1 6.611443
1 6.65511
1 6.655228
1 6.655139
1 6.655169
1 6.690437
1 6.690642
1 6.690437
1 6.646175
1 6.646027
1 6.646087
1 19.27497
1 19.23419
1 19.23416
1 19.2343
1 19.22817
1 19.20127
1 19.20119
1 19.20127
1 19.12566
1 19.12557
1 19.1256
1 19.12562
1 19.07641
1 19.07651
1 19.07651
1 19.14033
1 19.1404
1 19.14037
1 19.14034
1 7.262554
1 7.262581
1 7.262527
1 8.816236
1 8.816258
1 8.816193
1 8.816281
1 6.55664
1 6.556759
1 6.556699
1 6.55667
1 6.673384
1 6.673472
1 6.673326
1 6.673355
1 6.762802
1 6.762888
1 6.762831
1 6.762831
1 6.740201
1 6.740114
1 6.740201
1 6.74026
1 6.766136
1 6.766049
1 6.766078
1 6.766078
1 19.5704
1 19.57039
1 19.57039
1 19.59091
1 19.59093
1 19.59096
1 19.59087
1 19.6533
1 19.65332
1 19.65338
1 19.65327
1 19.72267
1 19.72262
1 19.72259
1 19.72267
1 19.74375
1 19.74373
1 19.74372
1 19.74375
1 19.67101
1 19.67097
1 19.67099
1 10.99549
1 10.99542
1 10.99546
1 10.99539
1 12.18065
1 12.18054
1 12.1805
1 12.1805
1 4.171431
1 4.171525
1 4.171431
1 3.980199
1 3.980101
1 3.980248
1 3.980248
1 9.9179
1 9.917781
1 9.917821
1 9.91788
1 3.80282
1 3.802666
1 3.802769
1 9.728315
1 9.728417
1 9.728356
1 9.728376
1 3.897421
1 3.897672
1 3.897572
1 3.89737
1 9.645671
1 9.645733
1 9.645752
1 9.661596
1 9.661495
1 9.661718
1 9.661515
1 9.66011
1 9.660213
1 9.66009
1 9.72041
1 9.720308
1 9.720389
1 9.720471
1 5.11167
1 5.111746
1 5.111593
1 5.11167
1 4.03046
1 4.030509
1 4.030412
1 4.046705
1 4.029391
1 4.029343
1 4.02944
1 4.013565
1 4.013662
1 4.013711
1 4.013809
1 5.935476
1 5.935443
1 5.935443
1 5.935609
1 12.18062
1 12.18057
1 12.18046
1 34.91068
1 34.91078
1 34.91085
1 35.01773
1 35.01779
1 35.01775
1 35.01769
1 23.42128
1 23.42115
1 23.42145
1 34.94613
1 34.94616
1 34.94612
1 34.94613
1 34.93994
1 34.93996
1 34.9399
1 34.93988
1 22.86688
1 22.86686
1 22.86679
1 22.8207
1 22.82059
1 22.82066
1 22.82065
1 22.85925
1 22.8592
1 22.85913
1 22.85919
1 22.80095
1 22.80109
1 22.80113
1 22.80098
1 22.768
1 22.76798
1 22.76795
1 22.76799
1 22.74781
1 22.74774
1 22.74781
1 22.77066
1 22.77603
1 22.77604
1 22.77595
1 22.74034
1 22.74031
1 22.74025
1 22.74028
1 5.880267
1 5.8803
1 5.880267
1 12.18044
1 12.1805
1 12.18052
1 12.18042
1 7.573156
1 7.573156
1 7.57313
1 7.66283
1 7.662779
1 7.662805
1 7.662779
1 7.662702
1 11.62637
1 11.62642
1 11.62632
1 11.62646
1 11.50881
1 11.50883
1 11.50889
1 11.21054
1 11.21057
1 11.21071
1 11.21054
1 11.21068
1 14.68751
1 14.68744
1 14.68745
1 14.68743
1 14.68747
1 14.42267
1 14.42265
1 14.42276
1 14.42265
1 14.19261
1 14.19272
1 14.1927
1 14.20784
1 14.20771
1 14.20766
1 14.20767
1 14.06219
1 14.06219
1 14.06222
1 13.92975
1 13.92984
1 13.92985
1 13.92999
1 3.925107
1 3.925057
1 3.925207
1 3.776313
1 3.580312
1 3.580312
1 3.580257
1 3.080006
1 3.079878
1 3.080069
1 3.079878
1 2.971967
1 2.971967
1 2.971836
1 2.886358
1 2.886426
1 2.886426
1 2.886358
1 2.624728
1 2.624579
1 2.624505
1 2.624579
1 2.420507
1 2.420264
1 2.420103
1 2.420264
1 2.332884
1 2.332968
1 2.332968
1 2.332968
1 4.92398
1 4.92394
1 4.92402
1 12.18055
1 12.18046
1 12.18052
1 12.18041
1 29.243
1 29.24296
1 29.243
1 29.2429
1 12.18057
1 12.18049
1 12.18042
1 12.1806
1 26.19191
1 26.19194
1 26.19192
1 26.12926
1 26.2707
1 26.27063
1 26.27071
1 26.12589
1 26.12581
1 26.12599
1 26.05997
1 25.94263
1 25.94287
1 25.94284
1 25.74528
1 25.7452
1 25.74532
1 25.74525
1 25.53663
1 25.53667
1 25.5366
1 25.44129
1 25.44132
1 25.44136
1 25.44148
1 25.13264
1 25.13265
1 25.1326
1 24.64982
1 24.65001
1 24.64992
1 24.64994
1 24.34088
1 24.34089
1 24.34098
1 23.64435
1 23.64426
1 23.6443
1 23.64442
1 23.1788
1 23.17888
1 23.17876
1 12.18059
1 12.18057
1 12.18049
1 12.18052
1 28.57174
1 28.57171
1 28.57174
1 8.265078
1 8.265125
1 8.265078
1 12.18046
1 12.18059
1 12.18057
1 12.18054
1 14.95034
1 14.95046
1 14.9504
1 14.95034
1 10.7741
1 10.77406
1 10.77413
1 14.58743
1 14.47887
1 14.47882
1 14.47874
1 14.45394
1 14.45407
1 14.45407
1 14.45392
1 14.40572
1 14.40568
1 14.40568
1 14.63486
1 14.63478
1 14.63492
1 14.63494
1 6.437545
1 6.437484
1 6.437484
1 6.437392
1 6.684777
1 6.684748
1 6.684835
1 6.684718
1 18.01765
1 18.01756
1 18.0177
1 18.47809
1 18.47802
1 18.47793
1 18.47778
1 32.59259
1 32.5926
1 32.59258
1 32.59226
1 32.59233
1 32.59227
1 32.59227
1 18.34502
1 18.34494
1 18.34497
1 18.40895
1 18.57606
1 18.5759
1 18.57604
1 18.72234
1 18.7223
1 18.72236
1 18.9066
1 18.90667
1 18.90655
1 18.9066
1 19.09045
1 19.09039
1 19.09044
1 29.04006
1 29.04004
1 29.04
1 29.04005
1 12.18044
1 12.18057
1 12.18044
1 12.18055
1 15.7897
1 15.78975
1 15.78984
1 10.20658
1 10.2119
1 10.21201
1 10.21192
1 10.21201
1 10.21194
1 10.10346
1 10.10344
1 10.10336
1 10.21791
1 10.21794
1 10.21794
1 10.21798
1 10.47223
1 10.47215
1 10.47219
1 10.82104
1 10.82091
1 10.82084
1 10.82109
1 11.02253
1 11.02264
1 11.0225
1 11.17901
1 11.17912
1 11.17908
1 11.17898
1 13.62143
1 13.62156
1 13.62143
1 9.997589
1 9.997569
1 9.99753
1 9.99749
1 4.33332
1 4.33323
1 4.33332
1 3.84201
1 3.84201
1 3.84201
1 3.842112
1 3.55132
1 3.551265
1 3.551209
1 3.448385
1 3.448385
1 3.448385
1 3.448328
1 10.27108
1 10.27115
1 10.27106
1 10.27125
1 5.999499
1 5.999434
1 5.999532
1 5.999532
1 12.18044
1 12.18049
1 12.18047
1 17.45074
1 17.45091
1 10.50553
1 10.50553
1 14.98932
1 14.98934
1 14.98923
1 14.98924
1 14.75835
1 14.75839
1 14.75835
1 14.75834
1 14.46176
1 14.46177
1 14.46197
1 14.30889
1 14.30886
1 14.30884
1 14.30886
1 14.16428
1 14.16422
1 14.16434
1 14.1643
1 14.17491
1 14.17491
1 14.17479
1 14.17947
1 12.66718
1 12.66719
1 12.66722
1 12.66712
1 5.803464
1 5.803532
1 5.803498
1 5.557953
1 5.5856
1 5.58574
1 5.58574
1 5.6249
1 5.624969
1 5.624969
1 5.585144
1 5.485194
1 5.485051
1 5.485123
1 5.48523
1 5.516864
1 5.516935
1 5.5169
1 5.517042
1 5.68072
1 5.680755
1 5.681065
1 5.786519
1 5.786485
1 5.786451
1 5.786485
1 5.956345
1 5.956378
1 5.956312
1 5.956345
1 6.180917
1 6.180696
1 6.18079
1 8.816258
1 8.816193
1 8.816236
1 8.816148
1 8.816281
1 8.816303
1 8.816215
1 9.307109
1 9.307215
1 9.307109
1 9.307172
1 8.987955
1 8.987759
1 8.987955
1 8.987868
1 8.667733
1 8.667801
1 8.667755
1 8.479592
1 8.479615
1 8.479685
1 8.4795
1 8.384758
1 8.384922
1 8.384969
1 8.316612
1 8.31666
1 8.316801
1 8.387709
1 8.387849
1 8.387873
1 8.387826
1 8.366494
1 8.366541
1 8.366612
1 13.5346
1 13.5347
1 13.53459
1 13.53462
1 8.878653
1 8.878719
1 8.878896
1 8.878719
1 10.83988
1 10.83979
1 10.83976
1 10.83985
1 3.162422
1 3.16236
1 3.162483
1 3.162298
1 8.513316
1 8.513454
1 8.513293
1 8.513454
1 8.747161
1 8.747094
1 8.747026
1 8.68236
1 8.682405
1 8.682405
1 8.682292
1 8.623431
1 8.623295
1 8.623341
1 8.90223
1 8.902562
1 8.902275
1 8.902209
1 8.933514
1 8.933601
1 8.933536
1 8.933536
1 8.816281
1 8.816415
1 8.816438
1 8.754905
1 8.754815
1 8.754838
1 8.740557
1 8.740376
1 8.740713
1 8.740557
1 8.644543
1 8.644338
1 8.644429
1 8.658573
1 8.658618
1 8.658504
1 8.658527
1 8.676294
1 8.676431
1 25.55501
1 25.55488
1 25.55482
1 25.55498
1 25.5549
1 25.55498
1 31.46938
1 31.46941
1 31.46942
1 31.46933
1 27.6435
1 27.64347
1 27.64342
1 23.83749
1 23.83746
1 23.83748
1 23.83743
1 23.32504
1 23.32518
1 23.32517
1 23.32524
1 22.98045
1 22.98051
1 26.77437
1 26.80898
1 26.80896
1 26.809
1 26.80904
1 26.67356
1 26.6736
1 26.6736
1 26.42162
1 26.42162
1 26.42156
1 26.42166
1 26.08832
1 26.08817
1 26.08816
1 26.08814
1 9.801608
1 9.801468
1 9.801588
1 26.89737
1 26.89731
1 26.89734
1 26.89732
1 32.54124
1 32.54129
1 33.50857
1 33.50854
1 33.50864
1 33.50858
1 30.20829
1 30.20831
1 30.20834
1 30.20832
1 29.24389
1 29.24398
1 29.24393
1 29.24388
1 28.84417
1 28.84423
1 28.84429
1 28.84427
1 28.24204
1 28.24202
1 28.24213
1 28.24209
1 27.91386
1 27.9139
1 27.91381
1 27.91374
1 27.27891
1 27.2791
1 27.27896
1 17.3943
1 17.3943
1 17.39427
1 17.39435
1 17.39419
1 17.39444
1 17.39422
1 17.39423
1 6.742238
1 6.742151
1 6.742093
1 6.742064
1 7.431178
1 7.431046
1 7.430993
1 7.430967
1 8.15868
1 8.158776
1 8.158824
1 8.158849
1 8.549802
1 8.549642
1 8.54971
1 8.549734
1 8.07713
1 8.077204
1 8.077155
1 8.077276
1 8.081407
1 8.081285
1 8.081334
1 8.081383
1 8.094539
1 8.094612
1 8.094491
1 8.094587
1 8.440944
1 8.440967
1 8.44092
1 8.441036
1 8.884515
1 8.884536
1 8.884603
1 9.367624
1 9.367581
1 9.367624
1 9.367686
1 9.94388
1 9.943999
1 9.944018
1 9.94396
1 10.22649
1 10.22662
1 10.22664
1 10.22662
1 12.65923
1 12.65926
1 12.65931
1 12.65928
1 17.39427
1 17.39436
1 17.39439
1 17.39437
1 5.566903
1 5.566937
1 5.567008
1 5.566937
1 7.823154
1 7.823079
1 7.823205
1 7.823154
1 8.115782
1 8.115709
1 8.115878
1 8.115829
1 8.364452
1 8.364405
1 8.364358
1 8.364429
1 8.068813
1 8.068619
1 8.068716
1 8.068667
1 7.869983
1 7.869983
1 7.869934
1 7.869958
1 5.542559
1 5.542594
1 5.542523
1 5.542453
1 5.856384
1 5.85625
1 5.856284
1 5.938613
1 5.865815
1 5.865915
1 5.865882
1 5.815273
1 5.815172
1 5.815206
1 5.815273
1 5.523964
1 5.524
1 5.523929
1 5.400186
1 4.488077
1 4.488034
1 4.48799
1 4.488034
1 4.488034
1 4.488121
1 4.488164
1 4.488034
1 4.707151
1 4.70711
1 4.707193
1 4.808153
1 4.808031
1 4.808113
1 4.808194
1 4.836306
1 4.836266
1 4.836266
1 4.836347
1 4.793177
1 4.793136
1 4.793096
1 4.703155
1 4.280479
1 4.280341
1 4.280387
1 4.280479
1 4.126542
1 4.126494
1 4.126399
1 4.126399
1 4.072513
1 4.072561
1 4.072657
1 4.072657
1 10.16243
1 10.16249
1 10.16249
1 10.16249
1 6.325551
1 6.325458
1 6.32552
1 6.32552
1 6.325488
1 5.92652
1 5.926619
1 5.926619
1 5.708701
1 6.851745
1 6.851659
1 6.851687
1 6.851716
1 19.57038
1 19.57046
1 19.57032
1 19.57036
1 7.180973
1 7.180919
1 7.180973
1 7.181028
1 7.337059
1 7.337139
1 7.337086
1 7.336925
1 11.19218
1 11.19194
1 11.19206
1 11.29813
1 10.9777
1 10.97783
1 10.97786
1 10.88629
1 10.60324
1 10.60337
1 10.60341
1 10.57821
1 10.57823
1 10.57829
1 10.57818
1 10.8498
1 10.84972
1 10.84987
1 10.84974
1 10.27313
1 10.27318
1 10.27313
1 10.27318
1 21.99696
1 21.99701
1 21.99687
1 22.1153
1 22.09067
1 22.09061
1 22.09059
1 22.08556
1 22.0857
1 22.08572
1 22.08573
1 10.82942
1 10.82946
1 10.82942
1 10.64111
1 10.42711
1 10.42704
1 10.42702
1 10.271
1 10.27096
1 10.27098
1 10.27089
1 10.61827
1 10.61841
1 10.6183
1 10.61821
1 17.39428
1 17.39438
1 17.39433
1 17.39421
1 22.26439
1 22.26435
1 22.26435
1 22.26451
1 7.351965
1 7.351993
1 7.351859
1 7.351993
1 7.723622
1 7.723622
1 7.723444
1 7.723571
1 17.39419
1 17.39433
1 17.39423
1 17.39428
1 6.936867
1 6.936754
1 6.936839
1 6.93681
1 11.89274
1 11.89269
1 11.89282
1 11.89282
1 12.0062
1 12.0061
1 12.0062
1 12.00595
1 5.662474
1 5.662474
1 5.662474
1 5.662543
1 18.42683
1 18.4267
1 18.42686
1 18.42681
1 18.16587
1 18.16599
1 18.16603
1 18.01222
1 18.01217
1 18.01225
1 18.01238
1 4.549628
1 4.549456
1 4.549499
1 4.549628
1 4.153269
1 4.153316
1 4.153411
1 4.153316
1 4.052749
1 4.052749
1 4.052798
1 4.052846
1 4.013126
1 4.013077
1 4.013126
1 4.013077
1 3.993952
1 3.99405
1 3.993902
1 4.013419
1 4.013419
1 4.013419
1 4.013272
1 4.036529
1 4.036578
1 4.036578
1 4.036674
1 4.064041
1 4.064234
1 4.064137
1 4.064137
1 4.156333
1 4.156475
1 4.156427
1 4.156333
1 4.227626
1 4.227766
1 4.227719
1 4.183105
1 4.188299
1 4.188345
1 4.188392
1 4.188299
1 17.39428
1 17.39427
1 17.39418
1 17.39417
1 17.39429
1 17.3945
1 17.39429
1 17.39429
1 17.39431
1 17.39435
1 17.39417
1 17.39427
1 17.39421
1 17.39426
1 17.39429
1 3.805291
1 3.805188
1 3.805086
1 3.805137
1 4.240439
1 4.240439
1 4.240439
1 4.240485
1 7.239122
1 7.239122
1 7.239014
1 7.239068
1 5.749276
1 5.74931
1 5.74931
1 5.749105
1 17.39427
1 17.39433
1 17.39438
1 16.96455
1 16.96449
1 16.96452
1 16.96441
1 5.38121
1 5.38121
1 5.38121
1 5.381247
1 5.71666
1 5.716695
1 5.71666
1 5.984712
1 5.984843
1 5.984843
1 5.984777
1 5.80566
1 5.805795
1 5.805693
1 5.644552
1 5.644516
1 5.644552
1 5.644482
1 5.309543
1 5.309579
1 5.309617
1 5.192748
1 5.044419
1 5.04438
1 5.044419
1 4.459751
1 4.459751
1 4.459576
1 4.459707
1 4.398103
1 4.398103
1 4.398058
1 4.376093
1 17.39443
1 17.39419
1 17.39445
1 17.39429
1 17.39446
1 17.39427
1 17.39422
1 17.39425
1 17.39439
1 17.39439
1 17.39428
1 17.51207
1 17.54952
1 17.5495
1 17.5497
1 4.922269
1 4.922349
1 4.922308
1 4.922428
1 4.922269
1 4.922269
1 4.922269
1 4.922428
1 4.917968
1 4.918208
1 4.917929
1 5.52627
1 5.526235
1 5.526199
1 5.526199
1 5.510396
1 5.51036
1 5.510396
1 5.510396
1 5.608535
1 5.60857
1 5.608605
1 5.918278
1 5.918378
1 5.918378
1 5.918312
1 6.03111
1 6.031077
1 6.031077
1 6.031175
1 6.183835
1 6.183994
1 6.183835
1 6.183962
1 6.274449
1 6.274449
1 6.274511
1 6.267039
1 6.16173
1 6.16173
1 6.16173
1 6.161698
1 5.727484
1 5.727484
1 5.727519
1 5.72745
1 17.39437
1 17.39426
1 17.39439
1 15.8228
1 15.82271
1 15.82275
1 15.82273
1 17.39433
1 17.39438
1 17.39418
1 17.39431
1 17.3943
1 17.39426
1 17.39433
1 17.39435
1 17.20647
1 17.20656
1 17.20647
1 17.20663
1 10.94561
1 10.94562
1 10.94557
1 10.9149
1 10.77897
1 10.7789
1 10.77894
1 10.46373
1 10.12055
1 10.1205
1 10.12051
1 9.890958
1 9.890918
1 9.890958
1 9.890997
1 7.789991
1 7.789991
1 7.790017
1 7.790042
1 8.013346
1 8.013443
1 8.013419
1 8.093981
1 8.003515
1 8.003491
1 8.003491
1 7.797949
1 17.39427
1 17.3941
1 17.39418
1 3.969262
1 3.969262
1 3.96936
1 3.969262
1 2.763713
1 2.763784
1 2.763784
1 2.763784
1 3.334309
1 3.334074
1 3.334191
1 3.334132
1 3.847664
1 3.847664
1 3.847816
1 3.847664
1 0.9608305
1 0.9606267
1 0.960423
1 1.077018
1 1.479358
1 1.47949
1 1.479623
1 1.644253
1 2.623908
1 2.623684
1 2.623759
1 2.623759
1 3.99042
1 3.990371
1 3.99042
1 4.69782
1 4.69782
1 4.697779
1 4.697862
1 4.810882
1 4.810801
1 4.810882
1 4.810882
1 5.228621
1 5.228659
1 5.228621
1 5.228734
1 5.256616
1 5.256616
1 5.256578
1 5.256691
1 5.401528
1 5.401492
1 5.401528
1 5.401528
1 5.610037
1 5.610037
1 5.610003
1 5.610107
1 5.813015
1 5.813048
1 5.813082
1 5.813015
1 5.897376
1 5.897309
1 5.897309
1 5.897309
1 5.109139
1 5.109216
1 5.109101
1 5.109101
1 7.510187
1 7.510187
1 7.510082
1 7.510082
1 22.58741
1 22.58737
1 22.58744
1 22.58745
1 17.39433
1 5.509827
1 5.509827
1 5.509827
1 5.509827
1 6.780672
1 6.780613
1 6.780643
1 6.780672
1 6.515176
1 6.515206
1 6.515266
1 6.515206
1 6.244254
1 6.244159
1 6.244159
1 6.244191
1 5.921027
1 5.920928
1 5.921027
1 5.890491
1 5.890458
1 5.890458
1 5.890425
1 5.821606
1 5.82164
1 5.82164
1 5.821539
1 6.124968
1 6.125063
1 6.125191
1 6.125095
1 6.221859
1 6.541429
1 6.541459
1 6.541489
1 6.541399
1 6.931125
1 6.931039
1 6.931068
1 6.931068
1 7.03556
1 7.035699
1 7.035616
1 7.060193
1 7.060248
1 7.060248
1 7.060276
1 6.858211
1 6.858325
1 6.85824
1 6.85824
1 17.39438
1 17.39437
1 17.39412
1 17.39423
1 17.39436
1 17.39426
1 17.39439
1 17.3941
1 17.39421
1 17.39429
1 17.39421
1 17.3943
1 17.70034
1 17.70038
1 17.70024
1 17.70012
1 5.023714
1 5.023675
1 5.023558
1 5.004177
1 4.974451
1 4.974411
1 4.974491
1 4.956301
1 4.991985
1 4.991946
1 4.992025
1 4.991946
1 4.994065
1 4.994026
1 4.994183
1 4.994026
1 4.987628
1 4.987784
1 4.987706
1 4.987667
1 4.93975
1 4.93975
1 4.93975
1 4.936894
1 4.92915
1 4.92915
1 4.929269
1 4.978663
1 4.978663
1 4.978821
1 4.978821
1 4.966489
1 4.966568
1 4.966568
1 4.966528
1 4.968303
1 4.968264
1 4.968342
1 4.968382
1 5.026014
1 5.026053
1 5.025936
1 5.025936
1 5.061635
1 5.061635
1 5.061712
1 5.10607
1 5.095469
1 5.095584
1 5.095469
1 5.096122
1 5.0962
1 5.096238
1 5.096161
1 5.103
1 5.102884
1 5.102923
1 5.102846
1 4.980552
1 4.980591
1 4.980473
1 4.916853
1 4.837805
1 4.837683
1 4.837805
1 4.826088
1 4.800773
1 4.800651
1 4.800773
1 4.781269
1 5.040883
1 5.040806
1 5.040961
1 5.829951
1 5.911485
1 5.911518
1 5.911485
1 5.911584
1 5.943793
1 5.943826
1 5.943793
1 5.968246
1 5.968279
1 5.968279
1 5.968246
1 6.076381
1 6.076477
1 6.076477
1 6.076445
1 5.933065
1 5.933197
1 5.933197
1 5.933197
1 5.883532
1 5.883632
1 5.883565
1 5.883599
1 5.883666
1 5.876632
1 5.876565
1 5.876598
1 5.876565
1 5.899502
1 5.899602
1 5.899469
1 5.899535
1 6.024899
1 6.024931
1 6.024931
1 6.024866
1 6.021676
1 6.021741
1 6.021741
1 6.021774
1 6.005377
1 6.005344
1 6.005377
1 6.005181
1 5.867786
1 5.867853
1 5.867786
1 5.832068
1 5.727724
1 5.727758
1 5.72769
1 5.727758
1 5.64153
1 5.641426
1 5.641565
1 5.64146
1 5.533358
1 5.533393
1 5.533429
1 5.558095
1 5.558095
1 5.558059
1 5.558024
1 5.512031
1 5.511925
1 5.51196
1 5.511996
1 5.606577
1 5.606508
1 5.606577
1 5.606577
1 5.639098
1 5.639167
1 5.639236
1 5.639167
1 5.597062
1 5.597132
1 5.597167
1 5.597097
1 5.578543
1 5.578613
1 5.578578
1 5.578508
1 5.516864
1 5.516829
1 5.516864
1 5.516793
1 5.512849
1 5.512884
1 5.512778
1 5.512849
1 5.524887
1 5.524922
1 5.524851
1 5.524851
1 5.578789
1 5.578789
1 5.578754
1 5.578789
1 5.607417
1 5.607347
1 5.607522
1 5.607451
1 5.635899
1 5.635864
1 5.635899
1 5.635934
1 5.606473
1 5.606577
1 5.606613
1 5.606647
1 5.610281
1 5.610212
1 5.610281
1 5.610212
1 5.564121
1 5.564121
1 5.564191
1 5.564121
1 5.61552
1 5.615589
1 5.615554
1 5.630715
1 5.649618
1 5.649653
1 5.649688
1 5.649688
1 5.781436
1 5.781436
1 5.781402
1 5.781301
1 5.822448
1 5.822482
1 5.822482
1 5.822414
1 5.785367
1 5.785232
1 5.785232
1 5.7853
1 5.76497
1 5.765004
1 5.76497
1 5.746957
1 5.746957
1 5.746922
1 5.746922
1 5.770713
1 5.770747
1 5.770747
1 5.770781
1 5.744978
1 5.744978
1 5.744978
1 5.744876
1 5.747025
1 5.747025
1 5.747093
1 5.746684
1 5.746752
1 5.746684
1 5.746855
1 5.752888
1 5.75299
1 5.752922
1 5.752888
1 5.748287
1 5.748287
1 5.748321
1 5.748287
1 5.740336
1 5.740371
1 5.740336
1 5.740336
1 5.747366
1 5.747434
1 5.747332
1 5.764324
1 5.828672
1 5.828672
1 5.82864
1 5.82874
1 5.888927
1 5.888894
1 5.888894
1 5.889027
1 5.945705
1 5.938316
1 5.938382
1 5.938349
1 5.927909
1 5.927909
1 5.927909
1 5.927909
1 5.946826
1 5.946925
1 5.946826
1 5.946826
1 5.917682
1 5.917748
1 5.917715
1 5.917682
1 5.872728
1 5.872762
1 5.872695
1 5.8606
1 5.807381
1 5.807448
1 5.807415
1 5.807347
1 5.770102
1 5.770034
1 5.770034
1 5.770034
1 5.75115
1 5.751082
1 5.751082
1 5.75115
1 5.719231
1 5.719128
1 5.719094
1 5.719231
1 5.674023
1 5.674023
1 5.674092
1 5.672883
1 5.589143
1 5.589108
1 5.589212
1 5.589178
1 5.55245
1 5.552415
1 5.55245
1 5.552415
1 5.532437
1 5.532507
1 5.532402
1 5.532437
1 6.225355
1 6.225418
1 6.225418
1 6.327038
1 6.391663
1 6.391663
1 6.391663
1 6.429803
1 6.429834
1 6.429864
1 6.429834
1 6.388502
1 6.388533
1 6.38841
1 6.388502
1 6.411847
1 6.411847
1 6.411908
1 6.411908
1 6.381715
1 6.381654
1 6.381715
1 6.381715
1 6.369321
1 6.36926
1 6.369291
1 6.395343
1 17.39415
1 17.39433
1 17.3943
1 17.39412
1 17.39435
1 17.39451
1 17.39423
1 17.39436
1 17.39428
1 17.39437
1 17.39439
1 17.39425
1 5.014033
1 5.014033
1 5.014111
1 5.2955
1 5.295537
1 5.295463
1 5.295574
1 5.275109
1 5.275221
1 5.275146
1 5.275184
1 5.281606
1 5.281495
1 5.281606
1 5.281569
1 4.334088
1 4.33427
1 4.334224
1 4.334314
1 5.306995
1 5.307033
1 5.306995
1 5.307106
1 5.30212
1 5.30212
1 5.302156
1 5.302156
1 5.344158
1 5.344232
1 5.344121
1 5.344195
1 5.359463
1 5.359499
1 5.359573
1 5.367537
1 5.367537
1 5.36761
1 5.367501
1 5.329876
1 5.329802
1 5.329876
1 5.329876
1 5.349729
1 5.349765
1 5.349802
1 5.349729
1 5.60469
1 5.604515
1 5.60455
1 5.60448
1 5.675542
1 5.675577
1 5.675577
1 5.675577
1 5.915794
1 5.915827
1 5.915827
1 6.383743
1 6.383774
1 6.383774
1 6.383804
1 6.411357
1 6.411327
1 6.411357
1 6.411449
1 6.261467
1 6.261374
1 6.261343
1 6.261405
1 6.281382
1 6.281445
1 6.281351
1 6.281507
1 6.261656
1 6.261624
1 6.261687
1 6.261656
1 6.307205
1 6.307236
1 6.307236
1 6.307205
1 6.299024
1 6.299118
1 6.299118
1 6.299087
1 6.395281
1 6.395128
1 6.395159
1 6.395128
1 6.404472
1 6.404442
1 6.404503
1 6.404472
1 6.333511
1 6.333511
1 6.333542
1 6.33348
1 6.341277
1 6.341308
1 6.34137
1 6.341308
1 6.311338
1 6.311245
1 6.311276
1 6.311214
1 6.364764
1 6.364795
1 6.364795
1 6.364825
1 6.364856
1 6.364764
1 6.364795
1 6.288651
1 6.288588
1 6.288588
1 6.288619
1 6.244034
1 6.244034
1 6.244003
1 6.243939
1 6.254261
1 6.254261
1 6.254261
1 6.299211
1 6.278697
1 6.278666
1 6.278666
1 6.321396
1 6.321364
1 6.321333
1 6.321333
1 6.220913
1 6.220818
1 6.220881
1 6.220976
1 6.177459
1 6.177491
1 6.177587
1 6.177459
1 6.128007
1 6.128071
1 6.128007
1 6.128039
1 6.122182
1 6.122214
1 6.12215
1 6.111702
1 6.117441
1 6.117377
1 6.117409
1 6.140024
1 6.150679
1 6.150679
1 6.150712
1 6.150679
1 6.147491
1 6.147555
1 6.147555
1 6.171458
1 6.262846
1 6.262814
1 6.262752
1 6.262814
1 6.282038
1 6.282194
1 6.282162
1 6.282069
1 6.266945
1 6.266976
1 6.266976
1 6.267008
1 6.269259
1 6.269291
1 6.269291
1 6.235707
1 6.190426
1 6.190521
1 6.190426
1 6.198528
1 6.186244
1 6.186213
1 6.186244
1 6.225355
1 6.225355
1 6.225355
1 6.225355
1 6.245981
1 6.245981
1 6.246012
1 6.246043
1 6.178506
1 6.178634
1 6.17857
1 6.178602
1 6.132357
1 6.132389
1 6.132325
1 6.132325
1 6.066823
1 6.066759
1 6.066823
1 6.066823
1 6.015585
1 6.015553
1 6.015585
1 6.015585
1 5.95753
1 5.957562
1 5.957464
1 5.957464
1 5.965487
1 5.965487
1 5.965487
1 5.965454
1 5.975337
1 5.975271
1 5.975304
1 5.975337
1 5.93825
1 5.938217
1 5.938283
1 5.938283
1 5.973302
1 5.973335
1 5.973368
1 5.973368
1 5.994236
1 5.994268
1 5.994236
1 6.01539
1 6.052103
1 6.052071
1 6.052071
1 6.090913
1 6.090913
1 6.090816
1 6.090946
1 6.091042
1 6.091042
1 6.091042
1 6.090978
1 6.141302
1 6.141302
1 6.141334
1 6.141302
1 6.157497
1 6.157529
1 6.157401
1 6.15756
1 6.148703
1 6.148703
1 6.148767
1 6.069149
1 6.069085
1 6.069117
1 6.069214
1 6.454397
1 6.454397
1 6.454488
1 6.454458
1 6.553229
1 6.55314
1 6.553319
1 6.553199
1 6.501045
1 6.501075
1 6.501045
1 6.501045
1 6.428462
1 6.428462
1 6.428431
1 6.428339
1 6.451237
1 6.451176
1 6.451176
1 6.451237
1 6.402666
1 6.402635
1 6.402635
1 6.402666
1 6.464566
1 6.464657
1 6.464687
1 6.464506
1 6.910662
1 6.910662
1 6.910634
1 6.910662
1 6.719336
1 6.719248
1 6.719306
1 6.719306
1 6.678202
1 6.678261
1 6.678202
1 6.678261
1 6.731845
1 6.731874
1 6.731845
1 6.731933
1 6.701186
1 6.701274
1 6.701244
1 6.701244
1 6.701684
1 6.7018
1 6.701742
1 6.7018
1 6.693572
1 6.693543
1 6.693543
1 17.39425
1 17.39414
1 17.39419
1 17.39435
1 17.39429
1 6.163671
1 6.163607
1 6.163702
1 6.163575
1 17.39433
1 17.39429
1 17.39436
1 17.39428
1 11.23889
1 11.23889
1 11.2389
1 11.2389
1 11.29787
1 11.29784
1 11.29789
1 6.908959
1 6.897395
1 6.897452
1 6.897452
1 6.8673
1 6.869698
1 6.869612
1 6.869612
1 6.815955
1 6.890196
1 6.890168
1 6.890168
1 6.874664
1 6.98845
1 6.988422
1 6.988366
1 7.000201
1 6.979912
1 6.979828
1 6.979884
1 7.038933
1 7.038933
1 7.038961
1 7.038961
1 7.009778
1 7.00989
1 7.009834
1 7.009862
1 7.035755
1 7.035671
1 7.035755
1 7.035671
1 7.113616
1 7.113588
1 7.113561
1 7.113616
1 7.116401
1 7.116401
1 7.116401
1 7.058331
1 7.058414
1 7.058414
1 7.058331
1 6.881138
1 6.881109
1 6.881081
1 6.881109
1 6.811493
1 6.811609
1 6.81158
1 6.70803
1 6.708002
1 6.708118
1 6.70806
1 6.778531
1 6.77856
1 6.778502
1 6.778502
1 6.729602
1 6.729602
1 6.729572
1 6.729602
1 5.347384
1 5.347384
1 5.347311
1 5.347127
1 5.637881
1 5.637846
1 5.637916
1 5.713608
1 5.713608
1 5.713608
1 5.713608
1 5.77991
1 5.780114
1 5.780012
1 5.78008
1 5.916821
1 5.916788
1 5.916854
1 5.947123
1 6.099951
1 6.099854
1 6.099919
1 6.099983
1 6.233192
1 6.233318
1 6.23316
1 6.236871
1 6.203871
1 6.203871
1 6.203934
1 6.013369
1 6.013304
1 6.013402
1 6.013337
1 5.828672
1 5.828606
1 5.828606
1 5.82864
1 5.806132
1 5.806132
1 5.806065
1 5.806132
1 5.946332
1 5.946332
1 5.946365
1 5.946266
1 6.328556
1 6.328588
1 6.328556
1 5.619462
1 5.619322
1 5.619357
1 5.619392
1 5.72964
1 5.729605
1 5.729605
1 5.804343
1 5.973532
1 5.973532
1 5.973335
1 5.973499
1 6.114556
1 6.114684
1 6.114652
1 6.114588
1 6.048053
1 6.048085
1 6.048053
1 6.048085
1 17.29464
1 17.29458
1 17.29456
1 17.29461
1 4.469666
1 4.469579
1 4.469579
1 4.790684
1 4.790643
1 4.790684
1 4.790602
1 4.933639
1 4.933639
1 4.93356
1 5.126635
1 5.291391
1 5.291539
1 5.291428
1 5.469953
1 5.470061
1 5.469953
1 5.469989
1 5.382922
1 5.382885
1 5.382849
1 5.382885
1 5.469595
1 5.469595
1 5.469559
1 5.97002
1 5.970053
1 5.97002
1 5.970053
1 6.104577
1 6.104609
1 6.104609
1 6.104545
1 6.2297
1 6.229637
1 6.229605
1 6.331406
1 6.33153
1 6.331437
1 6.331468
1 17.39428
1 17.39425
1 17.39426
1 17.39423
1 4.969446
1 4.969368
1 4.969407
1 4.969328
1 4.969407
1 5.078213
1 5.158183
1 5.158107
1 5.158183
1 5.158259
1 5.041971
1 5.041971
1 5.042049
1 5.041933
1 5.052995
1 5.053034
1 5.052957
1 5.016142
1 5.016142
1 5.016142
1 5.016142
1 5.427767
1 5.427731
1 5.427587
1 5.427767
1 5.43318
1 5.433216
1 5.433144
1 5.433216
1 5.39474
1 5.39474
1 5.394776
1 5.394813
1 5.387216
1 5.387288
1 5.387252
1 5.387288
1 5.395467
1 5.395539
1 5.395612
1 5.45007
1 5.450106
1 5.450213
1 5.45007
1 5.487695
1 5.487837
1 5.487802
1 5.48773
1 5.535766
1 5.535695
1 5.53573
1 5.53573
1 5.614228
1 5.614193
1 5.614193
1 5.614193
1 5.721561
1 5.72163
1 5.721561
1 5.72163
1 5.836201
1 5.836201
1 5.836234
1 5.836268
1 5.792139
1 5.792173
1 5.792106
1 5.792173
1 5.681652
1 5.68172
1 5.681617
1 5.618834
1 5.618694
1 5.618834
1 5.618799
1 5.514946
1 5.514839
1 5.514768
1 5.514768
1 5.387761
1 5.387834
1 5.387871
1 5.387797
1 6.849311
1 6.849339
1 6.849339
1 6.849311
1 7.059664
1 7.059664
1 7.059637
1 7.059664
1 7.119102
1 7.119184
1 7.119074
1 7.158837
1 7.158865
1 7.158783
1 7.158865
1 7.115822
1 7.115767
1 7.115877
1 7.115822
1 7.073211
1 7.073239
1 7.073239
1 7.073184
1 7.041412
1 7.04144
1 7.041468
1 7.041468
1 7.036229
1 7.036229
1 7.036229
1 7.036284
1 7.07041
1 7.070382
1 7.070493
1 7.079116
1 7.060581
1 7.060581
1 7.060554
1 7.101527
1 7.101554
1 7.101499
1 7.101471
1 7.132949
1 7.132866
1 7.132812
1 7.132839
1 7.079255
1 7.079144
1 7.079227
1 7.079255
1 7.057524
1 7.057524
1 7.05758
1 7.057552
1 6.887178
1 6.887207
1 6.887207
1 6.887264
1 6.844871
1 6.845014
1 6.844956
1 6.844985
1 6.896769
1 6.896826
1 6.896883
1 6.896826
1 6.96472
1 6.964748
1 6.964664
1 6.964664
1 7.033496
1 7.033441
1 7.033441
1 7.033496
1 7.036926
1 7.036898
1 7.036982
1 7.036926
1 7.148718
1 7.148636
1 7.148609
1 7.148664
1 7.159057
1 7.159002
1 7.159029
1 7.159029
1 7.155274
1 7.155219
1 7.155192
1 7.155192
1 7.15308
1 7.153163
1 7.153053
1 7.153135
1 7.003479
1 7.003451
1 7.003479
1 7.003479
1 6.986345
1 6.986289
1 6.986345
1 6.986317
1 6.711771
1 6.711684
1 6.711684
1 6.711801
1 6.323939
1 6.323845
1 6.323907
1 6.323907
1 6.339453
1 6.339422
1 6.339483
1 6.339453
1 6.29373
1 6.293793
1 6.293762
1 6.29373
1 6.332985
1 6.332954
1 6.332985
1 6.371015
1 6.371015
1 6.371015
1 6.370983
1 5.694435
1 5.694504
1 5.694607
1 5.694607
1 4.277916
1 4.277961
1 4.27787
1 4.27787
1 17.39437
1 17.39435
1 17.39421
1 3.657787
1 3.65768
1 3.65768
1 3.65768
1 4.840638
1 4.840638
1 4.840679
1 4.840638
1 4.843026
1 4.843107
1 4.843107
1 4.843107
1 4.816255
1 4.816255
1 4.816336
1 4.816255
1 4.855509
1 4.85559
1 4.855509
1 4.855509
1 4.943834
1 4.943874
1 4.943834
1 4.943794
1 4.947676
1 4.947676
1 4.947755
1 5.008207
1 5.008207
1 5.008207
1 5.008129
1 4.918925
1 4.918885
1 4.918845
1 4.918845
1 5.013134
1 5.013251
1 5.013056
1 5.013095
1 22.17813
1 22.17818
1 22.17815
1 22.17822
1 22.24166
1 22.24167
1 22.24166
1 22.2416
1 22.17764
1 22.17759
1 22.17763
1 22.17764
1 21.71476
1 21.71474
1 21.71471
1 21.71468
1 26.60849
1 26.60847
1 26.60839
1 26.60851
1 20.40388
1 20.40391
1 20.40391
1 20.40393
1 20.44452
1 20.4445
1 20.44449
1 20.4445
1 26.58815
1 26.58808
1 26.5882
1 26.58817
1 11.72306
1 11.72301
1 11.72309
1 11.72301
1 11.61562
1 11.61566
1 11.61559
1 11.61561
1 2.606243
1 2.606168
1 2.606243
1 2.606018
1 2.614791
1 2.614566
1 2.614566
1 2.614566
1 2.605717
1 2.605717
1 2.605868
1 2.605868
1 2.604741
1 2.604891
1 2.604741
1 2.604816
1 2.540834
1 2.540603
1 2.540603
1 2.540603
1 2.517462
1 2.517617
1 2.51754
1 2.517695
1 2.229497
1 2.229322
1 2.229234
1 2.229322
1 11.40622
1 11.40633
1 11.40629
1 2.384006
1 2.38417
1 2.384088
1 2.38417
1 2.396207
1 2.396207
1 2.396126
1 2.396289
1 2.324395
1 2.324479
1 2.324227
1 2.324311
1 2.326751
1 2.326836
1 2.326668
1 2.288157
1 2.181398
1 2.181398
1 2.181398
1 2.181398
1 2.097232
1 2.096952
1 2.097232
1 2.096859
1 1.863932
1 1.863932
1 1.864037
1 0.8943809
1 0.8945997
1 0.8945997
1 0.8945997
1 0.8341562
1 0.8346253
1 0.8346253
1 0.8346253
1 0.6952065
1 0.6952065
1 0.6952065
1 0.6954879
1 0.6103771
1 0.6100564
1 0.6097356
1 0.6097356
1 0.5757331
1 0.5753932
1 0.575053
1 0.5753932
1 0.4643598
1 0.4652019
1 0.464781
1 0.464781
1 0.3961419
1 0.3966355
1 0.3966355
1 0.3971285
1 0.3032579
1 0.3039024
1 0.3032579
1 0.302612
1 0.3064671
1 0.3071049
1 0.3058279
1 0.2586879
1 0.2571706
1 0.2579304
1 0.2571706
1 0.1978235
1 0.1978235
1 0.1968319
1 0.1958353
1 0.06852804
1 0.06852804
1 0.07132626
1 0.07132626
1 0.04423466
1 0.03426402
1 0.03956468
1 0.02797646
1 0.05595291
1 0.03956468
1 0.04423466
1 0.04423466
1 0.08392937
1 0.08392937
1 0.08392937
1 0.08392937
1 0.1083524
1 0.1083524
1 0.1083524
1 0.1083524
1 0.07401875
1 0.07661668
1 0.07401875
1 0.183454
1 0.1845175
1 0.183454
1 0.183454
1 0.2102893
1 0.20842
1 0.2093567
1 0.2093567
1 0.14537
1 0.1467098
1 0.1467098
1 0.14537
1 0.2055842
1 0.2055842
1 0.2055842
1 0.2074791
1 0.2846186
1 0.2839303
1 0.2839303
1 0.2846186
1 0.2866737
1 0.2859903
1 0.2873554
1 0.2873554
1 0.2825486
1 0.2846186
1 0.2846186
1 0.2839303
1 0.2762456
1 0.2762456
1 0.2755364
1 0.2776587
1 0.2804634
1 0.2818553
1 0.2811602
1 0.2825486
1 0.3310224
1 0.3310224
1 0.3310224
1 0.3310224
1 0.2315465
1 0.2315465
1 0.2315465
1 0.2306999
1 0.2281412
1 0.2289973
1 0.2289973
1 0.2281412
1 0.268341
1 0.2705197
1 0.2690692
1 0.2705197
1 0.3000144
1 0.301316
1 0.301316
1 0.301316
1 0.2866737
1 0.2866737
1 0.2859903
1 0.2846186
1 0.2571706
1 0.2579304
1 0.2586879
1 0.8397673
1 0.8393012
1 0.8395343
1 0.8400003
1 19.31331
1 19.31332
1 19.31325
1 19.31328
1 4.404289
1 4.404244
1 4.404244
1 4.203095
1 4.203002
1 4.202956
1 4.203002
1 4.072561
1 4.072561
1 4.072561
1 4.072561
1 4.026425
1 4.026425
1 4.026474
1 4.026523
1 4.032258
1 4.032306
1 4.032306
1 4.032306
1 4.128772
1 4.128867
1 4.128819
1 4.128867
1 4.220208
1 4.220301
1 4.220347
1 4.220254
1 4.216866
1 4.216819
1 4.216819
1 4.216958
1 4.550877
1 4.550877
1 4.55092
1 4.55092
1 4.848201
1 4.848281
1 4.848281
1 4.848241
1 4.955748
1 4.955748
1 4.955787
1 4.955708
1 4.919482
1 4.919482
1 4.919403
1 4.919443
1 4.866713
1 4.866793
1 4.866753
1 4.866833
1 4.822433
1 4.822392
1 4.822474
1 4.870495
1 4.870415
1 4.870455
1 4.870415
1 4.864538
1 4.864538
1 4.864538
1 5.073543
1 5.25464
1 5.25464
1 5.254714
1 5.254677
1 5.344781
1 5.344818
1 5.344818
1 5.282459
1 5.282348
1 5.282422
1 5.282422
1 5.204394
1 5.204357
1 5.204432
1 5.204357
1 5.145785
1 5.145823
1 5.145899
1 5.145823
1 5.111746
1 5.111823
1 5.111631
1 5.111746
1 5.111708
1 5.111746
1 5.111746
1 5.056212
1 4.904246
1 4.904286
1 4.904246
1 4.887881
1 4.763125
1 4.763084
1 4.763084
1 4.763084
1 4.721446
1 4.721446
1 4.721404
1 4.721446
1 4.633457
1 4.633373
1 4.633415
1 4.633373
1 4.588298
1 4.588341
1 4.588255
1 4.588298
1 4.504631
1 4.504674
1 4.504674
1 4.504674
1 4.475578
1 4.475622
1 4.475534
1 4.529002
1 4.528959
1 4.529002
1 4.529002
1 4.529002
1 4.550747
1 4.55079
1 4.55079
1 4.55079
1 4.608957
1 4.609
1 4.608957
1 4.609
1 4.62491
1 4.624994
1 4.624952
1 4.658081
1 4.533541
1 4.533584
1 4.533628
1 4.533541
1 4.575687
1 4.575559
1 4.575773
1 4.57573
1 4.514621
1 4.514664
1 4.514751
1 4.443119
1 4.467957
1 4.468044
1 4.468088
1 4.400017
1 4.399928
1 4.400062
1 4.399928
1 4.358423
1 4.358333
1 4.358333
1 4.358333
1 4.322459
1 4.322595
1 4.322595
1 4.304251
1 4.311344
1 4.311344
1 4.311298
1 4.284732
1 4.38307
1 4.38307
1 4.383159
1 4.38307
1 4.367087
1 4.366998
1 4.366908
1 4.366998
1 4.344605
1 4.34474
1 4.344605
1 4.344605
1 4.344605
1 4.272556
1 4.272647
1 4.272647
1 4.272602
1 4.298059
1 4.298013
1 4.298059
1 4.298059
1 4.246531
1 4.246485
1 4.246439
1 4.246624
1 4.255929
1 4.256021
1 4.255975
1 4.255929
1 4.206961
1 4.206775
1 4.206961
1 4.206821
1 4.281622
1 4.281622
1 4.281714
1 4.265123
1 4.308162
1 4.308072
1 4.308208
1 4.292769
1 4.299607
1 4.299653
1 4.299516
1 4.299607
1 4.270859
1 4.271043
1 4.270951
1 4.270997
1 4.301611
1 4.301657
1 4.301747
1 4.301611
1 4.273106
1 4.273014
1 4.27306
1 4.273106
1 4.322505
1 4.32255
1 4.322686
1 4.286925
1 4.286971
1 4.286834
1 4.286925
1 4.295506
1 4.295688
1 4.295551
1 4.295643
1 4.171713
1 4.17176
1 4.171713
1 4.171666
1 4.141984
1 4.142032
1 4.141795
1 4.141795
1 4.078616
1 4.078712
1 4.078663
1 4.078663
1 4.030412
1 4.030412
1 4.03046
1 4.104414
1 4.10451
1 4.104462
1 4.10451
1 4.083798
1 4.083893
1 4.083942
1 4.083846
1 4.114279
1 4.114136
1 4.114089
1 4.139146
1 4.106704
1 4.106751
1 4.106704
1 4.104701
1 4.117229
1 4.117324
1 4.117182
1 4.117372
1 4.12317
1 4.123266
1 4.12317
1 4.12317
1 4.115088
1 4.115088
1 4.114945
1 4.114993
1 4.412197
1 4.412197
1 4.412241
1 4.412197
1 4.764071
1 4.764194
1 4.764071
1 4.764153
1 4.78917
1 4.789211
1 4.78917
1 4.683245
1 4.683203
1 4.683245
1 4.683203
1 4.645743
1 4.645785
1 4.645743
1 4.645743
1 4.61571
1 4.615752
1 4.615752
1 4.615752
1 4.581078
1 4.58112
1 4.58112
1 4.581206
1 4.538593
1 4.53868
1 4.53868
1 4.538723
1 4.585779
1 4.585651
1 4.585736
1 4.585693
1 4.596829
1 4.596829
1 4.596829
1 4.596914
1 4.6335
1 4.633415
1 4.6335
1 4.603514
1 4.634936
1 4.634979
1 4.634936
1 4.634979
1 4.533541
1 4.533498
1 4.533541
1 4.533498
1 4.090984
1 4.090889
1 4.09108
1 4.090937
1 4.00878
1 4.00878
1 4.008829
1 4.008829
1 3.964572
1 3.964424
1 3.964473
1 3.964424
1 3.909811
1 3.909761
1 3.909711
1 3.909711
1 3.814337
1 3.814389
1 3.814389
1 3.814337
1 3.748835
1 3.748887
1 3.748783
1 3.748939
1 3.675197
1 3.675143
1 3.675197
1 3.675143
1 3.530252
1 3.530252
1 3.530307
1 3.530196
1 3.461701
1 3.461758
1 3.461758
1 3.461701
1 4.019611
1 4.019562
1 4.01966
1 4.019611
1 4.558918
1 4.559004
1 4.558918
1 4.626434
1 4.696652
1 4.696527
1 4.696611
1 4.696694
1 4.787534
1 4.78737
1 4.787329
1 4.787411
1 4.789456
1 4.789497
1 4.789497
1 4.789538
1 4.764565
1 4.764565
1 4.764565
1 4.764606
1 4.693273
1 4.693148
1 4.693148
1 4.756252
1 19.00852
1 19.0085
1 19.00853
1 19.00845
1 19.04715
1 19.04729
1 19.04723
1 5.051018
1 4.780367
1 4.780367
1 4.780408
1 4.780367
1 4.447965
1 4.447965
1 4.447921
1 18.98402
1 27.64343
1 27.6435
1 27.64344
1 24.71056
1 22.41896
1 22.41894
1 22.41913
1 27.64346
1 27.64336
1 27.64338
1 27.64347
1 27.64343
1 20.40531
1 20.40529
1 20.40519
1 20.4052
1 18.64535
1 18.6454
1 18.6454
1 18.64533
1 18.68957
1 18.68976
1 18.68977
1 18.68978
1 1.297243
1 1.297092
1 1.297092
1 1.358835
1 0.9835745
1 0.9839723
1 0.9835745
1 1.032303
1 1.354075
1 1.354364
1 1.354219
1 1.495279
1 1.545477
1 1.545477
1 1.545604
1 1.647701
1 1.647701
1 1.647583
1 1.647701
1 18.94574
1 18.94555
1 18.9457
1 18.94547
1 7.4685
1 7.468448
1 7.468553
1 7.468369
1 7.608677
1 7.608652
1 7.608728
1 18.86528
1 18.82732
1 18.8273
1 18.82714
1 18.82724
1 6.431541
1 6.43151
1 6.43148
1 6.43148
1 6.017475
1 6.017573
1 6.017508
1 5.901662
1 5.68834
1 5.688305
1 5.688202
1 5.647467
1 5.58216
1 5.582125
1 5.582231
1 5.582125
1 5.364507
1 5.364433
1 5.364433
1 5.36447
1 5.26641
1 5.266298
1 5.26641
1 5.09766
1 5.09766
1 5.097699
1 5.09766
1 4.882868
1 4.882868
1 4.882828
1 4.882828
1 4.730109
1 4.730275
1 4.730316
1 4.609807
1 4.609764
1 4.609807
1 4.609892
1 4.678223
1 4.678181
1 4.678097
1 4.678181
1 4.699905
1 4.699905
1 4.699988
1 4.699988
1 4.705029
1 4.704987
1 4.704945
1 4.70507
1 4.777908
1 4.778031
1 4.77799
1 4.778113
1 4.791051
1 4.790929
1 4.791092
1 4.791174
1 4.707983
1 4.707983
1 4.707983
1 4.735779
1 4.734207
1 4.734248
1 4.734166
1 4.69707
1 4.696986
1 4.696861
1 4.697028
1 4.619061
1 4.619146
1 4.619019
1 4.619061
1 4.735407
1 4.735365
1 4.735365
1 4.735448
1 4.737805
1 4.737723
1 4.737764
1 4.737723
1 4.782826
1 4.782826
1 4.782703
1 4.782826
1 4.782785
1 4.782744
1 4.782744
1 4.782826
1 4.782826
1 4.782744
1 4.782826
1 4.782826
1 4.768222
1 4.677721
1 4.642875
1 4.64296
1 4.643002
1 4.642833
1 4.642918
1 4.696903
1 4.696861
1 4.696819
1 4.696903
1 4.644141
1 4.644183
1 4.644183
1 4.644225
1 4.628424
1 4.628339
1 4.628381
1 4.628381
1 4.606959
1 4.606916
1 4.606959
1 4.607044
1 4.567975
1 4.567889
1 4.567889
1 4.567889
1 4.50876
1 4.508717
1 4.50876
1 4.508803
1 4.400017
1 4.399884
1 4.400017
1 4.399884
1 4.337702
1 4.337657
1 4.337612
1 4.337612
1 4.325358
1 4.325268
1 4.325404
1 4.325358
1 4.263746
1 4.263791
1 4.2637
1 4.263746
1 4.252569
1 4.25243
1 4.25243
1 4.255239
1 4.160995
1 4.160902
1 4.160948
1 4.161042
1 4.205099
1 4.205005
1 4.205145
1 4.205005
1 4.203515
1 4.203468
1 4.203561
1 4.203468
1 4.221507
1 4.221507
1 4.221368
1 4.221414
1 4.271776
1 4.27173
1 4.271822
1 4.271776
1 5.228959
1 5.229071
1 5.228997
1 5.228959
1 5.426431
1 5.426359
1 5.426431
1 5.426395
1 5.40646
1 5.406497
1 5.40646
1 5.350974
1 5.350828
1 5.350937
1 5.350937
1 5.295759
1 5.295648
1 5.295648
1 5.295648
1 5.217668
1 5.217668
1 5.217592
1 5.21763
1 5.146889
1 5.147003
1 5.147003
1 5.22656
1 5.22656
1 5.226597
1 5.226523
1 19.08939
1 19.08942
1 19.08949
1 19.08952
1 10.67254
1 10.67249
1 10.67252
1 10.67256
1 10.48914
1 10.48913
1 10.48911
1 10.48913
1 27.64352
1 27.6435
1 27.64346
1 18.60338
1 18.72549
1 18.72544
1 18.72552
1 18.72548
1 18.8154
1 18.81534
1 18.81553
1 18.8154
1 4.593077
1 4.593205
1 4.593077
1 4.59312
1 4.444045
1 4.444088
1 4.444088
1 4.444221
1 4.447834
1 4.447877
1 4.448009
1 4.448318
1 4.448229
1 4.448318
1 4.448229
1 4.46572
1 4.46572
1 4.465632
1 4.46572
1 4.41659
1 4.416501
1 4.41659
1 4.416723
1 4.293955
1 4.294001
1 4.29391
1 4.29391
1 4.263286
1 4.263378
1 4.263378
1 4.263286
1 4.221043
1 4.221136
1 4.221136
1 4.220997
1 4.239977
1 4.240024
1 4.239977
1 4.240024
1 4.186802
1 4.186802
1 4.186802
1 4.186849
1 4.199786
1 4.199693
1 4.199739
1 4.137443
1 4.137395
1 4.137443
1 4.137348
1 4.043897
1 4.0438
1 4.0438
1 4.043849
1 3.96136
1 3.961409
1 3.961459
1 4.792727
1 4.792809
1 4.79285
1 4.79285
1 4.792891
1 5.315518
1 5.315592
1 5.315555
1 5.412546
1 5.412582
1 5.412582
1 5.412582
1 5.393105
1 5.393178
1 5.393069
1 5.393141
1 5.264996
1 5.264959
1 5.264922
1 5.264922
1 5.255945
1 5.255982
1 5.256019
1 5.255982
1 5.308362
1 5.308324
1 5.308435
1 5.399605
1 5.399678
1 5.399678
1 5.399605
1 5.35555
1 5.355586
1 5.355513
1 5.355586
1 16.65736
1 16.65746
1 16.65733
1 16.65736
1 27.64349
1 27.64347
1 27.64342
1 27.64354
1 19.55683
1 19.5568
1 19.55683
1 19.56321
1 19.5632
1 19.56325
1 19.56329
1 19.60955
1 19.60942
1 19.60969
1 19.67122
1 19.65805
1 19.65806
1 19.65824
1 19.63824
1 19.63825
1 19.63826
1 19.63828
1 19.3606
1 19.36057
1 19.36043
1 19.36055
1 19.29173
1 19.2918
1 19.29181
1 19.29174
1 19.23556
1 19.23556
1 19.23566
1 19.13139
1 19.13141
1 19.13136
1 19.13136
1 19.05067
1 19.05052
1 19.05052
1 19.05065
1 19.09966
1 19.09959
1 19.09952
1 19.03292
1 6.187575
1 6.187543
1 6.18767
1 6.187638
1 6.264661
1 6.264504
1 6.264504
1 6.264598
1 6.340226
1 6.340257
1 6.340319
1 6.340226
1 6.169902
1 6.169997
1 6.169869
1 6.169902
1 6.22378
1 6.223875
1 6.223843
1 6.22378
1 7.810751
1 7.810725
1 7.810725
1 7.810801
1 19.26308
1 19.26312
1 19.26317
1 19.2631
1 19.20992
1 19.21002
1 19.20993
1 19.2098
1 5.314486
1 5.314486
1 5.314412
1 5.314338
1 5.179222
1 5.179146
1 5.179184
1 5.179146
1 5.119559
1 5.119598
1 5.119598
1 5.119636
1 4.882507
1 4.882547
1 4.882547
1 4.882507
1 4.862242
1 4.862162
1 4.862081
1 4.862
1 4.862242
1 4.85123
1 4.85115
1 4.85119
1 7.990038
1 7.990063
1 7.990038
1 7.98999
1 7.990063
1 8.032724
1 8.032724
1 8.0327
1 8.032675
1 5.962759
1 5.962726
1 5.962693
1 5.962726
1 6.14545
1 6.145577
1 6.145354
1 6.179173
1 6.247393
1 6.247487
1 6.24755
1 6.247362
1 6.278135
1 6.278041
1 6.278198
1 6.278135
1 6.220251
1 6.220157
1 6.220125
1 6.22022
1 6.000479
1 6.000512
1 6.000512
1 6.000446
1 5.908301
1 5.908334
1 5.908267
1 5.908367
1 5.730939
1 5.730939
1 5.730906
1 5.731008
1 5.313195
1 5.313195
1 5.313047
1 5.313121
1 5.157613
1 5.157613
1 5.157651
1 5.143842
1 4.800814
1 4.800732
1 4.800814
1 4.697361
1 4.72439
1 4.724266
1 4.724308
1 4.724432
1 4.652148
1 4.652021
1 4.652064
1 4.652106
1 4.77081
1 4.770769
1 4.770851
1 4.823611
1 4.874596
1 4.874475
1 4.874596
1 4.874636
1 4.726048
1 4.726131
1 4.726048
1 4.726007
1 4.647767
1 4.647935
1 4.64764
1 4.647725
1 4.761644
1 4.761562
1 4.761562
1 4.761603
1 19.15304
1 19.15314
1 19.15305
1 19.15315
1 27.64341
1 27.64344
1 27.64332
1 27.64343
1 10.03852
1 10.03852
1 10.03846
1 10.0385
1 4.056468
1 4.056565
1 4.056565
1 4.056565
1 4.104844
1 4.104891
1 4.104844
1 4.104748
1 4.19442
1 4.194326
1 4.194326
1 4.194466
1 4.234431
1 4.234385
1 4.234385
1 4.234431
1 4.247777
1 4.247638
1 4.247638
1 4.247684
1 4.449198
1 4.449022
1 4.449154
1 4.44911
1 4.654842
1 4.654842
1 4.654884
1 4.6548
1 5.051018
1 5.051056
1 5.050901
1 5.050862
1 5.289169
1 5.289206
1 5.289169
1 5.289021
1 5.28928
1 5.289317
1 5.289243
1 5.289243
1 5.166457
1 5.166457
1 5.166457
1 5.166419
1 4.816295
1 4.816336
1 4.816255
1 4.816376
1 4.789047
1 4.789006
1 4.788966
1 4.704862
1 4.507847
1 4.507761
1 4.507804
1 4.507847
1 4.189701
1 4.189608
1 4.189654
1 4.189561
1 4.023944
1 4.024042
1 4.023847
1 4.023944
1 8.052495
1 8.052471
1 8.052423
1 8.052471
1 27.64344
1 27.64346
1 27.64352
1 27.6435
1 19.24814
1 19.24817
1 19.24814
1 19.24818
1 3.373768
1 3.373884
1 3.373826
1 3.373826
1 3.594666
1 3.594666
1 3.594666
1 3.542266
1 3.767644
1 3.767696
1 3.767644
1 3.746745
1 3.746798
1 3.746745
1 3.746798
1 3.732871
1 3.732765
1 3.732818
1 3.732713
1 4.723063
1 4.723146
1 4.723146
1 4.723146
1 8.578354
1 8.578377
1 8.578331
1 8.578445
1 8.60083
1 8.600922
1 8.6009
1 8.600922
1 5.233379
1 5.233416
1 5.233416
1 5.233491
1 5.084421
1 5.084305
1 5.084229
1 5.084305
1 4.912468
1 4.912508
1 4.912628
1 4.912588
1 4.912468
1 4.912428
1 4.912508
1 4.912548
1 4.848807
1 4.848928
1 4.848887
1 4.848847
1 4.801875
1 4.801916
1 4.801916
1 4.801875
1 4.776186
1 4.776186
1 4.776145
1 4.776227
1 4.710604
1 4.710646
1 4.710521
1 4.710646
1 4.729074
1 4.729032
1 4.729156
1 4.729156
1 4.648694
1 4.648778
1 4.648736
1 4.648736
1 4.668834
1 4.668834
1 4.668876
1 4.668918
1 4.647008
1 4.646966
1 4.646882
1 4.646924
1 4.642453
1 4.642411
1 4.642453
1 4.642538
1 4.583941
1 4.583899
1 4.583856
1 4.583899
1 4.578298
1 4.578383
1 4.578383
1 4.578383
1 4.584283
1 4.584241
1 4.584283
1 4.584113
1 4.539068
1 4.539068
1 4.539111
1 4.539111
1 4.556297
1 4.556211
1 4.556168
1 4.556297
1 4.582531
1 4.582574
1 4.582617
1 4.58266
1 5.076477
1 5.076592
1 5.076592
1 5.076592
1 5.705232
1 5.705094
1 5.705129
1 5.705232
1 5.670809
1 5.670809
1 5.670844
1 5.670878
1 5.54892
1 5.54899
1 5.548954
1 5.548954
1 5.54892
1 5.586722
1 5.586688
1 5.586722
1 5.586688
1 5.488194
1 5.488051
1 5.488123
1 5.488051
1 18.8295
1 18.82946
1 18.82949
1 18.82968
1 16.61627
1 16.61626
1 16.61627
1 16.61624
1 39.52903
1 39.52906
1 39.52903
1 39.52905
1 27.64344
1 27.64347
1 27.64354
1 27.64356
1 27.64353
1 27.64347
1 27.64348
1 27.64345
1 27.64354
1 4.951832
1 4.951872
1 4.951872
1 4.951991
1 5.598322
1 5.598322
1 5.598392
1 5.598252
1 5.853739
1 5.853773
1 5.853806
1 6.163416
1 6.163416
1 6.163479
1 6.163416
1 6.244411
1 6.244442
1 6.244536
1 6.244473
1 6.132932
1 6.132836
1 6.132996
1 6.132932
1 6.034327
1 6.034391
1 6.034327
1 6.034327
1 27.64355
1 27.64347
1 27.64343
1 27.64351
1 27.64347
1 27.64341
1 27.64347
1 27.64343
1 0.9516218
1 0.9514161
1 0.9512104
1 0.9514161
1 0.7853427
1 0.7848442
1 0.7853427
1 0.7855918
1 0.4519747
1 0.4519747
1 0.4519747
1 0.4524074
1 0.2229358
1 0.2246844
1 0.2246844
1 0.2255535
1 0.1493534
1 0.1493534
1 0.1506579
1 0.1493534
1 0.302612
1 0.301316
1 0.3032579
1 0.301316
1 0.2121421
1 0.2121421
1 0.2121421
1 0.2112177
1 0.23239
1 0.2315465
1 0.23239
1 0.20842
1 0.2185032
1 0.220287
1 0.2193969
1 0.220287
1 0.07912937
1 0.07401875
1 0.07912937
1 0.07661668
1 0.1519511
1 0.1532334
1 0.1506579
1 0.1545051
1 0.2130625
1 0.2158
1 0.2139789
1 0.2148914
1 0.6036074
1 0.6026341
1 0.6036074
1 0.6032831
1 11.91762
1 11.91762
1 11.91754
1 12.08189
1 1.892792
1 1.892999
1 1.892895
1 1.892999
1 1.982088
1 1.981989
1 1.981891
1 2.103568
1 2.143841
1 2.143841
1 2.144115
1 2.143841
1 2.213109
1 2.213197
1 2.213109
1 2.213109
1 2.215849
1 2.21576
1 2.215672
1 2.21576
1 2.163651
1 2.163651
1 2.163832
1 2.163651
1 2.187133
1 2.187222
1 2.187133
1 2.187133
1 2.172227
1 2.172318
1 2.172408
1 2.172318
1 2.283534
1 2.283534
1 2.283448
1 2.283362
1 2.283362
1 2.201937
1 2.201849
1 2.201937
1 2.201937
1 2.177806
1 2.177717
1 2.177896
1 2.177896
1 2.158217
1 2.158217
1 2.158217
1 2.158308
1 2.104126
1 2.104312
1 2.104219
1 2.104312
1 2.082811
1 2.082999
1 2.082811
1 2.082999
1 2.164375
1 2.164375
1 2.164465
1 2.164375
1 2.24411
1 2.244023
1 2.243935
1 2.24411
1 2.326415
1 2.326668
1 2.326668
1 2.326668
1 2.333807
1 2.333723
1 2.333723
1 2.278042
1 2.277784
1 2.27787
1 2.277956
1 2.185253
1 2.185163
1 2.185343
1 2.185343
1 2.144023
1 2.143841
1 2.143932
1 2.148765
1 2.148765
1 2.148674
1 2.148765
1 2.12532
1 2.125228
1 2.125228
1 2.125228
1 2.181757
1 2.181847
1 2.181757
1 2.181847
1 2.255246
1 2.255246
1 2.255246
1 2.255159
1 2.2147
1 2.214523
1 2.214788
1 2.135334
1 2.177267
1 2.177267
1 2.177357
1 2.156039
1 20.19722
1 20.19721
1 20.19714
1 20.19721
1 19.74019
1 19.7403
1 19.74039
1 19.74019
1 1.335155
1 1.335448
1 1.335595
1 1.335302
1 0.9636774
1 0.9640834
1 0.9638805
1 0.9638805
1 0.6587883
1 0.6590852
1 0.6587883
1 0.6590852
1 0.6798376
1 0.6789736
1 0.6798376
1 0.6792617
1 0.5757331
1 0.5757331
1 0.5760729
1 0.5695826
1 0.6271377
1 0.6271377
1 0.6271377
1 0.6274496
1 20.11323
1 20.11303
1 20.11316
1 20.11315
1 27.64348
1 27.64344
1 27.64348
1 27.64355
1 6.28756
1 6.287591
1 6.287466
1 6.287497
1 6.720941
1 6.72097
1 6.72097
1 6.720941
1 6.980474
1 6.980418
1 6.980446
1 6.980446
1 7.168121
1 7.168149
1 7.168121
1 7.168094
1 27.64352
1 27.64347
1 27.64353
1 19.27005
1 19.27017
1 19.27018
1 19.2702
1 19.27017
1 19.61957
1 19.61962
1 19.61955
1 19.61957
1 2.108772
1 2.108586
1 2.108679
1 2.108586
1 19.63893
1 1.026601
1 1.027173
1 1.026601
1 1.026792
1 19.78094
1 19.78096
1 19.78089
1 19.78113
1 2.380391
1 2.380555
1 2.380144
1 2.380308
1 20.08808
1 20.08821
1 20.08822
1 20.08804
1 5.576927
1 5.576892
1 5.576927
1 5.576787
1 5.857723
1 5.857723
1 5.85779
1 5.857723
1 5.850155
1 5.850155
1 5.850122
1 5.850122
1 5.26548
1 5.265442
1 5.265442
1 5.265517
1 4.869006
1 4.869046
1 4.869046
1 4.828645
1 4.752049
1 4.75209
1 4.752049
1 4.752007
1 4.396499
1 4.396588
1 4.396499
1 4.066786
1 4.095147
1 4.095195
1 4.095099
1 4.095099
1 3.908809
1 3.90886
1 3.90886
1 3.90886
1 3.93935
1 3.939399
1 3.939301
1 3.939399
1 3.988014
1 3.988063
1 3.987965
1 3.988014
1 21.09999
1 21.09993
1 21.09999
1 21.1
1 27.64344
1 27.64355
1 27.64347
1 27.64346
1 20.87825
1 20.87814
1 20.87817
1 20.87817
1 5.023051
1 5.023012
1 5.023012
1 5.023051
1 4.852361
1 4.852361
1 4.85224
1 4.85228
1 4.578512
1 4.578554
1 4.578597
1 4.578597
1 4.615921
1 4.615837
1 4.61588
1 4.615921
1 4.678893
1 4.679018
1 4.678935
1 4.678935
1 17.14408
1 17.14418
1 17.14418
1 17.14418
1 27.64343
1 27.64342
1 27.64347
1 27.6435
1 24.15584
1 24.15574
1 24.15581
1 24.15574
1 18.36999
1 18.37005
1 18.37002
1 18.37001
1 18.21995
1 18.21997
1 18.21998
1 18.21994
1 23.96596
1 23.96605
1 23.96603
1 23.966
1 10.84644
1 10.84642
1 10.8464
1 10.84642
1 5.171309
1 5.171423
1 5.171498
1 5.171423
1 3.321719
1 3.321778
1 3.321778
1 3.321719
1 3.3984
1 3.3984
1 3.398284
1 3.398284
1 3.012919
1 3.012984
1 3.013049
1 3.013114
1 3.004265
1 3.0042
1 3.004265
1 3.004265
1 2.635742
1 2.635816
1 2.635668
1 2.636039
1 2.368686
1 2.368768
1 2.368768
1 2.368851
1 2.122924
1 2.122924
1 2.122648
1 2.122832
1 2.12274
1 2.854031
1 2.853894
1 2.853962
1 2.853825
1 20.65488
1 20.65473
1 20.65484
1 20.6549
1 20.51171
1 20.51166
1 20.51158
1 20.5117
1 20.31899
1 20.31901
1 20.31899
1 20.31906
1 20.22407
1 20.2241
1 20.22395
1 20.22404
1 20.32012
1 20.32025
1 20.3202
1 20.3201
1 20.35516
1 20.35526
1 20.35511
1 20.35519
1 1.143637
1 1.143466
1 1.143294
1 1.143637
1 0.9524438
1 0.9530601
1 0.9526493
1 0.9528548
1 0.9196228
1 0.9196228
1 0.9196228
1 0.9200482
1 0.8996165
1 0.8987461
1 0.8991814
1 0.8991814
1 0.8259051
1 0.8256681
1 0.8254311
1 0.8256681
1 27.64349
1 27.64344
1 27.6435
1 22.86938
1 22.86951
1 22.86931
1 22.86934
1 22.86937
1 14.12078
1 14.12075
1 14.12076
1 14.12071
1 14.09611
1 14.09615
1 14.09609
1 14.09612
1 13.94851
1 13.94851
1 13.94848
1 13.94844
1 13.85793
1 13.85796
1 13.85795
1 13.85795
1 13.89037
1 13.89033
1 13.89034
1 13.89033
1 27.6435
1 27.64344
1 27.6435
1 27.64353
1 27.64338
1 27.64334
1 27.64345
1 27.64358
1 4.502934
1 4.503022
1 4.502978
1 4.502978
1 16.83001
1 16.82999
1 16.82992
1 16.82988
1 2.20549
1 2.205579
1 2.20549
1 2.205313
1 16.89231
1 16.89228
1 16.89247
1 16.89239
1 27.64341
1 27.64349
1 27.6435
1 27.64345
1 19.9636
1 19.96345
1 19.96361
1 19.96353
1 20.38109
1 20.38118
1 20.38111
1 20.38103
1 6.620276
1 6.620247
1 6.620306
1 6.620276
1 6.338462
1 6.338494
1 6.338494
1 6.338462
1 6.241616
1 6.241679
1 6.241647
1 6.241616
1 6.343287
1 6.343256
1 6.343318
1 6.343318
1 6.549338
1 6.549248
1 6.549278
1 6.549278
1 20.9714
1 20.97139
1 20.97128
1 20.97127
1 20.84203
1 20.84206
