pcIndex middleAcc leftAcc leftCon rightAcc rightCon caliIndex
3 21.56798 16.70039 0 26.33082 0.5161861 0
3 25.31301 24.8398 0.4985291 26.33083 0.5161861 0
3 25.59855 23.14787 0.8879345 28.31039 0.525999 0
3 16.98121 16.70021 0 18.69044 0 0
3 21.27669 16.70027 0 25.7803 0.6161218 0
3 20.90871 17.50819 0.5564548 24.63504 0.6001826 0
3 20.90871 17.5082 0.5564548 24.63494 0.6001826 0
3 20.7009 16.70028 0 24.63505 0.6001826 0
3 20.70079 16.70021 0 24.63501 0.6001826 0
3 17.62213 13.29795 0.5892524 22.12865 0.8659479 0
3 17.62215 13.29794 0.5892524 22.12867 0.8659479 0
3 17.62221 13.29804 0.5892524 22.12867 0.8659479 0
3 18.62746 15.28111 0.6423655 22.12871 0.8659479 0
3 18.62715 15.28085 0.6423655 22.12848 0.8659479 0
3 16.42046 14.47415 0.8946491 18.62765 0 0
3 16.42043 14.47412 0.8946491 18.62757 0 0
3 15.97487 14.00044 0.7434583 18.21021 1 0
3 15.97489 14.00051 0.7434583 18.21019 1 0
3 15.97494 14.00044 0.7434583 18.21025 1 0
3 15.61165 13.69316 0.5712891 17.8159 0.9680442 0
3 15.61172 13.69336 0.5712891 17.81595 0.9680442 0
3 15.26169 13.50328 0.7223199 17.33623 0.8545211 0
3 15.26174 13.50335 0.7223199 17.33623 0.8545211 0
3 15.2618 13.50348 0.7223199 17.33624 0.8545211 0
3 15.11643 13.27086 0.5473135 17.25014 0.7927374 0
3 15.1161 13.27058 0.5473135 17.24988 0.7927374 0
3 14.85808 12.94283 0.6081184 18.69035 0 0
3 14.85814 12.9429 0.6081184 18.69029 0 0
3 14.85816 12.9429 0.6081184 18.6904 0 0
3 16.98108 16.70019 0 18.69025 0 0
3 16.98116 16.70009 0 18.6903 0 0
3 9.200392 6.788303 0.7924002 11.77477 0.7208337 0
3 9.200307 6.788303 0.7924002 11.7747 0.7208337 0
3 9.418138 6.931379 0.8279974 12.08335 0.8216957 0
3 9.418138 6.931351 0.8279974 12.08333 0.8216957 0
3 9.4182 6.931407 0.8279974 12.08335 0.8216957 0
3 9.570436 7.033692 0.8127918 12.29223 0.8139088 0
3 9.57023 7.033525 0.8127918 12.29204 0.8139088 0
3 9.676196 7.147373 0.6988877 12.37854 0.6822361 0
3 9.675993 7.147236 0.6988877 12.37843 0.6822361 0
3 10.06949 7.463507 0.5228204 12.81376 0.5934018 0
3 10.06955 7.463717 0.5228204 12.81383 0.5934018 0
3 10.5017 7.881473 0.664896 13.2414 0.4651696 0
3 10.50193 7.881697 0.664896 13.24168 0.4651696 0
3 10.75135 8.380494 0.5946093 13.2417 0.4651696 0
3 10.96844 8.380355 0.5946093 13.68454 0.43305 0
3 10.9685 8.380378 0.5946093 13.68456 0.43305 0
3 11.37139 8.738533 0.4201858 14.09051 0.5644165 0
3 11.37122 8.738354 0.4201858 14.09036 0.5644165 0
3 11.65273 9.26391 0.5027672 14.14605 0.4846877 0
3 11.65254 9.26372 0.5027672 14.1458 0.4846877 0
3 11.65258 9.263699 0.5027672 14.14586 0.4846877 0
3 11.55638 9.072248 0.5229985 14.17983 0.7919294 0
3 11.55625 9.07214 0.5229985 14.1797 0.7919294 0
3 11.49766 8.965522 0.5116941 14.22596 0.7550039 0
3 11.49756 8.965477 0.5116941 14.22579 0.7550039 0
3 11.3796 8.773486 0.4715187 14.27144 0.8614936 0
3 11.37955 8.773441 0.4715187 14.27137 0.8614936 0
3 11.09782 8.490008 0.5491811 14.02804 0.9552855 0
3 11.09785 8.490008 0.5491811 14.02798 0.9552855 0
3 10.79386 8.489869 0.5491811 13.37721 0.5568861 0
3 9.582957 5.897808 0.7868204 13.37729 0.5568861 0
3 9.582916 5.897608 0.7868204 13.37727 0.5568861 0
3 9.462155 5.951341 0.7144464 13.08912 0.3699218 0
3 9.462175 5.951274 0.7144464 13.08901 0.3699218 0
3 9.378716 5.91291 0.4916344 12.97771 0.4041733 0
3 9.378675 5.91291 0.4916344 12.97762 0.4041733 0
3 9.222047 5.786519 0.5272318 12.8389 0.3438875 0
3 9.222025 5.786451 0.5272318 12.8389 0.3438875 0
3 9.222281 5.786587 0.5272318 12.83902 0.3438875 0
3 9.038725 5.635795 0.5845744 12.65443 0.3398885 0
3 9.038659 5.63569 0.5845744 12.65436 0.3398885 0
3 8.962694 5.512387 0.619223 12.70363 0.4634599 0
3 8.962694 5.512351 0.619223 12.70363 0.4634599 0
3 8.803705 5.280604 0.6790619 12.64681 0.3700281 0
3 8.80375 5.280641 0.6790619 12.64685 0.3700281 0
3 8.803682 5.280604 0.6790619 12.64676 0.3700281 0
3 8.668254 5.041777 0.7497313 12.57297 0.3851596 0
3 8.668323 5.041894 0.7497313 12.57302 0.3851596 0
3 8.501219 4.748998 0.7636509 12.54506 0.4829475 0
3 8.501173 4.748998 0.7636509 12.54506 0.4829475 0
3 8.409711 4.523419 0.8166724 12.60692 0.5418416 0
3 8.409384 4.523203 0.8166724 12.60664 0.5418416 0
3 8.205544 4.206635 0.8358251 12.55603 0.4654798 0
3 8.205473 4.206588 0.8358251 12.55598 0.4654798 0
3 8.205544 4.206728 0.8358251 12.55603 0.4654798 0
3 7.969645 3.871762 0.8819503 12.53404 0.2388833 0
3 7.969595 3.871661 0.8819503 12.53404 0.2388833 0
3 16.98128 16.70027 0 18.69048 0 0
3 16.98109 16.70005 0 18.69035 0 0
3 16.98103 16.70012 0 18.69026 0 0
3 16.98111 16.70005 0 18.69035 0 0
3 16.98116 16.70013 0 18.6904 0 0
3 19.47922 26.74117 0.6260899 18.69044 0 0
3 19.4789 26.74096 0.6260899 18.69028 0 0
3 21.96083 30.96418 0.4780912 18.69034 0 0
3 21.96091 30.96422 0.4780912 18.69038 0 0
3 21.96107 30.96426 0.4780912 18.69063 0 0
3 27.97213 16.70021 0 38.46359 0.4891764 0
3 27.97209 16.70011 0 38.4635 0.4891764 0
3 16.98128 16.70027 0 18.69051 0 0
3 16.98109 16.70018 0 18.6903 0 0
3 25.3003 16.70013 0 33.40325 0.5514099 0
3 25.30039 16.70025 0 33.40329 0.5514099 0
3 16.98114 16.70019 0 18.69035 0 0
3 16.98121 16.70027 0 18.69046 0 0
3 16.98112 16.70018 0 18.69035 0 0
3 17.94389 21.31762 0.4725744 18.69032 0 0
3 17.94382 21.31757 0.4725744 18.69035 0 0
3 21.00538 16.70013 0 25.27367 0.5895895 0
3 21.00549 16.70022 0 25.27376 0.5895895 0
3 15.66012 15.53757 0.5291162 18.69037 0 0
3 15.66021 15.53757 0.5291162 18.6904 0 0
3 15.66011 15.5375 0.5291162 18.69032 0 0
3 17.13723 15.53749 0.5291162 19.87624 0.5575417 0
3 17.1373 15.53753 0.5291162 19.87631 0.5575417 0
3 17.13722 15.53748 0.5291162 19.87629 0.5575417 0
3 12.41881 10.31088 0.5009274 15.13711 0.4925022 0
3 12.41881 10.31094 0.5009274 15.13712 0.4925022 0
3 11.98739 9.006517 0 15.13704 0.4925022 0
3 11.98745 9.006626 0 15.13719 0.4925022 0
3 12.09351 9.00656 0 15.68159 0.6882629 0
3 9.455691 5.402254 0.8540862 14.06955 0.8917603 0
3 9.455609 5.402218 0.8540862 14.0695 0.8917603 0
3 9.561044 5.402218 0.8540862 14.33754 0.8656783 0
3 9.505286 5.178692 0.7504615 14.33755 0.8656783 0
3 9.505452 5.178806 0.7504615 14.3377 0.8656783 0
3 9.42058 4.858333 0.7584784 14.42502 0.7532985 0
3 9.420538 4.858252 0.7584784 14.425 0.7532985 0
3 11.53809 4.590902 0.6392127 18.69045 0 0
3 11.53806 4.590859 0.6392127 18.69032 0 0
3 11.60706 4.901489 0.2992794 18.69052 0 0
3 11.60697 4.901329 0.2992794 18.6904 0 0
3 16.98116 16.70018 0 18.69032 0 0
3 14.64238 16.70021 0 13.54761 0.4826629 0
3 14.64229 16.70015 0 13.54763 0.4826629 0
3 13.44944 16.7003 0 10.82455 0.698337 0
3 13.44916 16.70008 0 10.8244 0.698337 0
3 7.905917 2.892658 0.6892666 15.27765 0.3998413 0
3 7.905941 2.892523 0.6892666 15.27771 0.3998413 0
3 9.474113 5.263954 0.7646791 15.08858 0.3864669 0
3 9.474051 5.26388 0.7646791 15.08851 0.3864669 0
3 9.473947 5.263693 0.7646791 15.08844 0.3864669 0
3 9.628739 5.614472 0.818378 14.98047 0.6262377 0
3 9.628657 5.614333 0.818378 14.98045 0.6262377 0
3 9.76358 6.099951 0.6067042 14.98052 0.6262377 0
3 9.76352 6.099919 0.6067042 14.98045 0.6262377 0
3 9.714807 4.858695 0.6917407 14.61091 0.5711488 0
3 9.714907 4.858897 0.6917407 14.61101 0.5711488 0
3 9.714887 4.858816 0.6917407 14.61097 0.5711488 0
3 11.24714 9.516365 0.2468482 13.50291 0.6138839 0
3 11.24673 9.516014 0.2468482 13.50264 0.6138839 0
3 11.54347 9.516179 0.2468482 13.87637 0.6688649 0
3 11.54335 9.516035 0.2468482 13.8763 0.6688649 0
3 14.44171 11.27023 0.6549466 18.6902 0 0
3 14.44182 11.2703 0.6549466 18.69035 0 0
3 14.44191 11.27042 0.6549466 18.69038 0 0
3 12.92183 7.421164 0.8021471 18.69046 0 0
3 12.92175 7.421058 0.8021471 18.6904 0 0
3 12.75903 6.851172 0.3920528 18.6904 0 0
3 12.75902 6.851315 0.3920528 18.69037 0 0
3 12.75906 6.851286 0.3920528 18.69038 0 0
3 11.99646 11.85371 0.5257902 12.8001 0.6049849 0
3 11.99636 11.85363 0.5257902 12.80002 0.6049849 0
3 12.78836 12.32027 0.5190731 13.77109 0.6481314 0
3 12.78825 12.32023 0.5190731 13.77097 0.6481314 0
3 16.109 13.94978 0.2780372 18.66366 0.5769172 0
3 16.10912 13.94981 0.2780372 18.66382 0.5769172 0
3 16.10904 13.94977 0.2780372 18.66372 0.5769172 0
3 13.78014 9.167376 0.6560568 18.69034 0 0
3 13.78027 9.167397 0.6560568 18.69036 0 0
3 13.68019 9.034789 0.3619881 18.69034 0 0
3 13.68029 9.034941 0.3619881 18.69048 0 0
3 13.61106 8.944964 0.2716137 18.69035 0 0
3 13.61112 8.945118 0.2716137 18.69041 0 0
3 13.61109 8.945074 0.2716137 18.69037 0 0
3 18.671 21.6167 0.6178195 16.04928 0.536173 0
3 18.67098 21.61666 0.6178195 16.04926 0.536173 0
3 15.75762 13.19461 0.5140024 18.35965 0.4843796 0
3 15.75762 13.19464 0.5140024 18.35963 0.4843796 0
3 15.7577 13.19468 0.5140024 18.35973 0.4843796 0
3 18.26093 16.70019 0 19.9819 0.5920868 0
3 18.26086 16.7002 0 19.98188 0.5920868 0
3 15.03527 13.97352 0.5210986 18.69035 0 0
3 15.03536 13.97359 0.5210986 18.69041 0 0
3 10.94767 6.96672 0.6045771 15.23384 0.5757846 0
3 10.94762 6.966607 0.6045771 15.23375 0.5757846 0
3 10.94776 6.966776 0.6045771 15.2339 0.5757846 0
3 16.98114 16.70024 0 18.69034 0 0
3 16.98113 16.70016 0 18.69035 0 0
3 13.01452 16.70026 0 12.15954 0.5886199 0
3 13.01451 16.70019 0 12.15944 0.5886199 0
3 7.888767 3.586322 0 12.49399 0.7602054 0
3 7.888792 3.586322 0 12.49405 0.7602054 0
3 7.888717 3.586322 0 12.49397 0.7602054 0
3 14.02749 16.70016 0 12.80904 0.6321424 0
3 14.02754 16.70022 0 12.80913 0.6321424 0
3 10.01687 6.845444 0.5989174 13.51701 0.2390328 0
3 10.01681 6.845358 0.5989174 13.51699 0.2390328 0
3 10.74869 7.249143 0.2535393 14.43377 0.7526447 0
3 10.74875 7.249115 0.2535393 14.43381 0.7526447 0
3 10.74864 7.249062 0.2535393 14.4337 0.7526447 0
3 10.83218 7.610353 0.3598304 14.24534 0.7096713 0
3 10.83211 7.610353 0.3598304 14.24527 0.7096713 0
3 11.05966 8.130138 0.5348857 14.16261 0.7192284 0
3 13.20551 8.414613 0.6308938 18.69034 0 0
3 13.20541 8.414566 0.6308938 18.69031 0 0
3 13.20557 8.414706 0.6308938 18.69044 0 0
3 13.20542 8.414566 0.6308938 18.69029 0 0
3 12.64493 6.867642 0.606676 18.69034 0 0
3 12.64486 6.867557 0.606676 18.69031 0 0
3 8.998922 6.867728 0.606676 11.32366 0.7019361 0
3 8.998835 6.867671 0.606676 11.32364 0.7019361 0
3 8.998965 6.867756 0.606676 11.32375 0.7019361 0
3 13.94728 16.70021 0 13.90877 0.5410674 0
3 13.94729 16.70022 0 13.90874 0.5410674 0
3 10.52196 7.546731 0.376522 13.90868 0.5410674 0
3 10.522 7.546783 0.376522 13.9087 0.5410674 0
3 9.775012 7.675165 0.3542332 11.8942 0.4173922 0
3 9.775032 7.675165 0.3542332 11.89416 0.4173922 0
3 9.775012 7.675139 0.3542332 11.89418 0.4173922 0
3 10.2233 8.599689 0.5956836 11.89411 0.4173922 0
3 10.22312 8.599529 0.5956836 11.894 0.4173922 0
3 13.69178 8.987256 0.4319583 18.69047 0 0
3 13.69181 8.9873 0.4319583 18.69051 0 0
3 13.6918 8.987277 0.4319583 18.69052 0 0
3 13.26141 8.28636 0 18.6904 0 0
3 13.26132 8.286218 0 18.69036 0 0
3 10.81751 8.294697 0.4182342 14.47231 0.7092174 0
3 10.81767 8.294886 0.4182342 14.47241 0.7092174 0
3 13.35958 8.294625 0.4182342 18.69019 0 0
3 7.576601 8.296307 0.2453312 7.5646 0.6070805 0
3 7.576498 8.296211 0.2453312 7.56447 0.6070805 0
3 5.915297 8.156009 0.3030063 6.508551 0.6559044 0
3 5.915197 8.155985 0.3030063 6.508461 0.6559044 0
3 5.859897 8.234232 0.2266299 6.50843 0.6559044 0
3 5.860065 8.234423 0.2266299 6.508521 0.6559044 0
3 13.28558 16.70013 0 10.44071 0.5648745 0
3 13.28577 16.70037 0 10.4409 0.5648745 0
3 13.28568 16.70025 0 10.44088 0.5648745 0
3 13.28554 16.70009 0 10.4406 0.5648745 0
3 13.28582 16.70036 0 10.4409 0.5648745 0
3 14.38524 16.70041 0 12.37478 0.6696012 0
3 14.38515 16.70027 0 12.37464 0.6696012 0
3 14.47941 10.44048 0.6785089 18.69025 0 0
3 14.47962 10.44069 0.6785089 18.69046 0 0
3 14.47957 10.44069 0.6785089 18.69038 0 0
3 14.45134 10.58411 0 18.69028 0 0
3 14.45149 10.58428 0 18.69044 0 0
3 14.46244 10.60426 0.4502974 18.69028 0 0
3 14.46251 10.60426 0.4502974 18.69038 0 0
3 11.61235 10.69634 0.2513278 12.65961 0.5997814 0
3 11.61244 10.69636 0.2513278 12.65969 0.5997814 0
3 11.61244 10.69632 0.2513278 12.65967 0.5997814 0
3 9.984655 9.669205 0.5792977 10.30477 0 0
3 9.984636 9.669245 0.5792977 10.30477 0 0
3 9.640146 9.727305 0.4943339 9.648849 0 0
3 9.640064 9.727203 0.4943339 9.648748 0 0
3 9.639962 9.727143 0.4943339 9.648626 0 0
3 9.616542 9.595136 0.418731 9.735992 0.8586059 0
3 9.616665 9.595299 0.418731 9.736073 0.8586059 0
3 10.17925 9.545776 0.3012395 10.99419 0.8161332 0
3 10.17918 9.545776 0.3012395 10.99411 0.8161332 0
3 10.38607 9.815701 0.4212222 11.14168 0.909166 0
3 10.38605 9.815641 0.4212222 11.14164 0.909166 0
3 10.38603 9.81566 0.4212222 11.14168 0.909166 0
3 10.5268 9.896105 0.4854835 11.34795 0.5558695 0
3 10.52678 9.896105 0.4854835 11.34804 0.5558695 0
3 14.29442 9.896105 0.4854835 18.69033 0 0
3 14.29435 9.896086 0.4854835 18.69027 0 0
3 7.927042 9.427191 0.6367545 6.449564 0.633536 0
3 7.927117 9.427254 0.6367545 6.449564 0.633536 0
3 7.905446 9.441192 0.5692527 6.397427 0.5426041 0
3 7.905619 9.441275 0.5692527 6.397488 0.5426041 0
3 7.905569 9.441275 0.5692527 6.397519 0.5426041 0
3 7.867539 9.258648 0.5005209 6.514845 0.2728714 0
3 7.867539 9.258648 0.5005209 6.514785 0.2728714 0
3 8.570429 9.238802 0.4237322 8.0842 0.3221416 0
3 8.57036 9.238696 0.4237322 8.084127 0.3221416 0
3 8.644883 9.089299 0.3998429 8.363396 0.5700245 0
3 8.644929 9.089364 0.3998429 8.363396 0.5700245 0
3 8.833155 9.157767 0.3786968 8.662111 0.5530195 0
3 8.833089 9.157746 0.3786968 8.662021 0.5530195 0
3 8.833178 9.157767 0.3786968 8.662111 0.5530195 0
3 8.80134 8.968282 0.6016243 8.762822 0.6897326 0
3 8.801384 8.968348 0.6016243 8.762866 0.6897326 0
3 8.710615 8.843357 0.7412057 8.688149 0.7593161 0
3 9.889982 7.286262 0.359316 12.51999 0.4267376 0
3 9.678756 7.084961 0.3787853 12.29063 0.4594436 0
3 9.966479 7.45601 0.47587 12.48953 0.6185925 0
3 10.65857 7.637099 0.602241 13.69653 0.9060235 0
3 10.7602 7.839296 0.4195198 13.69676 0.9060235 0
3 11.0742 8.028837 0.5755811 14.13882 0.8164362 0
3 11.45865 8.314464 0.5623575 14.63025 0.7931606 0
3 11.89612 8.760871 0.5910373 15.0574 0.8387658 0
3 11.9928 8.956379 0.3880527 15.05766 0.8387658 0
3 12.04762 8.956532 0.3880527 15.16384 0.9237396 0
3 12.09126 9.044266 0.6740867 15.16371 0.9237396 0
3 6.513551 6.944554 0.3792133 8.747498 0.5765474 0
3 8.791961 6.620987 0.3757992 10.99578 0.99 0
3 9.034768 6.789112 0.5999382 11.30007 0.8659263 0
3 9.349331 7.10393 0.2550395 11.61417 0.8021877 0
3 9.930066 7.104123 0.2550395 12.80298 0.7769572 0
3 13.96506 16.70002 0 13.0842 0.71191 0
3 13.96537 16.70031 0 13.08449 0.71191 0
3 14.63321 16.7004 0 15.27564 0 0
3 13.25803 11.28798 0.7470192 15.25438 0.899198 0
3 12.67149 10.91412 0.508287 14.48207 0.892577 0
3 12.15242 10.91423 0.508287 13.58865 0.8912832 0
3 11.28774 9.011097 0.2830577 13.58873 0.8912832 0
3 11.95212 8.965324 0.2042288 15.03435 0.99 0
3 13.59722 11.07868 0 16.376 0.7696456 0
3 13.59723 11.07864 0 16.37598 0.7696456 0
3 14.10851 11.21928 0.412949 17.12837 0.6384335 0
3 15.1484 11.24574 0.4651863 19.35711 0 0
3 14.75227 11.24572 0.4651863 18.69037 0 0
3 16.31651 16.70024 0 18.04585 0.5261384 0
3 15.80112 16.70022 0 17.66681 0.5121566 0
3 15.39641 13.49914 0.7085739 17.42616 0.5456033 0
3 15.34538 13.49918 0.7085739 17.28189 0 0
3 15.40612 12.95838 0.3635798 18.69033 0 0
3 15.19681 12.54283 0.7511285 18.69035 0 0
3 15.19689 12.54292 0.7511285 18.69044 0 0
3 15.19682 12.54289 0.7511285 18.69036 0 0
3 14.47311 12.54284 0.7511285 16.41486 0.9170459 0
3 14.47307 12.54286 0.7511285 16.41486 0.9170459 0
3 16.45354 12.1726 0.7691459 20.86643 0.5008992 0
3 16.45352 12.17259 0.7691459 20.86636 0.5008992 0
3 14.96956 14.29458 0.2819633 15.79767 0.99 0
3 14.96954 14.29457 0.2819633 15.79761 0.99 0
3 14.96965 14.29469 0.2819633 15.79774 0.99 0
3 16.29064 14.29468 0.2819633 18.61761 0.5857878 0
3 16.29044 14.29444 0.2819633 18.61743 0.5857878 0
3 16.07071 14.96887 0.6540534 18.69049 0 0
3 16.07057 14.96878 0.6540534 18.6903 0 0
3 16.1396 15.67146 0.5857288 18.69032 0 0
3 16.13966 15.67153 0.5857288 18.69038 0 0
3 15.99965 15.52621 0.463411 18.69036 0 0
3 15.99968 15.52626 0.463411 18.69044 0 0
3 15.99972 15.52631 0.463411 18.69046 0 0
3 16.68909 15.38188 0.7075632 17.98642 0.6260316 0
3 16.68903 15.38187 0.7075632 17.9864 0.6260316 0
3 16.85954 15.35024 1 18.35706 0.3560984 0
3 16.85954 15.35024 1 18.35705 0.3560984 0
3 16.85951 15.35019 1 18.357 0.3560984 0
3 16.807 15.24454 0.9222605 18.35695 0.3560984 0
3 16.80706 15.2446 0.9222605 18.35703 0.3560984 0
3 16.80706 15.24459 0.9222605 18.35704 0.3560984 0
3 16.98119 16.70022 0 18.69041 0 0
3 16.98113 16.70016 0 18.69035 0 0
3 13.01182 12.55721 0.7316522 13.55569 0.99 0
3 13.01199 12.55738 0.7316522 13.55582 0.99 0
3 13.09545 12.45101 0.7449706 13.86154 0.8066466 0
3 13.09532 12.45087 0.7449706 13.86137 0.8066466 0
3 13.09545 12.45104 0.7449706 13.86152 0.8066466 0
3 13.23318 12.5176 0.6816013 14.05046 0.8155874 0
3 13.23317 12.51758 0.6816013 14.05046 0.8155874 0
3 13.5387 12.7031 0.7274478 14.45191 0.8448111 0
3 13.53866 12.70309 0.7274478 14.45187 0.8448111 0
3 13.95192 13.0947 0.5678488 14.87731 0.9200634 0
3 13.95204 13.09483 0.5678488 14.87746 0.9200634 0
3 14.15101 13.49772 0.8473645 14.85177 0.8767032 0
3 14.15091 13.49769 0.8473645 14.85174 0.8767032 0
3 14.15084 13.49762 0.8473645 14.85167 0.8767032 0
3 14.11385 13.53184 0.7874746 14.73878 0.8778223 0
3 14.11385 13.53192 0.7874746 14.73882 0.8778223 0
3 14.52818 13.8996 0.8020993 15.19936 0.8403882 0
3 14.52824 13.89965 0.8020993 15.19946 0.8403882 0
3 14.61899 13.97505 0.4731869 15.34345 0.8551138 0
3 14.6189 13.97498 0.4731869 15.34342 0.8551138 0
3 13.50366 13.97509 0.4731869 13.10672 0 0
3 13.50362 13.97502 0.4731869 13.10668 0 0
3 13.50367 13.97506 0.4731869 13.10672 0 0
3 15.65128 13.21626 0.7028681 18.69036 0 0
3 15.65133 13.2163 0.7028681 18.69036 0 0
3 16.66191 13.93796 0.7591243 19.37537 0.6286972 0
3 16.662 13.93798 0.7591243 19.37543 0.6286972 0
3 16.662 13.93804 0.7591243 19.37547 0.6286972 0
3 16.03162 13.93787 0.7591243 18.43001 0.8313416 0
3 16.03181 13.93809 0.7591243 18.4302 0.8313416 0
3 16.98118 16.70025 0 18.6904 0 0
3 16.98116 16.70019 0 18.69043 0 0
3 16.98118 16.70025 0 18.6904 0 0
3 16.98118 16.70024 0 18.69043 0 0
3 16.98121 16.70025 0 18.6904 0 0
3 15.85543 13.03655 0.5192111 18.69033 0 0
3 15.85557 13.03666 0.5192111 18.69043 0 0
3 15.34252 12.79668 0.6138363 17.88242 0.9826583 0
3 15.34255 12.79678 0.6138363 17.88246 0.9826583 0
3 15.44597 12.82777 0.5787505 18.05643 0.9881043 0
3 15.44596 12.82777 0.5787505 18.05647 0.9881043 0
3 15.28068 12.54212 0.6908477 18.01173 0.8362594 0
3 15.28056 12.54206 0.6908477 18.01164 0.8362594 0
3 15.28075 12.54218 0.6908477 18.01182 0.8362594 0
3 14.93194 12.12366 0.5133139 17.73429 0.420426 0
3 14.93194 12.12367 0.5133139 17.7343 0.420426 0
3 14.57866 11.91259 0.6574053 17.24054 0.7967758 0
3 14.57887 11.91277 0.6574053 17.24069 0.7967758 0
3 14.57886 11.91282 0.6574053 17.24073 0.7967758 0
3 15.0336 12.42758 0.655713 17.63366 0.7609367 0
3 15.03361 12.42759 0.655713 17.63369 0.7609367 0
3 14.86789 11.99728 0.3034129 17.73364 0.9062565 0
3 14.86791 11.99733 0.3034129 17.73367 0.9062565 0
3 13.2458 11.99732 0.3034129 14.49684 0.6711164 0
3 13.24587 11.99733 0.3034129 14.49688 0.6711164 0
3 13.24575 11.99727 0.3034129 14.49681 0.6711164 0
3 12.68528 11.1313 0.4742775 14.29256 0.4520357 0
3 12.68526 11.13134 0.4742775 14.2926 0.4520357 0
3 12.51049 10.98001 0.3564107 14.04873 0.99 0
3 12.51066 10.98014 0.3564107 14.04883 0.99 0
3 12.36954 10.89502 0.1836161 13.84823 0.5611486 0
3 12.36958 10.89506 0.1836161 13.84819 0.5611486 0
3 12.36934 10.89484 0.1836161 13.84796 0.5611486 0
3 12.11011 10.68264 0.4460771 13.5476 0.6721027 0
3 12.10983 10.6824 0.4460771 13.54729 0.6721027 0
3 11.70449 10.42426 0.4131785 12.99338 0.5901041 0
3 11.70451 10.42424 0.4131785 12.99338 0.5901041 0
3 11.70459 10.42438 0.4131785 12.99349 0.5901041 0
3 11.28285 9.861609 0.4984739 12.71684 0.4934608 0
3 11.28277 9.861528 0.4984739 12.71681 0.4934608 0
3 11.24066 9.896363 0.5351673 12.59734 0.5971283 0
3 11.24069 9.896363 0.5351673 12.59737 0.5971283 0
3 11.09462 9.708509 0.5530151 12.49373 0.504048 0
3 11.09462 9.70857 0.5530151 12.49378 0.504048 0
3 10.88501 9.476125 0.3962517 12.30903 0.5878377 0
3 10.88488 9.476084 0.3962517 12.3089 0.5878377 0
3 10.61031 9.131143 0.6172475 12.10086 0.5500754 0
3 10.61029 9.1311 0.6172475 12.10084 0.5500754 0
3 10.6102 9.131014 0.6172475 12.10071 0.5500754 0
3 10.47717 9.106383 0.4822682 11.86045 0.577634 0
3 10.47719 9.106426 0.4822682 11.86045 0.577634 0
3 10.46294 9.108325 0.5321448 11.83145 0.5233905 0
3 10.46307 9.108433 0.5321448 11.83157 0.5233905 0
3 10.43192 9.139296 0.4388934 11.73846 0.5965244 0
3 10.43179 9.139124 0.4388934 11.73831 0.5965244 0
3 10.40584 9.025455 0.3806389 11.79675 0.881681 0
3 10.40571 9.02539 0.3806389 11.79662 0.881681 0
3 10.40592 9.025542 0.3806389 11.7968 0.881681 0
3 10.4074 9.004292 0.4075733 11.82027 0.9698443 0
3 10.40732 9.004227 0.4075733 11.82015 0.9698443 0
3 10.33175 8.90629 0.6206112 11.77125 0.8882763 0
3 10.3316 8.906115 0.6206112 11.7711 0.8882763 0
3 10.1908 8.694523 0.6506382 11.69952 0.9655838 0
3 10.19061 8.694319 0.6506382 11.69935 0.9655838 0
3 10.11639 8.441153 0.6931915 11.80589 0.901338 0
3 10.11651 8.441269 0.6931915 11.80606 0.901338 0
3 10.11643 8.441199 0.6931915 11.80602 0.901338 0
3 10.05088 8.3524 0.9346443 11.76228 1 0
3 10.05093 8.352494 0.9346443 11.76231 1 0
3 9.960539 8.22717 0.7359105 11.70695 1 0
3 9.96042 8.227075 0.7359105 11.70679 1 0
3 9.772176 7.964767 0.7621217 11.59092 0.9184209 0
3 9.772356 7.964964 0.7621217 11.59109 0.9184209 0
3 9.517853 7.740502 0.8467141 11.30488 0.947 0
3 9.517749 7.740401 0.8467141 11.30476 0.947 0
3 9.517729 7.74035 0.8467141 11.30474 0.947 0
3 9.396743 7.679741 0.8353343 11.12466 0.9448677 0
3 9.396701 7.679767 0.8353343 11.12466 0.9448677 0
3 9.502288 7.745395 0.5962227 11.26846 0.987806 0
3 9.502392 7.745496 0.5962227 11.26855 0.987806 0
3 9.633128 7.794374 0.7816867 11.47962 0.9447853 0
3 9.633026 7.794324 0.7816867 11.47954 0.9447853 0
3 9.633026 7.794299 0.7816867 11.47952 0.9447853 0
3 9.561065 7.762354 0.686995 11.36917 0.9699917 0
3 9.561044 7.762328 0.686995 11.36912 0.9699917 0
3 9.465415 7.642236 0.7788807 11.29773 0.9054867 0
3 9.465041 7.641851 0.7788807 11.29737 0.9054867 0
3 9.517522 7.661088 0.6427377 11.38216 0.9117256 0
3 9.517377 7.661012 0.6427377 11.38202 0.9117256 0
3 9.517439 7.660986 0.6427377 11.38204 0.9117256 0
3 9.646588 7.782934 0.6481879 11.51856 0.9400597 0
3 9.646873 7.783237 0.6481879 11.51885 0.9400597 0
3 9.714867 7.891081 0.7679587 11.54555 0.9795457 0
3 9.714826 7.89113 0.7679587 11.54555 0.9795457 0
3 9.748122 7.891428 0.6808398 11.61125 0.9766135 0
3 9.748021 7.891329 0.6808398 11.61118 0.9766135 0
3 9.915401 8.017166 0.8081579 11.82035 0.9218869 0
3 9.9155 8.017215 0.8081579 11.82043 0.9218869 0
3 9.935966 7.937362 0.6519432 11.94158 1 0
3 9.935966 7.937387 0.6519432 11.94158 1 0
3 9.935887 7.937213 0.6519432 11.94153 1 0
3 9.627902 7.693069 0.8000772 11.57262 0.9320658 0
3 9.627983 7.69312 0.8000772 11.5727 0.9320658 0
3 9.555018 7.602019 0.8137823 11.51844 0.9286054 0
3 9.555038 7.601968 0.8137823 11.51846 0.9286054 0
3 9.571443 7.654271 0.7363 11.49677 0.9305184 0
3 9.57134 7.654245 0.7363 11.49663 0.9305184 0
3 9.59489 7.790521 0.8160633 11.40695 0.8847664 0
3 9.59491 7.79047 0.8160633 11.40693 0.8847664 0
3 9.59489 7.790445 0.8160633 11.40688 0.8847664 0
3 9.606172 7.715028 0.7437752 11.50908 0.9887338 0
3 9.60607 7.714927 0.7437752 11.50901 0.9887338 0
3 9.606131 7.714978 0.7437752 11.50905 0.9887338 0
3 9.528482 7.598276 0.668759 11.47032 0.9590643 0
3 9.528544 7.598379 0.668759 11.47035 0.9590643 0
3 9.525409 7.567893 0.7157009 11.49417 0.9682398 0
3 9.525429 7.56792 0.7157009 11.49418 0.9682398 0
3 9.506031 7.564522 0.8193612 11.46003 0.9835718 0
3 9.506156 7.5646 0.8193612 11.46018 0.9835718 0
3 9.454236 7.487525 0.7878815 11.43032 0.9948012 0
3 9.45434 7.487604 0.7878815 11.43041 0.9948012 0
3 9.495211 7.498864 0.8204319 11.50122 0.9080979 0
3 9.495252 7.498942 0.8204319 11.50128 0.9080979 0
3 9.495086 7.498812 0.8204319 11.50117 0.9080979 0
3 9.562545 7.53765 0.7837163 11.59751 0.8896164 0
3 9.562566 7.537624 0.7837163 11.59753 0.8896164 0
3 9.572366 7.589153 0.8200139 11.56424 0.8775857 0
3 9.572325 7.589128 0.8200139 11.56419 0.8775857 0
3 9.512171 7.468475 0.7363136 11.56425 0.8775857 0
3 9.449266 7.46829 0.7363136 11.43847 0.9459852 0
3 9.449286 7.468343 0.7363136 11.43849 0.9459852 0
3 9.3616 7.294766 0.7972462 11.43845 0.9636883 0
3 9.361474 7.294605 0.7972462 11.43838 0.9636883 0
3 9.365883 7.249386 0.9280888 11.49288 0.9238132 0
3 9.365798 7.249251 0.9280888 11.49278 0.9238132 0
3 9.341277 7.249359 0.9280888 11.4442 0.9216951 0
3 9.347103 7.262932 0.7401258 11.44422 0.9216951 0
3 9.347061 7.262851 0.7401258 11.44417 0.9216951 0
3 9.148945 7.066247 0.6824604 11.24626 0.9559718 0
3 9.14888 7.066135 0.6824604 11.24624 0.9559718 0
3 9.219638 7.215206 1 11.23603 0.8845961 0
3 9.21951 7.215151 1 11.23603 0.8845961 0
3 9.314814 7.220316 0.7429962 11.42143 0.879002 0
3 9.314729 7.220262 0.7429962 11.42139 0.879002 0
3 9.314708 7.220343 0.7429962 11.42137 0.879002 0
3 9.393856 7.325069 0.727914 11.47604 0.9238779 0
3 9.393793 7.325042 0.727914 11.47604 0.9238779 0
3 9.505824 7.420265 0.7270563 11.60395 0.836849 0
3 9.505887 7.420424 0.7270563 11.60402 0.836849 0
3 9.491048 7.348976 0.7529421 11.64652 0.8428897 0
3 9.490986 7.348896 0.7529421 11.64649 0.8428897 0
3 9.500509 7.389341 0.7738551 11.62593 0.9700511 0
3 9.500509 7.389394 0.7738551 11.62598 0.9700511 0
3 9.500509 7.389368 0.7738551 11.62597 0.9700511 0
3 9.462694 7.385755 0.7938752 11.55241 0.9044305 0
3 9.462799 7.385862 0.7938752 11.5526 0.9044305 0
3 9.274427 7.265309 0.6758927 11.2967 0.9089839 0
3 9.274448 7.265337 0.6758927 11.29681 0.9089839 0
3 9.274322 7.265255 0.6758927 11.29663 0.9089839 0
3 9.147398 7.156316 0.6839846 11.15023 0.9188126 0
3 9.147484 7.156425 0.6839846 11.15032 0.9188126 0
3 9.202292 7.179689 0.7050164 11.23791 0.9023284 0
3 9.202356 7.179771 0.7050164 11.23803 0.9023284 0
3 9.36668 7.350872 0.7075149 11.39269 0.978961 0
3 9.366428 7.350605 0.7075149 11.39243 0.978961 0
3 9.379702 7.399001 0.7741218 11.36938 0.9162697 0
3 9.379869 7.399107 0.7741218 11.36947 0.9162697 0
3 9.379889 7.399133 0.7741218 11.3695 0.9162697 0
3 9.056186 7.149597 0.753398 10.97974 0.661701 0
3 9.056272 7.149651 0.753398 10.9798 0.661701 0
3 8.815635 6.824582 0.4888747 10.82711 0.5188348 0
3 8.815546 6.824496 0.4888747 10.82702 0.5188348 0
3 8.606036 6.571905 0.7213342 10.65859 0.5887573 0
3 8.606059 6.571876 0.7213342 10.65857 0.5887573 0
3 8.597977 6.609752 0.7318636 10.604 0.5096235 0
3 8.597953 6.609723 0.7318636 10.60398 0.5096235 0
3 8.597907 6.609752 0.7318636 10.604 0.5096235 0
3 8.562222 6.581566 0.7721468 10.55738 0.7863048 0
3 8.562335 6.581745 0.7721468 10.55751 0.7863048 0
3 8.617826 6.619802 0.8300374 10.62714 0.8739597 0
3 8.61769 6.619654 0.8300374 10.62695 0.8739597 0
3 8.677403 6.735544 0.8909464 10.63025 0.9124839 0
3 8.677336 6.735428 0.8909464 10.63014 0.9124839 0
3 8.75403 6.842807 0.8437774 10.67525 0.9755325 0
3 8.753783 6.842607 0.8437774 10.67507 0.9755325 0
3 8.754007 6.842807 0.8437774 10.67527 0.9755325 0
3 8.904635 6.952599 0.7600788 10.86513 0.8860612 0
3 8.904635 6.952571 0.7600788 10.86508 0.8860612 0
3 8.965872 6.971448 0.6925655 10.96907 0.9009079 0
3 8.965609 6.971195 0.6925655 10.96889 0.9009079 0
3 8.965653 6.971251 0.6925655 10.96891 0.9009079 0
3 8.965806 6.971392 0.6925655 10.96902 0.9009079 0
3 8.96574 6.971364 0.6925655 10.96903 0.9009079 0
3 8.965872 6.971505 0.6925655 10.96905 0.9009079 0
3 8.96585 6.97142 0.6925655 10.96909 0.9009079 0
3 8.864679 6.816847 0.7578008 10.92245 0.9340273 0
3 8.864813 6.816991 0.7578008 10.9226 0.9340273 0
3 8.965324 6.914493 0.7771453 11.02621 0.953558 0
3 8.965193 6.914436 0.7771453 11.02609 0.953558 0
3 8.965259 6.914436 0.7771453 11.02612 0.953558 0
3 8.921762 6.852202 0.6957164 11.00158 1 0
3 8.921872 6.852374 0.6957164 11.00172 1 0
3 8.963943 6.91577 0.7593522 11.02269 0.9212971 0
3 8.963965 6.915826 0.7593522 11.02277 0.9212971 0
3 9.051758 7.048485 0.7203146 11.06512 0.8943185 0
3 9.051693 7.048374 0.7203146 11.06507 0.8943185 0
3 9.096431 7.048374 0.7203146 11.15473 0.9120963 0
3 9.108626 7.072629 0.8686567 11.1548 0.9120963 0
3 9.108692 7.072768 0.8686567 11.15487 0.9120963 0
3 9.173655 7.07163 0.6195576 11.28542 0.9573206 0
3 9.173547 7.071575 0.6195576 11.28537 0.9573206 0
3 9.080908 6.970041 0.758499 11.20203 0.9384513 0
3 9.080951 6.970126 0.758499 11.20212 0.9384513 0
3 9.094573 6.99751 0.8114991 11.20217 0.9384513 0
3 9.025259 6.997398 0.8114991 11.06295 0.981174 0
3 9.025347 6.997455 0.8114991 11.06301 0.981174 0
3 8.942944 6.899555 0.6963823 10.9963 0.833502 0
3 8.943053 6.899697 0.6963823 10.99644 0.833502 0
3 8.866961 6.774652 0.8473817 10.9714 0.9598803 0
3 8.866785 6.774421 0.8473817 10.97119 0.9598803 0
3 8.866961 6.774623 0.8473817 10.9714 0.9598803 0
3 8.839025 6.786483 0.7165161 10.90248 0.9408763 0
3 8.838846 6.78631 0.7165161 10.90227 0.9408763 0
3 8.873186 6.823461 0.6753674 10.93304 0.898567 0
3 8.873341 6.823634 0.6753674 10.93322 0.898567 0
3 8.902275 6.742558 0.6639152 11.07334 0.9771089 0
3 8.902143 6.7425 0.6639152 11.07325 0.9771089 0
3 8.994947 6.796792 0.6307641 11.20458 1 0
3 8.994861 6.796792 0.6307641 11.20447 1 0
3 8.994839 6.796763 0.6307641 11.20447 1 0
3 9.046807 6.800283 0.8336565 11.30523 0.9750901 0
3 9.046829 6.800283 0.8336565 11.30526 0.9750901 0
3 9.003834 6.746455 0.7205762 11.27407 0.9349696 0
3 9.003724 6.746338 0.7205762 11.27398 0.9349696 0
3 9.031265 6.775087 0.7305566 11.29998 0.9214708 0
3 9.031222 6.775058 0.7305566 11.29996 0.9214708 0
3 9.078051 6.750261 0.7751484 11.41899 0.935604 0
3 9.077986 6.750175 0.7751484 11.41887 0.935604 0
3 9.078073 6.750233 0.7751484 11.41896 0.935604 0
3 9.112855 6.874892 0.7477098 11.36235 0.9672524 0
3 9.112596 6.874636 0.7477098 11.36209 0.9672524 0
3 9.009636 6.72998 0.7940009 11.30221 0.9691753 0
3 9.009636 6.72998 0.7940009 11.30219 0.9691753 0
3 9.037507 6.842406 0.6544587 11.24463 0.904195 0
3 9.03742 6.84232 0.6544587 11.24455 0.904195 0
3 9.037442 6.842349 0.6544587 11.24458 0.904195 0
3 9.095026 6.85701 0.7597787 11.34529 0.8278814 0
3 9.094983 6.856953 0.7597787 11.34524 0.8278814 0
3 9.027501 6.709463 0.8066162 11.35921 0.9381387 0
3 9.027392 6.709404 0.8066162 11.35916 0.9381387 0
3 8.966354 6.717905 0.7006112 11.22712 0.8959606 0
3 8.966266 6.717818 0.7006112 11.22711 0.8959606 0
3 8.93624 6.699488 0.8568059 11.18653 0.9019465 0
3 8.93624 6.699459 0.8568059 11.18652 0.9019465 0
3 8.936262 6.699488 0.8568059 11.18652 0.9019465 0
3 8.975333 6.802561 0.7782999 11.15923 0.9538332 0
3 8.975267 6.802504 0.7782999 11.1592 0.9538332 0
3 8.879759 6.68058 0.7129635 11.091 0.8840574 0
3 8.879692 6.680492 0.7129635 11.09095 0.8840574 0
3 8.85723 6.663915 0.5901501 11.06336 0.948514 0
3 8.857297 6.663944 0.5901501 11.06349 0.948514 0
3 8.857208 6.663885 0.5901501 11.06334 0.948514 0
3 8.87489 6.763323 0.5497769 10.99768 0.959127 0
3 8.874912 6.763266 0.5497769 10.99771 0.959127 0
3 8.817328 6.623741 0.6425731 11.02469 1 0
3 8.817373 6.62386 0.6425731 11.02484 1 0
3 8.80105 6.623801 0.6425731 10.99206 0.9240398 0
3 8.725486 6.473024 0.7479349 10.99198 0.9240398 0
3 8.725598 6.473114 0.7479349 10.99206 0.9240398 0
3 8.703577 6.556759 0.7177876 10.86249 0.9124237 0
3 8.703486 6.55667 0.7177876 10.86245 0.9124237 0
3 8.649858 6.567816 0.7185216 10.74347 1 0
3 8.649971 6.567935 0.7185216 10.74362 1 0
3 8.551272 6.437849 0.6571653 10.67682 0.9149863 0
3 8.551227 6.43788 0.6571653 10.6768 0.9149863 0
3 8.551158 6.437727 0.6571653 10.67671 0.9149863 0
3 8.676362 6.462686 0.8127891 10.9031 0.9351065 0
3 8.676317 6.462686 0.8127891 10.9031 0.9351065 0
3 8.719001 6.463565 0.7940611 10.98743 0.966168 0
3 8.71909 6.463626 0.7940611 10.98749 0.966168 0
3 8.73741 6.515748 0.8085092 10.97176 0.8940704 0
3 8.737185 6.515537 0.8085092 10.97158 0.8940704 0
3 8.812314 6.571338 0.662562 11.06614 0.9210041 0
3 8.812114 6.5711 0.662562 11.06594 0.9210041 0
3 8.804955 6.557208 0.6990268 11.06607 0.9210041 0
3 8.830909 6.557298 0.6990268 11.11804 0.9721383 0
3 8.830887 6.557208 0.6990268 11.11801 0.9721383 0
3 8.722829 6.442721 0.8059762 11.01658 0.9465216 0
3 8.722874 6.442781 0.8059762 11.01666 0.9465216 0
3 8.717806 6.488032 0.8089452 10.96076 0.8854954 0
3 8.717941 6.488122 0.8089452 10.96088 0.8854954 0
3 8.669545 6.463748 0.7476874 10.88897 0.9338049 0
3 8.669591 6.463687 0.7476874 10.88891 0.9338049 0
3 8.64577 6.393441 0.7490204 10.91423 0.8764616 0
3 8.645633 6.393472 0.7490204 10.91414 0.8764616 0
3 8.645633 6.39338 0.7490204 10.91414 0.8764616 0
3 8.729087 6.541998 0.6229127 10.93094 0.947646 0
3 8.728907 6.541819 0.6229127 10.93079 0.947646 0
3 8.752908 6.54802 0.7404867 10.97386 0.930304 0
3 8.752863 6.547991 0.7404867 10.97384 0.930304 0
3 8.739095 6.558404 0.8127967 10.9358 0.8872052 0
3 8.739118 6.558374 0.8127967 10.93585 0.8872052 0
3 8.759862 6.666445 0.6745304 10.86868 0.8411041 0
3 8.759794 6.666416 0.6745304 10.8687 0.8411041 0
3 8.759908 6.666475 0.6745304 10.86877 0.8411041 0
3 8.756027 6.590767 0.7447115 10.93902 0.9234055 0
3 8.756004 6.590767 0.7447115 10.93904 0.9234055 0
3 8.69782 6.54859 0.6193271 10.8697 0.9257406 0
3 8.697798 6.54853 0.6193271 10.86966 0.9257406 0
3 8.653898 6.491868 0.543221 10.84268 0.7706892 0
3 8.653921 6.491899 0.543221 10.84274 0.7706892 0
3 8.680368 6.542658 0.7544827 10.84255 0.7706892 0
3 8.68937 6.542838 0.7544827 10.85995 0.8481892 0
3 8.68937 6.542868 0.7544827 10.85995 0.8481892 0
3 8.657416 6.454093 0.5709298 10.88143 0.8500606 0
3 8.657461 6.454154 0.5709298 10.88144 0.8500606 0
3 8.673736 6.453303 0.8118869 10.91279 0.8178627 0
3 8.673872 6.453425 0.8118869 10.91288 0.8178627 0
3 8.693167 6.501286 0.8677422 10.90459 0.9722842 0
3 8.693303 6.501347 0.8677422 10.9047 0.9722842 0
3 8.693279 6.501407 0.8677422 10.90468 0.9722842 0
3 8.604962 6.374183 0.7095664 10.85803 0.8861783 0
3 8.604918 6.374183 0.7095664 10.85803 0.8861783 0
3 8.605032 6.374245 0.7095664 10.8581 0.8861783 0
3 8.605306 6.390006 0.7473083 10.84012 0.8364677 0
3 8.605396 6.390006 0.7473083 10.84017 0.8364677 0
3 8.625345 6.45072 0.7179282 10.81611 0.9156435 0
3 8.625321 6.45072 0.7179282 10.81609 0.9156435 0
3 8.625254 6.450629 0.7179282 10.816 0.9156435 0
3 8.595988 6.426112 0.7410229 10.78167 0.8051961 0
3 8.595988 6.426112 0.7410229 10.78167 0.8051961 0
3 8.601493 6.417135 0.7186215 10.80265 0.8911045 0
3 8.601424 6.416952 0.7186215 10.80254 0.8911045 0
3 8.558 6.346037 0.7609358 10.78564 0.9775562 0
3 8.558114 6.346068 0.7609358 10.78573 0.9775562 0
3 8.5135 6.318449 0.6666867 10.72299 0.9094796 0
3 8.5135 6.318479 0.6666867 10.72299 0.9094796 0
3 8.513432 6.318449 0.6666867 10.72288 0.9094796 0
3 8.625846 6.52032 0.7289479 10.74446 0.8704775 0
3 8.625868 6.520291 0.7289479 10.74448 0.8704775 0
3 8.734329 6.484101 0.7346374 10.99958 0.8702088 0
3 8.734283 6.484101 0.7346374 10.99949 0.8702088 0
3 8.734306 6.484132 0.7346374 10.9995 0.8702088 0
3 8.780692 6.49676 0.8627166 11.07924 0.925868 0
3 8.780692 6.49673 0.8627166 11.07926 0.925868 0
3 8.761656 6.475507 0.6608923 11.06197 0.8360909 0
3 8.761745 6.475658 0.6608923 11.06205 0.8360909 0
3 8.738263 6.52465 0.8469253 10.96553 0.8022058 0
3 8.738241 6.52462 0.8469253 10.96552 0.8022058 0
3 8.738309 6.52471 0.8469253 10.96553 0.8022058 0
3 8.723437 6.501558 0.77853 10.95964 0.8498337 0
3 8.723437 6.501558 0.77853 10.95964 0.8498337 0
3 8.804754 6.606726 0.9771456 11.01623 0.7955608 0
3 8.804754 6.606637 0.9771456 11.01617 0.7955608 0
3 8.83033 6.625429 0.6458557 11.04798 0.9145588 0
3 8.830419 6.625488 0.6458557 11.04803 0.9145588 0
3 8.830375 6.625488 0.6458557 11.04801 0.9145588 0
3 8.757866 6.477415 0.739277 11.05387 0.7800403 0
3 8.75809 6.477626 0.739277 11.05409 0.7800403 0
3 8.658278 6.445703 0.8006509 10.88513 0.8065813 0
3 8.658392 6.445763 0.8006509 10.88524 0.8065813 0
3 8.69007 6.410593 0.9192632 10.9845 0.8568149 0
3 8.690048 6.410593 0.9192632 10.98448 0.8568149 0
3 8.690116 6.410654 0.9192632 10.9845 0.8568149 0
3 8.756588 6.463353 0.6040303 11.06559 0.8845555 0
3 8.75661 6.463444 0.6040303 11.06562 0.8845555 0
3 8.750506 6.520802 0.6406717 10.99358 0.822633 0
3 8.750528 6.520741 0.6406717 10.9936 0.822633 0
3 8.728435 6.48646 0.6118621 10.98403 0.8159677 0
3 8.728322 6.486339 0.6118621 10.9839 0.8159677 0
3 8.728435 6.48649 0.6118621 10.98406 0.8159677 0
3 8.767438 6.579421 0.7985776 10.9716 0.8466305 0
3 8.767506 6.57954 0.7985776 10.97164 0.8466305 0
3 9.08292 6.89031 0.8190266 11.29772 0.873306 0
3 9.082898 6.890396 0.8190266 11.29772 0.873306 0
3 9.382404 6.890253 0.8190266 11.95812 0 0
3 9.382383 6.890282 0.8190266 11.95812 0 0
3 9.38232 6.890253 0.8190266 11.95803 0 0
3 14.52331 16.70025 0 13.77981 0.5417538 0
3 14.52331 16.70022 0 13.77979 0.5417538 0
3 14.51017 16.70025 0 13.69582 0.2498288 0
3 14.51023 16.7003 0 13.69591 0.2498288 0
3 14.51016 16.70022 0 13.69584 0.2498288 0
3 14.51008 16.70019 0 13.69571 0.2498288 0
3 14.51019 16.70028 0 13.69588 0.2498288 0
3 10.24542 8.418743 0.553812 12.22624 0.4969132 0
3 10.24534 8.418626 0.553812 12.22611 0.4969132 0
3 10.0741 7.954753 0.4186229 12.27843 0.4151302 0
3 10.074 7.95463 0.4186229 12.27837 0.4151302 0
3 9.858916 7.525352 0.4552085 12.22365 0.4144037 0
3 9.858837 7.525222 0.4552085 12.22363 0.4144037 0
3 9.858817 7.525274 0.4552085 12.22358 0.4144037 0
3 9.767104 7.309436 0.4707072 12.25063 0.4989601 0
3 9.767164 7.309516 0.4707072 12.2507 0.4989601 0
3 9.795609 7.491114 0.4829013 12.12054 0.4959201 0
3 9.795588 7.491035 0.4829013 12.12052 0.4959201 0
3 9.680137 7.414339 0.5959708 11.96809 0.548601 0
3 9.680239 7.414471 0.5959708 11.9682 0.548601 0
3 9.680137 7.414312 0.5959708 11.9681 0.548601 0
3 9.651132 7.495802 0.5175359 11.83135 0.4231113 0
3 9.651275 7.496038 0.5175359 11.83153 0.4231113 0
3 9.581624 7.51259 0.4583702 11.66256 0.4533052 0
3 9.581583 7.512642 0.4583702 11.66253 0.4533052 0
3 9.520454 7.525665 0.4739527 11.52509 0.6307011 0
3 9.520413 7.525717 0.4739527 11.52511 0.6307011 0
3 9.292041 7.246355 0.4913366 11.34698 0.931568 0
3 9.291893 7.246246 0.4913366 11.34679 0.931568 0
3 9.291893 7.246165 0.4913366 11.34675 0.931568 0
3 9.271312 7.305651 0.5567584 11.24849 0.7683969 0
3 9.271248 7.305543 0.5567584 11.24838 0.7683969 0
3 9.220896 7.171049 0.4710484 11.28441 0.9130976 0
3 9.220917 7.171104 0.4710484 11.28446 0.9130976 0
3 9.201246 7.158152 0.488557 11.25724 0.890306 0
3 9.201288 7.158152 0.488557 11.25724 0.890306 0
3 9.156137 7.103571 0.4645534 11.22025 0.8485927 0
3 9.156029 7.103433 0.4645534 11.22014 0.8485927 0
3 9.143444 7.067579 0.6252338 11.23037 0.9454313 0
3 9.143551 7.067635 0.6252338 11.23039 0.9454313 0
3 9.143616 7.067773 0.6252338 11.23053 0.9454313 0
3 9.033789 7.004907 0.4411445 11.07494 0.855318 0
3 9.033854 7.00502 0.4411445 11.07507 0.855318 0
3 8.973845 6.888175 0.444426 11.075 0.855318 0
3 8.965762 6.888089 0.444426 11.0587 0.8193097 0
3 8.965872 6.88826 0.444426 11.05882 0.8193097 0
3 8.917445 6.746774 0.5987561 11.10445 0.8093318 0
3 8.917467 6.746774 0.5987561 11.10449 0.8093318 0
3 8.735588 6.411816 0.7519968 11.08056 0.9461759 0
3 8.735745 6.411969 0.7519968 11.08067 0.9461759 0
3 8.719879 6.411847 0.7519968 11.05063 0.9170036 0
3 8.732327 6.436113 0.71915 11.05063 0.9170036 0
3 8.732416 6.436173 0.71915 11.0507 0.9170036 0
3 8.776575 6.497122 0.7261028 11.07384 0.8434263 0
3 8.776552 6.497153 0.7261028 11.07382 0.8434263 0
3 8.703238 6.371937 0.8379401 11.05311 0.8619359 0
3 8.703306 6.37203 0.8379401 11.05316 0.8619359 0
3 8.57492 6.247362 0.8400799 10.92097 0.9344959 0
3 8.57492 6.247424 0.8400799 10.92099 0.9344959 0
3 8.475608 6.209052 0.682067 10.76015 0.9327711 0
3 17.34819 16.9331 0.682067 18.03951 0.9327711 1
3 17.34815 16.93307 0.682067 18.03943 0.9327711 1
3 17.27563 16.87182 0.7998081 17.95304 0.9415563 1
3 17.27566 16.87182 0.7998081 17.95308 0.9415563 1
3 17.35852 16.86102 0.8636787 18.14927 0.9213376 1
3 17.35858 16.86103 0.8636787 18.14933 0.9213376 1
3 17.35378 16.8489 0.6349987 18.13745 0.8965888 1
3 17.35382 16.84895 0.6349987 18.13752 0.8965888 1
3 17.35376 16.84891 0.6349987 18.13748 0.8965888 1
3 17.3703 16.90397 0.7080238 18.10758 0.9419125 1
3 17.37035 16.90402 0.7080238 18.10764 0.9419125 1
3 17.42661 16.92815 0.7014096 18.19514 0.9109005 1
3 17.42659 16.92815 0.7014096 18.19507 0.9109005 1
3 17.46695 16.94386 0.7022482 18.26598 0.9632601 1
3 17.46684 16.94375 0.7022482 18.2659 0.9632601 1
3 17.46702 16.94391 0.7022482 18.266 0.9632601 1
3 17.42842 16.869 0.8677146 18.26979 0.875729 1
3 17.42846 16.86902 0.8677146 18.2698 0.875729 1
3 14.90007 10.0049 0 19.91875 0 1
3 14.90011 10.00492 0 19.91878 0 1
3 11.31724 10.00483 0 12.75473 0.4112929 1
3 11.31722 10.00486 0 12.75467 0.4112929 1
3 11.31719 10.00486 0 12.75468 0.4112929 1
3 11.31728 10.00486 0 12.75478 0.4112929 1
3 11.31738 10.00498 0 12.75482 0.4112929 1
3 11.43702 10.0049 0 13.39178 0.7862089 1
3 11.43694 10.00484 0 13.39169 0.7862089 1
3 11.43838 10.00502 0 13.33616 0.64095 1
3 11.43831 10.00492 0 13.33603 0.64095 1
3 10.33676 7.466477 0.7153816 13.22023 0.4599699 1
3 10.33677 7.466477 0.7153816 13.22021 0.4599699 1
3 10.33676 7.466425 0.7153816 13.22026 0.4599699 1
3 10.2501 7.42045 0.7368662 13.11983 0.5068135 1
3 10.25005 7.420371 0.7368662 13.11979 0.5068135 1
3 10.24995 7.420318 0.7368662 13.11971 0.5068135 1
3 10.20772 7.434029 0.8489478 13.02033 0.4571263 1
3 10.20758 7.433923 0.8489478 13.02024 0.4571263 1
3 10.19557 7.378632 0.7892926 13.05749 0.4803806 1
3 10.19557 7.378579 0.7892926 13.05744 0.4803806 1
3 8.241096 3.947196 0.7885382 12.91842 0.6422225 1
3 8.241215 3.947395 0.7885382 12.91853 0.6422225 1
3 8.241191 3.947445 0.7885382 12.91861 0.6422225 1
3 7.612003 3.760517 0.6928453 11.99275 0.8296747 1
3 7.612003 3.760413 0.6928453 11.99276 0.8296747 1
3 7.705432 3.791889 0.5017215 12.05038 0.8900864 1
3 7.705534 3.791992 0.5017215 12.05046 0.8900864 1
3 7.753574 3.843998 0.5733327 12.0854 0.9236459 1
3 7.7536 3.843896 0.5733327 12.0854 0.9236459 1
3 7.7536 3.844049 0.5733327 12.08545 0.9236459 1
3 7.612468 3.565735 0.4422412 12.04506 0.8761336 1
3 7.612519 3.565681 0.4422412 12.0451 0.8761336 1
3 7.538119 3.411051 0.5165944 12.03437 0.825826 1
3 7.538067 3.410936 0.5165944 12.03436 0.825826 1
3 7.500643 3.390555 0.5102415 11.99077 0.9205887 1
3 7.500669 3.390498 0.5102415 11.99081 0.9205887 1
3 7.502213 3.415009 0.4765031 11.96163 0.8904606 1
3 7.502161 3.415009 0.4765031 11.96161 0.8904606 1
3 7.502083 3.415066 0.4765031 11.96155 0.8904606 1
3 7.509664 3.423483 0.5097905 11.96029 0.9101744 1
3 7.509638 3.423369 0.5097905 11.96031 0.9101744 1
3 7.401413 3.306892 0.4921806 11.81953 0.7900617 1
3 7.401519 3.30707 0.4921806 11.81958 0.7900617 1
3 7.182012 3.067969 0.5300448 11.62715 0.8796004 1
3 7.182039 3.068033 0.5300448 11.62719 0.8796004 1
3 7.225857 3.248416 0.4596499 11.56001 0.8539035 1
3 7.225857 3.248235 0.4596499 11.56003 0.8539035 1
3 7.247221 3.24709 0.4853877 11.56011 0.8539035 1
3 7.261312 3.24715 0.4853877 11.57908 0.928279 1
3 7.261446 3.24715 0.4853877 11.57924 0.928279 1
3 7.263986 3.274109 0.5299028 11.57202 0.9337212 1
3 7.263878 3.274049 0.5299028 11.57194 0.9337212 1
3 7.29525 3.352987 0.5843763 11.51848 0.8609924 1
3 7.295277 3.352929 0.5843763 11.51853 0.8609924 1
3 7.295169 3.352929 0.5843763 11.51841 0.8609924 1
3 7.318879 3.385875 0.5275991 11.52916 0.8612518 1
3 7.318986 3.385933 0.5275991 11.52925 0.8612518 1
3 7.347427 3.3503 0.5779665 11.63039 0.8064463 1
3 7.34724 3.350066 0.5779665 11.63025 0.8064463 1
3 7.39725 3.399494 0.6392375 11.68257 0.7872287 1
3 7.397329 3.399609 0.6392375 11.68264 0.7872287 1
3 7.350337 3.251307 0.436385 11.74825 0.9087715 1
3 7.350231 3.251247 0.436385 11.74818 0.9087715 1
3 7.35015 3.251187 0.436385 11.74809 0.9087715 1
3 7.4056 3.281635 0.6712168 11.7967 0.9386256 1
3 7.4056 3.281635 0.6712168 11.79669 0.9386256 1
3 7.369852 3.205646 0.705644 11.81892 0.9321949 1
3 7.369958 3.205829 0.705644 11.819 0.9321949 1
3 7.398364 3.272793 0.6431857 11.85127 0.7984085 1
3 7.39839 3.272674 0.6431857 11.85132 0.7984085 1
3 7.348202 3.186412 0.5306347 11.86591 0.7639525 1
3 7.348068 3.186289 0.5306347 11.86586 0.7639525 1
3 7.348042 3.186289 0.5306347 11.86586 0.7639525 1
3 7.404646 3.259547 0.5743403 11.85549 0.8160723 1
3 7.404779 3.259727 0.5743403 11.85566 0.8160723 1
3 7.37065 3.167741 0.5076357 11.87926 0.9216512 1
3 7.370491 3.167618 0.5076357 11.87909 0.9216512 1
3 7.370597 3.167741 0.5076357 11.87919 0.9216512 1
3 7.388332 3.182047 0.5582997 11.9277 0.8275624 1
3 7.388411 3.182108 0.5582997 11.92775 0.8275624 1
3 7.411215 3.230588 0.448164 11.93651 0.8545018 1
3 7.411057 3.230406 0.448164 11.93642 0.8545018 1
3 7.348148 3.091108 0.4130114 11.95053 0.827243 1
3 7.348175 3.091298 0.4130114 11.95052 0.827243 1
3 7.298449 2.995325 0.6225864 11.90238 0.898814 1
3 7.298449 2.99526 0.6225864 11.90241 0.898814 1
3 7.430518 3.220573 0.6911095 11.93869 0.9857206 1
3 7.430544 3.220695 0.6911095 11.93872 0.9857206 1
3 7.430491 3.220513 0.6911095 11.93867 0.9857206 1
3 7.366283 3.150078 0.609717 11.90402 0.9030247 1
3 7.36639 3.150265 0.609717 11.90412 0.9030247 1
3 7.34 3.06631 0.5622363 11.93091 0.9347246 1
3 7.340026 3.066246 0.5622363 11.93092 0.9347246 1
3 7.39595 3.172496 0.5463957 11.96076 0.8303192 1
3 7.395897 3.172496 0.5463957 11.96069 0.8303192 1
3 7.396029 3.17262 0.5463957 11.96079 0.8303192 1
3 7.387269 3.222822 0.5768978 11.89461 0.8866674 1
3 7.387216 3.222761 0.5768978 11.89456 0.8866674 1
3 7.302051 3.084261 0.458478 11.85686 0.9151048 1
3 7.302051 3.084198 0.458478 11.8569 0.9151048 1
3 7.279634 3.084261 0.458478 11.80504 0.8740672 1
3 7.250631 3.047225 0.5723777 11.80505 0.8740672 1
3 7.25055 3.047225 0.5723777 11.80494 0.8740672 1
3 7.209548 2.982553 0.6393638 11.79039 0.84361 1
3 7.209521 2.982553 0.6393638 11.79034 0.84361 1
3 7.166589 2.874057 0.6776196 11.79866 0.8312844 1
3 7.166589 2.874125 0.6776196 11.79866 0.8312844 1
3 7.067135 2.745664 0.5200744 11.74366 0.854606 1
3 7.067024 2.745735 0.5200744 11.74353 0.854606 1
3 7.067024 2.745593 0.5200744 11.7435 0.854606 1
3 7.087009 2.853825 0.5325888 11.68228 0.8370115 1
3 7.086926 2.853756 0.5325888 11.68221 0.8370115 1
3 7.106028 2.838832 0.6101432 11.72783 0.7594547 1
3 7.106 2.83897 0.6101432 11.7279 0.7594547 1
3 7.002779 2.715412 0.5786906 11.66574 0.7724745 1
3 7.002835 2.71534 0.5786906 11.66574 0.7724745 1
3 7.002807 2.715412 0.5786906 11.66576 0.7724745 1
3 6.99838 2.783544 0.6692007 11.6603 0.7714207 1
3 6.998464 2.783544 0.6692007 11.66039 0.7714207 1
3 7.022722 2.749653 0.5294311 11.76231 0.7845098 1
3 7.022751 2.749725 0.5294311 11.76236 0.7845098 1
3 7.058914 2.722395 0.6501627 11.84442 0.7967637 1
3 7.058831 2.722395 0.6501627 11.84433 0.7967637 1
3 7.058775 2.722323 0.6501627 11.84427 0.7967637 1
3 7.112402 2.805958 0.4770762 11.81318 0.7983789 1
3 7.112375 2.805888 0.4770762 11.81308 0.7983789 1
3 7.096415 2.885137 0.5442303 11.74033 0.7687263 1
3 7.096304 2.885001 0.5442303 11.74028 0.7687263 1
3 7.149487 2.890492 0.5383726 11.81698 0.8781514 1
3 7.149459 2.890425 0.5383726 11.8169 0.8781514 1
3 7.149569 2.890628 0.5383726 11.81705 0.8781514 1
3 7.120259 2.736094 0.4303226 11.8849 0.9530137 1
3 7.120204 2.736094 0.4303226 11.8848 0.9530137 1
3 7.082191 2.642714 0.6409369 11.85468 1 1
3 7.082274 2.642788 0.6409369 11.85474 1 1
3 7.099869 2.673056 0.503676 11.83032 0.8740209 1
3 7.099897 2.673129 0.503676 11.83037 0.8740209 1
3 7.100035 2.673275 0.503676 11.83042 0.8740209 1
3 7.120424 2.776433 0.5704599 11.81483 0.9338872 1
3 7.120369 2.776503 0.5704599 11.81476 0.9338872 1
3 7.006643 2.585204 0.5867536 11.78514 0.7919278 1
3 7.006727 2.58528 0.5867536 11.7852 0.7919278 1
3 6.985642 2.60752 0.6511306 11.82435 0.9116348 1
3 6.985587 2.607369 0.6511306 11.82428 0.9116348 1
3 7.040354 2.643528 0.5788245 11.79366 0.7221839 1
3 7.040549 2.643677 0.5788245 11.79386 0.7221839 1
3 7.040437 2.643454 0.5788245 11.79373 0.7221839 1
3 7.012632 2.686714 0.5940233 11.7702 0.7573661 1
3 7.012632 2.686714 0.5940233 11.77021 0.7573661 1
3 7.000117 2.695443 0.5891516 11.76006 0.8966492 1
3 7.000229 2.695515 0.5891516 11.76016 0.8966492 1
3 6.970857 2.646341 0.4554513 11.7324 0.8423728 1
3 6.970885 2.646266 0.4554513 11.73245 0.8423728 1
3 6.970801 2.646193 0.4554513 11.73235 0.8423728 1
3 7.034417 2.763855 0.7403011 11.79308 0.8119158 1
3 7.034361 2.763713 0.7403011 11.79309 0.8119158 1
3 7.103543 2.952671 0.6777465 11.7674 0.7910755 1
3 7.103571 2.952671 0.6777465 11.7674 0.7910755 1
3 7.158262 3.181862 0.5455146 11.73267 0.8336595 1
3 7.158289 3.181923 0.5455146 11.73267 0.8336595 1
3 7.15818 3.181923 0.5455146 11.73264 0.8336595 1
3 7.209984 3.141989 0.5904236 11.79998 0.8226535 1
3 7.209984 3.142176 0.5904236 11.80006 0.8226535 1
3 7.1884 3.062093 0.6046941 11.85203 0.7260751 1
3 7.188345 3.062157 0.6046941 11.85205 0.7260751 1
3 7.191866 2.99735 0.5451996 11.95337 0.7867424 1
3 7.191756 2.997285 0.5451996 11.95329 0.7867424 1
3 7.20571 2.90697 0.6702302 12.03041 0.8188403 1
3 7.205601 2.906903 0.6702302 12.03038 0.8188403 1
3 7.205737 2.907037 0.6702302 12.03047 0.8188403 1
3 7.274404 2.973284 0.6213865 12.10333 0.7372012 1
3 7.274485 2.973482 0.6213865 12.10341 0.7372012 1
3 7.290676 2.944638 0.6489909 12.152 0.8423266 1
3 7.290649 2.944638 0.6489909 12.15199 0.8423266 1
3 7.293179 2.948823 0.5842997 12.12408 0.7589909 1
3 7.293394 2.949089 0.5842997 12.12426 0.7589909 1
3 7.29342 2.949222 0.5842997 12.12431 0.7589909 1
3 7.223658 2.899755 0.7349158 12.09233 0.7609192 1
3 7.223576 2.899688 0.7349158 12.09225 0.7609192 1
3 7.335267 3.108476 0.3794253 12.10102 0.7535486 1
3 7.335053 3.108476 0.3794253 12.10084 0.7535486 1
3 7.209249 2.771917 0.4604682 12.16149 0.8404263 1
3 7.209221 2.771987 0.4604682 12.1615 0.8404263 1
3 7.209195 2.771917 0.4604682 12.1615 0.8404263 1
3 7.27551 2.796664 0.5372241 12.23382 0.7873559 1
3 7.27551 2.796804 0.5372241 12.23388 0.7873559 1
3 7.303636 2.825631 0.574789 12.27316 0.7583539 1
3 7.303689 2.825493 0.574789 12.27321 0.7583539 1
3 7.357781 2.843379 0.6176714 12.38631 0.7485278 1
3 7.357808 2.843379 0.6176714 12.3863 0.7485278 1
3 7.361593 2.809095 0.3319243 12.40119 0.8163772 1
3 7.361647 2.809026 0.3319243 12.40125 0.8163772 1
3 7.361514 2.808886 0.3319243 12.40116 0.8163772 1
3 7.300869 2.661902 0.523569 12.4781 0.8535705 1
3 7.300922 2.661902 0.523569 12.47808 0.8535705 1
3 7.448585 2.9838 0.6594663 12.43059 0.772122 1
3 7.448427 2.983538 0.6594663 12.43045 0.772122 1
3 7.322309 2.850462 0.5227047 12.3777 0.7529947 1
3 7.32247 2.850737 0.5227047 12.37784 0.7529947 1
3 7.374908 2.912554 0.4446421 12.33825 0.8395844 1
3 7.374935 2.912621 0.4446421 12.33827 0.8395844 1
3 7.374935 2.912554 0.4446421 12.33827 0.8395844 1
3 7.428933 3.125998 0.658662 12.34264 0.903331 1
3 7.428906 3.125872 0.658662 12.34263 0.903331 1
3 7.405124 2.945436 0.5099701 12.38126 0.7604989 1
3 7.405071 2.945436 0.5099701 12.38123 0.7604989 1
3 7.387243 2.875418 0.4580977 12.39128 0.9038063 1
3 7.387296 2.875487 0.4580977 12.39128 0.9038063 1
3 7.387269 2.875487 0.4580977 12.39125 0.9038063 1
3 7.414471 2.991336 0.6380429 12.33906 0.846741 1
3 7.41455 2.991467 0.6380429 12.33918 0.846741 1
3 7.369719 2.867715 0.5985916 12.3176 0.7966282 1
3 7.369719 2.867852 0.5985916 12.31762 0.7966282 1
3 7.282652 2.766332 0.3925482 12.24516 0.741086 1
3 7.282518 2.766191 0.3925482 12.24508 0.741086 1
3 7.24741 2.766545 0.48968 12.21834 0.8067058 1
3 7.247302 2.766262 0.48968 12.21821 0.8067058 1
3 7.247356 2.766403 0.48968 12.21824 0.8067058 1
3 7.138612 2.644935 0.5946568 12.17834 0.8836403 1
3 7.138475 2.644787 0.5946568 12.17822 0.8836403 1
3 7.163631 2.645453 0.5350932 12.14036 0.8678716 1
3 7.163769 2.645675 0.5350932 12.14051 0.8678716 1
3 7.14353 2.60827 0.5807323 12.12325 0.7206982 1
3 7.143612 2.608495 0.5807323 12.12335 0.7206982 1
3 7.143585 2.608495 0.5807323 12.12333 0.7206982 1
3 7.180782 2.736166 0.5674 12.09364 0.787266 1
3 7.180755 2.736094 0.5674 12.09367 0.787266 1
3 7.166342 2.688317 0.4720655 12.17021 0.7938755 1
3 7.166397 2.688462 0.4720655 12.17024 0.7938755 1
3 7.178487 2.746947 0.5886559 12.15954 0.8272086 1
3 7.178432 2.746947 0.5886559 12.15954 0.8272086 1
3 7.178323 2.746733 0.5886559 12.1594 0.8272086 1
3 7.221375 2.883305 0.6146014 12.10919 0.8682095 1
3 7.221348 2.883237 0.6146014 12.1091 0.8682095 1
3 7.150145 2.745664 0.6148841 12.12819 0.8166906 1
3 7.150228 2.745664 0.6148841 12.12828 0.8166906 1
3 7.151874 2.774952 0.4974451 12.08821 0.7629129 1
3 7.151737 2.774881 0.4974451 12.08816 0.7629129 1
3 7.151709 2.774811 0.4974451 12.08805 0.7629129 1
3 7.210147 2.742811 0.4921535 12.1983 0.7423429 1
3 7.210038 2.742811 0.4921535 12.19818 0.7423429 1
3 7.351832 3.046133 0.5488081 12.21212 0.7390959 1
3 7.352072 3.046261 0.5488081 12.21235 0.7390959 1
3 7.350418 3.082293 0.5997807 12.22832 0.6653008 1
3 7.350178 3.082039 0.5997807 12.22816 0.6653008 1
3 7.350337 3.082166 0.5997807 12.22829 0.6653008 1
3 7.378818 3.248536 0.5673365 12.17905 0.6992041 1
3 7.378871 3.248536 0.5673365 12.1791 0.6992041 1
3 7.324533 2.94889 0.546334 12.30307 0.7628427 1
3 7.324506 2.94889 0.546334 12.30299 0.7628427 1
3 7.367987 3.018891 0.4841828 12.32415 0.7659414 1
3 7.367934 3.018891 0.4841828 12.32408 0.7659414 1
3 7.368041 3.019021 0.4841828 12.32421 0.7659414 1
3 7.337781 3.018437 0.5495145 12.3086 0.7293283 1
3 7.337887 3.018437 0.5495145 12.30871 0.7293283 1
3 7.365004 3.077844 0.609155 12.24276 0.7757822 1
3 7.365058 3.077717 0.609155 12.24271 0.7757822 1
3 7.373259 3.075426 0.3633856 12.25287 0.9196306 1
3 7.373232 3.075362 0.3633856 12.25284 0.9196306 1
3 7.373179 3.075362 0.3633856 12.25289 0.9196306 1
3 7.397833 3.174162 0.4354271 12.21082 0.7930712 1
3 7.39786 3.174162 0.4354271 12.21087 0.7930712 1
3 7.313301 2.982882 0.4159465 12.21558 0.8158686 1
3 7.31322 2.982882 0.4159465 12.21553 0.8158686 1
3 7.303314 2.985637 0.6495485 12.21469 0.7739969 1
3 7.303555 2.985899 0.6495485 12.21484 0.7739969 1
3 7.377941 2.998852 0.4718904 12.29761 0.8309163 1
3 7.377914 2.998787 0.4718904 12.29761 0.8309163 1
3 7.377914 2.998852 0.4718904 12.29756 0.8309163 1
3 7.410316 3.111435 0.4755113 12.23113 0.776031 1
3 7.410448 3.11156 0.4755113 12.23123 0.776031 1
3 7.425128 3.068671 0.5071456 12.26371 0.7455107 1
3 7.425208 3.068607 0.5071456 12.26373 0.7455107 1
3 7.35378 2.871604 0.4229741 12.2939 0.7586082 1
3 7.353833 2.87174 0.4229741 12.29393 0.7586082 1
3 7.344409 2.832965 0.4379422 12.25861 0.8079103 1
3 7.344489 2.833034 0.4379422 12.25874 0.8079103 1
3 7.2635 2.641677 0.5002873 12.23728 0.8459517 1
3 7.263473 2.641677 0.5002873 12.23725 0.8459517 1
3 7.263391 2.641677 0.5002873 12.23717 0.8459517 1
3 7.139134 2.42374 0.4333469 12.17443 0.7110381 1
3 7.139107 2.42374 0.4333469 12.17437 0.7110381 1
3 7.11709 2.406965 0.4537705 12.16019 0.7920239 1
3 7.117034 2.406884 0.4537705 12.16019 0.7920239 1
3 7.092986 2.380226 0.5120979 12.14962 0.6698119 1
3 7.092958 2.380226 0.5120979 12.14958 0.6698119 1
3 7.093041 2.380308 0.5120979 12.14963 0.6698119 1
3 7.110472 2.425112 0.3640877 12.1145 0.742272 1
3 7.110416 2.424789 0.3640877 12.1144 0.742272 1
3 7.173375 2.510454 0.4157887 12.14655 0.7490066 1
3 7.173238 2.510376 0.4157887 12.14644 0.7490066 1
3 7.135644 2.332549 0.498281 12.21508 0.7146589 1
3 7.135781 2.332633 0.498281 12.2153 0.7146589 1
3 7.135671 2.332716 0.498281 12.21517 0.7146589 1
3 7.074376 2.248031 0.5065591 12.18636 0.6575836 1
3 7.074348 2.247944 0.5065591 12.18639 0.6575836 1
3 7.097603 2.309782 0.3753852 12.17803 0.8139934 1
3 7.09752 2.309697 0.3753852 12.17796 0.8139934 1
3 7.197592 2.341844 0.4811518 12.30084 0.8843522 1
3 7.197592 2.34176 0.4811518 12.30084 0.8843522 1
3 7.197565 2.34176 0.4811518 12.30083 0.8843522 1
3 7.222435 2.331458 0.3301395 12.35341 0.8199407 1
3 7.222435 2.331625 0.3301395 12.35333 0.8199407 1
3 7.271005 2.408672 0.4508353 12.35135 0.7858987 1
3 7.270978 2.408672 0.4508353 12.35132 0.7858987 1
3 7.341737 2.540063 0.4054979 12.35271 0.8016725 1
3 7.341817 2.540218 0.4054979 12.35283 0.8016725 1
3 7.395154 2.633365 0.4250122 12.35271 0.8016725 1
3 7.423384 2.633439 0.4250122 12.40874 0.9076158 1
3 7.423305 2.633365 0.4250122 12.40866 0.9076158 1
3 7.461193 2.701029 0.5143337 12.40783 0.8324264 1
3 7.461061 2.700884 0.5143337 12.40771 0.8324264 1
3 7.495724 2.812855 0.5051706 12.3682 0.8246573 1
3 7.495828 2.813134 0.5051706 12.36831 0.8246573 1
3 7.490407 2.813064 0.4516168 12.35931 0.8137279 1
3 7.490434 2.813064 0.4516168 12.35934 0.8137279 1
3 7.490381 2.812925 0.4516168 12.35925 0.8137279 1
3 7.490277 2.812925 0.4516168 12.3592 0.8137279 1
3 7.490434 2.813134 0.4516168 12.35939 0.8137279 1
3 7.490381 2.812925 0.4516168 12.35931 0.8137279 1
3 7.514888 2.813064 0.4516168 12.404 0.9265268 1
3 7.967995 3.585449 0.3311855 12.43281 0.722645 1
3 7.968118 3.585558 0.3311855 12.43292 0.722645 1
3 7.968044 3.585449 0.3311855 12.43294 0.722645 1
3 8.037659 3.651465 0.5224174 12.48805 0.6720698 1
3 8.037732 3.651519 0.5224174 12.48821 0.6720698 1
3 8.264388 3.995569 0.5260844 12.58106 0.7419956 1
3 8.26446 3.995618 0.5260844 12.58116 0.7419956 1
3 8.327348 4.088638 0.4964586 12.6063 0.7858588 1
3 8.327419 4.088734 0.4964586 12.60638 0.7858588 1
3 8.218264 3.979707 0.480578 12.50689 0.8774908 1
3 8.218216 3.979707 0.480578 12.50689 0.8774908 1
3 8.218144 3.979559 0.480578 12.50681 0.8774908 1
3 8.335668 4.155721 0.4794886 12.56275 0.7467878 1
3 8.33581 4.155862 0.4794886 12.56289 0.7467878 1
3 8.586341 4.662704 0.5559928 12.53331 0.8289108 1
3 8.586318 4.662746 0.5559928 12.53334 0.8289108 1
3 8.579408 4.697612 0.3863381 12.4854 0.691441 1
3 8.579338 4.697653 0.3863381 12.48533 0.691441 1
3 8.579315 4.697528 0.3863381 12.48527 0.691441 1
3 9.164439 5.841236 0.5412429 12.48802 0.7475435 1
3 9.164289 5.841069 0.5412429 12.48789 0.7475435 1
3 9.272202 6.027013 0.4373086 12.51889 0.9312242 1
3 9.272139 6.026916 0.4373086 12.51881 0.9312242 1
3 9.371148 6.266882 0.3748577 12.47449 0.8709518 1
3 9.371379 6.267102 0.3748577 12.47463 0.8709518 1
3 9.385881 6.266976 0.3748577 12.50377 0.7713584 1
3 9.525945 6.545894 0.5107521 12.50387 0.7713584 1
3 9.525924 6.545924 0.5107521 12.50387 0.7713584 1
3 9.602591 6.721962 0.6629511 12.48168 0.9151806 1
3 9.602591 6.721962 0.6629511 12.48165 0.9151806 1
3 9.710514 6.954517 0.7283186 12.46605 0.8477906 1
3 9.710535 6.954545 0.7283186 12.46606 0.8477906 1
3 9.710474 6.954517 0.7283186 12.46605 0.8477906 1
3 9.676989 6.870183 0.7004455 12.48186 0.8809416 1
3 9.676908 6.870155 0.7004455 12.48179 0.8809416 1
3 9.761707 6.947886 0.8066027 12.57451 0.8024795 1
3 9.761747 6.947915 0.8066027 12.57452 0.8024795 1
3 9.729164 6.898845 0.6306078 12.55817 0.8226175 1
3 9.729265 6.898959 0.6306078 12.55828 0.8226175 1
3 9.712397 6.881309 0.7148327 12.54409 0.7437546 1
3 9.712317 6.881223 0.7148327 12.54399 0.7437546 1
3 9.714057 6.88128 0.7148327 12.54836 0.8178992 1
3 9.685335 6.824783 0.6206682 12.54849 0.8178992 1
3 9.685294 6.824812 0.6206682 12.54849 0.8178992 1
3 9.617728 6.700893 0.801725 12.53648 0.8396719 1
3 9.617952 6.701098 0.801725 12.53673 0.8396719 1
3 9.683771 6.853233 0.6874921 12.51601 0.8457463 1
3 9.683771 6.853204 0.6874921 12.51601 0.8457463 1
3 9.688136 6.862556 0.6937449 12.51601 0.8457463 1
3 9.673351 6.862642 0.6937449 12.48578 0.8578779 1
3 9.673208 6.862442 0.6937449 12.48563 0.8578779 1
3 9.671399 6.882078 0.7968553 12.46306 0.8697337 1
3 9.671481 6.882135 0.7968553 12.46317 0.8697337 1
3 9.606602 6.811695 0.7425615 12.40413 0.8460625 1
3 9.606622 6.811752 0.7425615 12.40411 0.8460625 1
3 9.606663 6.811752 0.7425615 12.40419 0.8460625 1
3 9.58107 6.815552 0.6754231 12.34792 0.8114939 1
3 9.58105 6.815495 0.6754231 12.34784 0.8114939 1
3 9.667517 6.923734 0.7525608 12.41222 0.8908625 1
3 9.667476 6.923649 0.7525608 12.41219 0.8908625 1
3 9.737568 6.936895 0.6870696 12.53841 0.8184555 1
3 9.737649 6.93698 0.6870696 12.53852 0.8184555 1
3 9.726011 6.959677 0.6412933 12.49463 0.7529906 1
3 9.726071 6.959677 0.6412933 12.49468 0.7529906 1
3 9.726132 6.959733 0.6412933 12.49474 0.7529906 1
3 9.71604 6.91367 0.7545496 12.51883 0.8248755 1
3 9.71604 6.913557 0.7545496 12.51876 0.8248755 1
3 9.751348 7.030484 0.6838533 12.47179 0.8757984 1
3 9.751207 7.030456 0.6838533 12.47166 0.8757984 1
3 9.764466 7.039797 0.8481748 12.48873 0.7235626 1
3 9.764305 7.039658 0.8481748 12.48854 0.7235626 1
3 9.776118 7.002723 0.7533919 12.55027 0.8108398 1
3 9.776038 7.002611 0.7533919 12.55015 0.8108398 1
3 9.776118 7.002695 0.7533919 12.55022 0.8108398 1
3 9.776118 6.98845 0.8392467 12.56519 0.7931927 1
3 9.776058 6.988394 0.8392467 12.56517 0.7931927 1
3 9.729285 6.919229 0.8080125 12.54127 0.8719812 1
3 9.729447 6.91937 0.8080125 12.54143 0.8719812 1
3 9.804637 7.075402 0.7288981 12.53385 0.7365683 1
3 9.804657 7.075458 0.7288981 12.53385 0.7365683 1
3 9.804577 7.07543 0.7288981 12.53382 0.7365683 1
3 9.853749 7.176656 0.6266039 12.52823 0.8347755 1
3 9.85367 7.176519 0.6266039 12.52817 0.8347755 1
3 9.909707 7.1986 0.6642827 12.619 0.8895249 1
3 9.909668 7.198573 0.6642827 12.61903 0.8895249 1
3 9.803875 7.04932 0.7621173 12.55812 0.7449713 1
3 9.804076 7.049515 0.7621173 12.55833 0.7449713 1
3 9.803895 7.049403 0.7621173 12.5582 0.7449713 1
3 9.875955 7.188046 0.7385669 12.56437 0.7628843 1
3 9.876036 7.188155 0.7385669 12.56456 0.7628843 1
3 9.90558 7.094535 0.7944489 12.71943 0.8699752 1
3 9.905519 7.094452 0.7944489 12.71935 0.8699752 1
3 9.89535 7.144382 0.7535626 12.64891 0.8621967 1
3 9.89537 7.144353 0.7535626 12.6489 0.8621967 1
3 9.89541 7.144464 0.7535626 12.64898 0.8621967 1
3 9.858977 7.08485 0.7703741 12.63796 0.850539 1
3 9.859056 7.084933 0.7703741 12.63808 0.850539 1
3 9.812776 7.047901 0.7415952 12.58164 0.9348257 1
3 9.812916 7.048095 0.7415952 12.58185 0.9348257 1
3 9.768332 7.047901 0.7415952 12.49388 0.7839085 1
3 9.735791 6.981121 0.7675998 12.49403 0.7839085 1
3 9.735649 6.980952 0.7675998 12.49389 0.7839085 1
3 9.733932 6.941616 0.6723993 12.53097 0.8589019 1
3 9.733892 6.941616 0.6723993 12.53095 0.8589019 1
3 9.733528 6.944102 0.8112246 12.52588 0.8019777 1
3 9.733508 6.944017 0.8112246 12.52582 0.8019777 1
3 9.733428 6.943989 0.8112246 12.52579 0.8019777 1
3 9.829294 7.068939 0.6982453 12.59269 0.7028986 1
3 9.829213 7.068883 0.6982453 12.5926 0.7028986 1
3 9.886483 7.125712 0.7115004 12.64699 0.8451807 1
3 9.886443 7.125685 0.7115004 12.64688 0.8451807 1
3 9.910006 7.161851 0.7515115 12.65674 0.840151 1
3 9.910045 7.161934 0.7515115 12.65675 0.840151 1
3 9.910145 7.162044 0.7515115 12.65683 0.840151 1
3 9.89688 7.110196 0.6069062 12.68257 0.7260836 1
3 9.896959 7.110334 0.6069062 12.68266 0.7260836 1
3 9.913239 7.114443 0.7172572 12.7122 0.738766 1
3 9.913457 7.114609 0.7172572 12.71239 0.738766 1
3 9.897993 7.075901 0.7646301 12.71941 0.948388 1
3 9.897952 7.075846 0.7646301 12.71941 0.948388 1
3 9.897993 7.075901 0.7646301 12.71945 0.948388 1
3 9.896423 7.052464 0.6715546 12.74119 0.7432829 1
3 9.896502 7.052575 0.6715546 12.74125 0.7432829 1
3 9.903713 7.036926 0.7546149 12.7696 0.7980061 1
3 9.903772 7.03701 0.7546149 12.76966 0.7980061 1
3 9.956667 7.147593 0.6419757 12.76237 0.7772673 1
3 9.956609 7.147593 0.6419757 12.76235 0.7772673 1
3 9.956708 7.147565 0.6419757 12.76237 0.7772673 1
3 9.990523 7.210065 0.8615598 12.76923 0.8482084 1
3 9.990504 7.210092 0.8615598 12.76923 0.8482084 1
3 9.971964 7.171104 0.6834622 12.77136 0.8261461 1
3 9.971964 7.171104 0.6834622 12.77136 0.8261461 1
3 9.971905 7.171132 0.6834622 12.77132 0.8261461 1
3 9.953803 7.138448 0.7213966 12.76659 0.7946256 1
3 9.953685 7.138338 0.7213966 12.76648 0.7946256 1
3 9.951255 7.169873 0.701977 12.73148 0.8296204 1
3 9.951313 7.169982 0.701977 12.73157 0.8296204 1
3 10.0039 7.273649 0.7024043 12.73428 0.8438737 1
3 10.00408 7.273811 0.7024043 12.73442 0.8438737 1
3 10.0041 7.273838 0.7024043 12.73445 0.8438737 1
3 9.948784 7.168176 0.6593846 12.7283 0.7783553 1
3 9.948764 7.168149 0.6593846 12.7283 0.7783553 1
3 9.956016 7.051657 0.5803897 12.8587 0.8248425 1
3 9.956016 7.051657 0.5803897 12.85865 0.8248425 1
3 9.975394 7.110113 0.6717769 12.83813 0.7794636 1
3 9.975197 7.109892 0.6717769 12.83799 0.7794636 1
3 9.975335 7.110003 0.6717769 12.83813 0.7794636 1
3 9.958465 7.100284 0.7449138 12.81307 0.71523 1
3 9.958445 7.100339 0.7449138 12.81304 0.71523 1
3 9.87466 6.982666 0.8833082 12.7641 0.7270039 1
3 9.874561 6.982553 0.8833082 12.76399 0.7270039 1
3 9.853131 6.988169 0.7295785 12.71628 0.8426896 1
3 9.85317 6.988226 0.7295785 12.71631 0.8426896 1
3 9.853051 6.988085 0.7295785 12.71622 0.8426896 1
3 9.808046 6.951047 0.8032607 12.66342 0.8374492 1
3 9.808126 6.951104 0.8032607 12.66349 0.8374492 1
3 9.851395 6.982132 0.8562139 12.7207 0.8074771 1
3 9.851414 6.982132 0.8562139 12.72073 0.8074771 1
3 9.881907 7.016519 0.8314938 12.7465 0.711527 1
3 9.881947 7.016603 0.8314938 12.74653 0.711527 1
3 9.870399 6.980418 0.6982545 12.76101 0.8666291 1
3 9.870439 6.980474 0.6982545 12.76104 0.8666291 1
3 9.870478 6.980418 0.6982545 12.7611 0.8666291 1
3 9.885687 7.031795 0.7238883 12.74097 0.7861055 1
3 9.885826 7.031907 0.7238883 12.74113 0.7861055 1
3 9.895509 7.046008 0.7764622 12.74582 0.8367301 1
3 9.89545 7.045897 0.7764622 12.74573 0.8367301 1
3 9.952559 7.113588 0.705053 12.79061 0.9024182 1
3 9.952677 7.113726 0.705053 12.79074 0.9024182 1
3 9.864161 6.981879 0.7890725 12.74624 0.8999196 1
3 9.864221 6.981963 0.7890725 12.74631 0.8999196 1
3 9.86412 6.981851 0.7890725 12.74616 0.8999196 1
3 9.793721 6.93087 0.6726002 12.65569 0.8693328 1
3 9.793641 6.930757 0.6726002 12.65563 0.8693328 1
3 9.756389 6.890509 0.6615663 12.62026 0.881178 1
3 9.756429 6.890623 0.6615663 12.62029 0.881178 1
3 9.759834 6.886295 0.735522 12.63348 0.8525863 1
3 9.759914 6.886323 0.735522 12.63357 0.8525863 1
3 9.743664 6.886295 0.735522 12.60079 0.7959054 1
3 9.779477 6.956012 0.6246392 12.60079 0.7959054 1
3 9.779456 6.955956 0.6246392 12.60079 0.7959054 1
3 9.68712 6.817681 0.7645902 12.55691 0.896036 1
3 9.68702 6.817537 0.7645902 12.55685 0.896036 1
3 9.671684 6.796071 0.6348115 12.54734 0.8368048 1
3 9.671724 6.796071 0.6348115 12.54737 0.8368048 1
3 9.714462 6.943424 0.7551086 12.48619 0.801708 1
3 9.714522 6.943509 0.7551086 12.48634 0.801708 1
3 9.714522 6.943481 0.7551086 12.4863 0.801708 1
3 9.733589 6.975274 0.6177216 12.49339 0.8801091 1
3 9.733468 6.975161 0.6177216 12.49331 0.8801091 1
3 9.613843 6.756651 0.7314878 12.47378 0.7912591 1
3 9.613782 6.756535 0.7314878 12.47367 0.7912591 1
3 9.66475 6.813451 0.6428385 12.51671 0.7820655 1
3 9.664811 6.813595 0.6428385 12.51681 0.7820655 1
3 9.757235 6.894152 0.7100378 12.62078 0.7655059 1
3 9.757114 6.894066 0.7100378 12.62068 0.7655059 1
3 9.757154 6.894066 0.7100378 12.62067 0.7655059 1
3 9.792055 6.911996 0.6971707 12.67499 0.8790438 1
3 9.792014 6.911911 0.6971707 12.67492 0.8790438 1
3 9.726335 6.816933 0.634917 12.63704 0.8514736 1
3 9.726274 6.816847 0.634917 12.63696 0.8514736 1
3 9.724939 6.83205 0.5568156 12.62095 0.7247205 1
3 9.725122 6.832222 0.5568156 12.62109 0.7247205 1
3 9.774691 6.911542 0.7186092 12.63829 0.7532604 1
3 9.77463 6.911428 0.7186092 12.63821 0.7532604 1
3 9.774751 6.911655 0.7186092 12.63833 0.7532604 1
3 9.739869 6.858182 0.7908368 12.62098 0.7644829 1
3 9.739849 6.858154 0.7908368 12.621 0.7644829 1
3 9.661006 6.742122 0.7315453 12.57928 0.9179668 1
3 9.661047 6.742151 0.7315453 12.57931 0.9179668 1
3 9.773463 6.924075 0.6597581 12.62147 0.8232917 1
3 9.773403 6.924046 0.6597581 12.62142 0.8232917 1
3 9.773423 6.924103 0.6597581 12.62145 0.8232917 1
3 9.882743 7.064887 0.8746421 12.69891 0.7372004 1
3 9.882783 7.064887 0.8746421 12.69891 0.7372004 1
3 9.816783 6.979884 0.8118686 12.65096 0.8105128 1
3 9.816823 6.979997 0.8118686 12.65099 0.8105128 1
3 9.778954 6.944498 0.6255116 12.61068 0.8761536 1
3 9.778812 6.944356 0.6255116 12.61055 0.8761536 1
3 9.778994 6.944441 0.6255116 12.61069 0.8761536 1
3 9.851275 7.00233 0.8496968 12.69642 0.7738343 1
3 9.851194 7.002218 0.8496968 12.69636 0.7738343 1
3 10.02166 7.249874 0.6955026 12.7887 0.8373082 1
3 10.02168 7.249874 0.6955026 12.78872 0.8373082 1
3 10.12561 7.449191 0.6392496 12.7972 0.8274453 1
3 10.12541 7.449033 0.6392496 12.79701 0.8274453 1
3 10.1146 7.449033 0.6392496 12.77489 0.800916 1
3 10.03948 7.299202 0.8007913 12.77487 0.800916 1
3 10.03946 7.299149 0.8007913 12.77486 0.800916 1
3 9.961229 7.171049 0.6943797 12.74701 0.7870221 1
3 9.961268 7.171104 0.6943797 12.74707 0.7870221 1
3 9.935392 7.154589 0.6817002 12.71093 0.8190718 1
3 9.935412 7.154698 0.6817002 12.71093 0.8190718 1
3 9.950009 7.316171 0.7209915 12.57907 0.7669802 1
3 9.950227 7.316411 0.7209915 12.57932 0.7669802 1
3 9.950128 7.316305 0.7209915 12.57921 0.7669802 1
3 9.946431 7.346439 0.6602567 12.54198 0.768181 1
3 9.946372 7.346306 0.6602567 12.54192 0.768181 1
3 9.916471 7.258906 0.8187329 12.56942 0.7144391 1
3 9.916471 7.258825 0.8187329 12.56938 0.7144391 1
3 9.916471 7.258906 0.8187329 12.56941 0.7144391 1
3 9.95246 7.334598 0.7647954 12.56581 0.7715794 1
3 9.95246 7.334545 0.7647954 12.56574 0.7715794 1
3 10.00335 7.455563 0.7590131 12.54671 0.7876486 1
3 10.00349 7.455773 0.7590131 12.54682 0.7876486 1
3 10.00361 7.420238 0.853866 12.58204 0.8391307 1
3 10.0038 7.420397 0.853866 12.58219 0.8391307 1
3 10.00382 7.420371 0.853866 12.58222 0.8391307 1
3 10.09793 7.504593 0.8585907 12.68574 0.7982386 1
3 10.09797 7.504671 0.8585907 12.68577 0.7982386 1
3 10.15172 7.645394 0.7713962 12.65264 0.8164529 1
3 10.1518 7.64542 0.7713962 12.6527 0.8164529 1
3 10.20197 7.717394 0.68432 12.68102 0.7578754 1
3 10.20188 7.717292 0.68432 12.68092 0.7578754 1
3 10.254 7.821975 0.8138831 12.68106 0.7578754 1
3 10.31668 7.82185 0.8138831 12.80588 0.7378266 1
3 10.31673 7.8219 0.8138831 12.80592 0.7378266 1
3 10.45536 7.925978 0.7934089 12.97932 0.7917275 1
3 10.45549 7.926102 0.7934089 12.97946 0.7917275 1
3 10.68019 8.247432 0.8124717 13.10818 0.8474277 1
3 10.68023 8.247456 0.8124717 13.10824 0.8474277 1
3 10.68023 8.247432 0.8124717 13.10817 0.8474277 1
3 10.78967 8.429442 0.6055291 13.1466 0.843224 1
3 10.78967 8.42942 0.6055291 13.14665 0.843224 1
3 10.94873 8.58252 0.6965584 13.31181 0.8243812 1
3 10.94864 8.582451 0.6965584 13.31178 0.8243812 1
3 11.0597 8.740826 0.7782385 13.37851 0.77706 1
3 11.05971 8.74087 0.7782385 13.37856 0.77706 1
3 11.05971 8.740826 0.7782385 13.37856 0.77706 1
3 11.15687 8.883165 0.7455607 13.43279 0.7608289 1
3 11.15664 8.882878 0.7455607 13.43248 0.7608289 1
3 11.42315 9.115808 0.726647 13.73231 0.7227105 1
3 11.42303 9.115701 0.726647 13.7322 0.7227105 1
3 11.47046 9.151586 0.6613194 13.79735 0.8547923 1
3 11.47051 9.151586 0.6613194 13.79739 0.8547923 1
3 11.47801 9.162873 0.7268135 13.79743 0.8547923 1
3 11.4108 9.162766 0.7268135 13.66988 0.8731852 1
3 11.4108 9.162723 0.7268135 13.66992 0.8731852 1
3 11.40253 9.156008 0.772186 13.65306 0.8409825 1
3 11.40249 9.156008 0.772186 13.65306 0.8409825 1
3 11.42087 9.239758 0.7325819 13.60663 0.8223025 1
3 11.42103 9.239908 0.7325819 13.60679 0.8223025 1
3 11.41851 9.239908 0.7325819 13.60278 0.8027516 1
3 11.45729 9.317303 0.8539207 13.60277 0.8027516 1
3 11.45722 9.317177 0.8539207 13.60268 0.8027516 1
3 11.32877 9.142047 0.8694951 13.5206 0.8256842 1
3 11.32891 9.142133 0.8694951 13.52073 0.8256842 1
3 11.32886 9.14209 0.8694951 13.52063 0.8256842 1
3 11.08997 8.89521 0.701342 13.29293 0.7623037 1
3 11.08994 8.89521 0.701342 13.29295 0.7623037 1
3 11.01507 8.856299 0.8179086 13.18277 0.7132185 1
3 11.01505 8.856255 0.8179086 13.18275 0.7132185 1
3 11.01496 8.856211 0.8179086 13.18269 0.7132185 1
3 10.77156 8.491673 0.7870265 13.06408 0.6411026 1
3 10.77163 8.491719 0.7870265 13.06415 0.6411026 1
3 10.61706 8.310613 0.8030787 12.93096 0.7015716 1
3 10.61697 8.310542 0.8030787 12.93094 0.7015716 1
3 10.56576 8.313212 0.606167 12.82278 0.8569113 1
3 10.56585 8.313306 0.606167 12.82285 0.8569113 1
3 10.63575 8.451081 0.7216682 12.82318 0.9021395 1
3 10.63584 8.451081 0.7216682 12.82328 0.9021395 1
3 10.63589 8.451127 0.7216682 12.82334 0.9021395 1
3 10.77247 8.553776 0.6819932 12.99232 0.6482322 1
3 10.77252 8.553843 0.6819932 12.99241 0.6482322 1
3 10.98274 8.751472 0.6843324 13.21231 0.777652 1
3 10.98267 8.751337 0.6843324 13.21222 0.777652 1
3 11.28914 9.090941 0.7602797 13.48598 0.6909914 1
3 11.28934 9.091159 0.7602797 13.48613 0.6909914 1
3 11.28938 9.09118 0.7602797 13.48613 0.6909914 1
3 11.50277 9.378486 0.6507284 13.62395 0.7903078 1
3 11.50271 9.378361 0.6507284 13.62389 0.7903078 1
3 11.81118 9.8151 0.8699702 13.80864 0.8455042 1
3 11.81114 9.8151 0.8699702 13.80864 0.8455042 1
3 11.81109 9.814981 0.8699702 13.80852 0.8455042 1
3 11.98491 10.05064 0.7337273 13.91794 0.6900537 1
3 11.98505 10.05078 0.7337273 13.91806 0.6900537 1
3 11.98923 10.08783 0.8221606 13.8916 0.6883274 1
3 11.98916 10.08779 0.8221606 13.89153 0.6883274 1
3 12.01785 10.03354 0.7256915 14.00945 0.7629662 1
3 12.01779 10.03344 0.7256915 14.0094 0.7629662 1
3 12.01785 10.03346 0.7256915 14.00943 0.7629662 1
3 12.02792 10.06361 0.797316 14.00004 0.8289989 1
3 12.02788 10.06359 0.797316 14.00004 0.8289989 1
3 12.21166 10.28457 0.8253602 14.14341 0.8420311 1
3 12.21164 10.28453 0.8253602 14.14335 0.8420311 1
3 12.38587 10.46074 0.7162459 14.31465 0.880955 1
3 12.38587 10.46078 0.7162459 14.3146 0.880955 1
3 12.38591 10.4608 0.7162459 14.31464 0.880955 1
3 12.65836 10.83445 0.8442491 14.4921 0.7466707 1
3 12.65814 10.83427 0.8442491 14.49188 0.7466707 1
3 13.20097 11.6242 0.6227778 14.80888 0.8117795 1
3 13.20104 11.62427 0.6227778 14.80893 0.8117795 1
3 13.33036 11.6242 0.6227778 15.0646 0.6996891 1
3 13.33039 11.62424 0.6227778 15.06465 0.6996891 1
3 18.49707 21.56861 0.5888764 15.37341 0.736456 1
3 18.49711 21.56863 0.5888764 15.37344 0.736456 1
3 18.4971 21.56865 0.5888764 15.37344 0.736456 1
3 12.35403 10.00483 0 15.798 0.6921018 1
3 12.35414 10.00488 0 15.79813 0.6921018 1
3 16.05186 15.58734 0.5887698 16.57161 0.8384699 1
3 16.05197 15.5874 0.5887698 16.57169 0.8384699 1
3 16.30872 15.81936 0.3682241 16.86133 0.4454849 1
3 16.30867 15.81933 0.3682241 16.86135 0.4454849 1
3 16.30871 15.81936 0.3682241 16.86136 0.4454849 1
3 19.85819 17.59642 0.6848009 22.9278 0.7582919 1
3 19.85834 17.59654 0.6848009 22.92792 0.7582919 1
3 17.88579 17.97321 0.3039734 19.91863 0 1
3 17.88585 17.9733 0.3039734 19.9187 0 1
3 18.78661 19.84072 0.573384 19.91865 0 1
3 18.78671 19.84085 0.573384 19.91875 0 1
3 18.78672 19.84085 0.573384 19.91875 0 1
3 20.10369 19.94611 0.6881245 20.407 0.8257479 1
3 20.10366 19.94604 0.6881245 20.40693 0.8257479 1
3 20.62453 20.74897 0.6068464 20.65646 0.5884235 1
3 20.62458 20.74903 0.6068464 20.65655 0.5884235 1
3 20.92204 21.02733 0.5877381 20.97408 0.529899 1
3 20.92202 21.02736 0.5877381 20.97409 0.529899 1
3 21.06494 21.02736 0.5877381 21.24764 0.7001541 1
3 21.09568 21.09306 0.6950693 21.24769 0.7001541 1
3 21.09565 21.09301 0.6950693 21.24763 0.7001541 1
3 21.28365 21.15981 0.7785217 21.53808 0.8305349 1
3 21.28348 21.1596 0.7785217 21.53792 0.8305349 1
3 21.28354 21.15968 0.7785217 21.53794 0.8305349 1
3 21.34222 21.23258 0.7485016 21.58124 0.7020227 1
3 21.34235 21.23267 0.7485016 21.58129 0.7020227 1
3 21.31969 21.21837 0.5733672 21.54619 0.6924978 1
3 21.31953 21.21822 0.5733672 21.54605 0.6924978 1
3 21.29484 21.23755 0.8038309 21.48519 0.7349184 1
3 21.29479 21.23752 0.8038309 21.48511 0.7349184 1
3 21.29492 21.23763 0.8038309 21.48524 0.7349184 1
3 21.08165 20.88083 0.774768 21.42046 0.6378775 1
3 21.08167 20.88087 0.774768 21.42044 0.6378775 1
3 21.00484 20.83766 0.8155606 21.31609 0.7862421 1
3 21.00486 20.83766 0.8155606 21.31611 0.7862421 1
3 20.97328 20.78522 0.6960443 21.30603 0.7298028 1
3 20.97322 20.78513 0.6960443 21.30596 0.7298028 1
3 20.97336 20.78528 0.6960443 21.30613 0.7298028 1
3 21.0113 20.8218 0.7167507 21.33712 0.7550757 1
3 21.01135 20.82188 0.7167507 21.33718 0.7550757 1
3 21.00307 20.79537 0.645866 21.34838 0.6952995 1
3 21.00309 20.79537 0.645866 21.3484 0.6952995 1
3 21.02461 20.80317 0.7493283 21.37747 0.6396422 1
3 21.02455 20.80309 0.7493283 21.37741 0.6396422 1
3 21.04142 20.82066 0.5713502 21.39209 0.6735995 1
3 21.04147 20.82072 0.5713502 21.39214 0.6735995 1
3 21.04143 20.82066 0.5713502 21.39212 0.6735995 1
3 20.72618 20.37914 0.5309 21.20904 0.5989004 1
3 20.72618 20.37913 0.5309 21.20904 0.5989004 1
3 20.44394 20.00239 0.4874022 21.02169 0.6660408 1
3 20.44387 20.00233 0.4874022 21.02165 0.6660408 1
3 20.44409 20.00253 0.4874022 21.02185 0.6660408 1
3 20.13604 19.55809 0.5305734 20.84281 0.5283867 1
3 20.13589 19.55795 0.5305734 20.84271 0.5283867 1
3 19.77687 19.14208 0.4722535 20.54441 0.6152769 1
3 19.77696 19.14212 0.4722535 20.54446 0.6152769 1
3 19.36286 18.55393 0.5771739 20.29375 0.586495 1
3 19.36281 18.55387 0.5771739 20.29369 0.586495 1
3 19.36275 18.55382 0.5771739 20.29364 0.586495 1
3 18.99758 18.16184 0.5814216 19.92803 0.6370725 1
3 18.99755 18.16178 0.5814216 19.92799 0.6370725 1
3 18.93097 17.96045 0.7879251 19.98899 0.6280264 1
3 18.93085 17.96034 0.7879251 19.9889 0.6280264 1
3 18.84517 17.79865 0.8375029 19.97401 0.6847819 1
3 18.84509 17.79862 0.8375029 19.97394 0.6847819 1
3 18.84514 17.79862 0.8375029 19.97394 0.6847819 1
3 18.72689 17.63883 0.7321038 19.89594 0.6703854 1
3 18.72692 17.63883 0.7321038 19.89595 0.6703854 1
3 18.46917 17.15364 0.5376822 19.85657 0.7721025 1
3 18.46904 17.15354 0.5376822 19.85643 0.7721025 1
3 18.32014 16.80951 0.7193627 19.89164 0.6986383 1
3 18.32029 16.80963 0.7193627 19.89174 0.6986383 1
3 18.27422 16.80959 0.7193627 19.80449 0.7390991 1
3 18.22915 16.71529 0.4310028 19.80449 0.7390991 1
3 18.22907 16.71522 0.4310028 19.80443 0.7390991 1
3 18.0074 16.36047 0.5107457 19.71032 0.7012922 1
3 18.0075 16.36056 0.5107457 19.71041 0.7012922 1
3 17.66073 16.03072 0.6063353 19.33639 0.543945 1
3 17.66081 16.03078 0.6063353 19.33644 0.543945 1
3 17.66078 16.0307 0.6063353 19.33644 0.543945 1
3 17.4122 15.828 0.6921508 19.04498 0.6588345 1
3 17.4122 15.828 0.6921508 19.04493 0.6588345 1
3 17.22703 15.46382 0.427881 19.04493 0.6588345 1
3 17.22716 15.46396 0.427881 19.04509 0.6588345 1
3 17.22707 15.46387 0.427881 19.04498 0.6588345 1
3 16.49147 14.55246 0.6151423 19.91872 0 1
3 16.49149 14.5525 0.6151423 19.91875 0 1
3 16.01595 14.31494 0.5548414 17.76309 0.7416187 1
3 16.01593 14.31493 0.5548414 17.76308 0.7416187 1
3 16.01599 14.31502 0.5548414 17.76315 0.7416187 1
3 16.05086 14.22209 0.5153076 17.92741 0.7715462 1
3 16.05101 14.22229 0.5153076 17.9276 0.7715462 1
3 15.98601 14.12111 0.6331816 17.89013 0.6817299 1
3 15.98603 14.12109 0.6331816 17.89013 0.6817299 1
3 15.88076 14.03385 0.585077 17.76177 0.7688619 1
3 15.88065 14.03373 0.585077 17.76159 0.7688619 1
3 15.88063 14.03371 0.585077 17.7616 0.7688619 1
3 15.70052 13.80437 0.644788 17.6252 0.7531114 1
3 15.70069 13.80456 0.644788 17.62535 0.7531114 1
3 15.41564 13.41666 0.632108 17.44366 0.6773102 1
3 15.41554 13.41652 0.632108 17.44355 0.6773102 1
3 15.19671 13.06656 0.781311 17.35676 0.5724351 1
3 15.19675 13.06662 0.781311 17.3568 0.5724351 1
3 15.19671 13.06653 0.781311 17.35677 0.5724351 1
3 15.192 13.18512 0.5908408 17.23178 0.6622454 1
3 15.19196 13.18507 0.5908408 17.23174 0.6622454 1
3 15.07655 13.08907 0.7366679 17.0982 0.7210132 1
3 15.07653 13.08907 0.7366679 17.09818 0.7210132 1
3 15.02471 13.03851 0.6095682 17.04295 0.8043827 1
3 15.02471 13.03848 0.6095682 17.04295 0.8043827 1
3 15.02472 13.03851 0.6095682 17.04297 0.8043827 1
3 15.02463 13.03845 0.6095682 17.0429 0.8043827 1
3 14.68456 12.56302 0.657182 16.83636 0.644558 1
3 14.68449 12.56299 0.657182 16.83633 0.644558 1
3 14.52483 12.33493 0.7357682 16.7494 0.5388417 1
3 14.52479 12.33493 0.7357682 16.7494 0.5388417 1
3 14.42755 12.33497 0.7357682 16.55395 0.5717001 1
3 14.32851 12.1402 0.6270013 16.55394 0.5717001 1
3 14.32857 12.14023 0.6270013 16.55394 0.5717001 1
3 14.154 11.91754 0.6945549 16.41691 0.6301799 1
3 14.15387 11.91745 0.6945549 16.41686 0.6301799 1
3 14.11761 11.93448 0.7321549 16.3257 0.6279035 1
3 14.11764 11.93451 0.7321549 16.32575 0.6279035 1
3 14.11766 11.93454 0.7321549 16.32575 0.6279035 1
3 14.03309 11.84129 0.6734269 16.25171 0.6148987 1
3 14.03315 11.84134 0.6734269 16.25173 0.6148987 1
3 13.95913 11.7641 0.6494322 16.1771 0.677628 1
3 13.95902 11.76402 0.6494322 16.17704 0.677628 1
3 13.85227 11.72452 0.6714926 16.00436 0.648141 1
3 13.85227 11.72454 0.6714926 16.0044 0.648141 1
3 13.90157 11.82163 0.6168303 16.00441 0.648141 1
3 13.81375 11.71361 0.7281533 15.93512 0.5785915 1
3 13.81375 11.71364 0.7281533 15.93516 0.5785915 1
3 13.75027 11.5814 0.6741134 15.93591 0.7143867 1
3 13.75014 11.58124 0.6741134 15.93583 0.7143867 1
3 13.76826 11.5986 0.7470476 15.95286 0.6960192 1
3 13.76822 11.59857 0.7470476 15.95282 0.6960192 1
3 13.69437 11.49612 0.9199084 15.90735 0.6547791 1
3 13.69434 11.49617 0.9199084 15.90735 0.6547791 1
3 13.69448 11.49625 0.9199084 15.90742 0.6547791 1
3 13.55348 11.25729 0.8369018 15.85495 0.5970068 1
3 13.5535 11.25727 0.8369018 15.85491 0.5970068 1
3 13.52869 11.27143 0.692293 15.7932 0.6155695 1
3 13.52868 11.27135 0.692293 15.7932 0.6155695 1
3 13.52869 11.27136 0.692293 15.7932 0.6155695 1
3 13.54111 11.25573 0.7719302 15.82946 0.7870231 1
3 13.5409 11.25549 0.7719302 15.82924 0.7870231 1
3 13.57496 11.34791 0.6565399 15.80445 0.7319883 1
3 13.57505 11.34797 0.6565399 15.80447 0.7319883 1
