pcIndex middleAcc leftAcc leftCon rightAcc rightCon caliIndex
1 13.63526 12.74782 0.47047 15.57216 0.5599756 0
1 13.6353 12.74791 0.47047 15.57216 0.5599756 0
1 53.87599 68.65215 0 16.82295 0.7487957 0
1 53.876 68.65218 0 16.82291 0.7487957 0
1 20.62012 23.35583 0.6811797 21.03774 0.8983656 0
1 20.62011 23.35586 0.6811797 21.03769 0.8983656 0
1 54.25002 68.6522 0 21.03772 0.8983656 0
1 54.25 68.65218 0 21.03775 0.8983656 0
1 54.25 68.65219 0 21.03782 0.8983656 0
1 53.85328 68.65217 0 19.23765 0.9043697 0
1 53.85331 68.65223 0 19.23761 0.9043697 0
1 53.7996 68.65215 0 22.07608 0.6339943 0
1 53.79957 68.65219 0 22.07608 0.6339943 0
1 53.79965 68.65222 0 22.07604 0.6339943 0
1 47.08174 68.65221 0 52.19109 0 0
1 47.08172 68.65223 0 52.1911 0 0
1 32.6016 14.04747 0.6174654 52.19112 0 0
1 32.60158 14.04748 0.6174654 52.19109 0 0
1 32.6016 14.04748 0.6174654 52.19112 0 0
1 33.68911 15.96956 0.9519274 52.19114 0 0
1 33.68906 15.96951 0.9519274 52.19112 0 0
1 47.08168 68.6522 0 52.19115 0 0
1 47.08171 68.65221 0 52.1911 0 0
1 47.0817 68.65221 0 52.1911 0 0
1 47.0817 68.65221 0 52.19112 0 0
1 47.08176 68.65224 0 52.19112 0 0
1 16.01971 13.26904 0.6152831 20.27325 0.3993984 0
1 16.01955 13.26894 0.6152831 20.27311 0.3993984 0
1 16.01963 13.26904 0.6152831 20.27318 0.3993984 0
1 13.60277 9.507913 0.4840674 18.0851 0.5028027 0
1 13.60273 9.507851 0.4840674 18.08506 0.5028027 0
1 52.12951 68.65219 0 17.81169 0.5944647 0
1 52.12949 68.65218 0 17.81165 0.5944647 0
1 52.68705 68.65221 0 11.5386 0.4819935 0
1 52.68707 68.6522 0 11.5386 0.4819935 0
1 52.68707 68.65219 0 11.53854 0.4819935 0
1 52.51893 68.65218 0 11.38515 0.7455728 0
1 52.51893 68.65217 0 11.38505 0.7455728 0
1 4.577442 9.235164 0.6906254 11.54188 0.7073478 0
1 4.577528 9.235228 0.6906254 11.54188 0.7073478 0
1 52.56884 68.65218 0 11.82608 0.673991 0
1 52.56895 68.65221 0 11.82598 0.673991 0
1 10.6688 9.470751 0.8086942 13.97656 0.5280201 0
1 10.66884 9.470772 0.8086942 13.97653 0.5280201 0
1 10.66878 9.470751 0.8086942 13.97655 0.5280201 0
1 11.37783 9.767909 0.2506055 14.77606 0.5353956 0
1 11.37783 9.767829 0.2506055 14.7761 0.5353956 0
1 12.26239 10.21943 0.4220909 16.50668 0 0
1 12.26238 10.21933 0.4220909 16.50669 0 0
1 12.26239 10.21939 0.4220909 16.50669 0 0
1 8.231966 7.524909 0.498933 12.08593 0.8545873 0
1 8.23199 7.524909 0.498933 12.08597 0.8545873 0
1 8.27709 7.427084 0.9312468 12.23496 0.7078095 0
1 8.277114 7.427057 0.9312468 12.23504 0.7078095 0
1 8.277255 7.427137 0.9312468 12.23509 0.7078095 0
1 29.64912 7.728246 0.6438962 52.19109 0 0
1 29.64923 7.72822 0.6438962 52.19114 0 0
1 8.349038 7.908821 0.45139 12.23014 0.6534149 0
1 8.349108 7.908846 0.45139 12.23016 0.6534149 0
1 8.331308 8.230272 0.5173693 12.12163 0.4425088 0
1 8.331332 8.230225 0.5173693 12.12171 0.4425088 0
1 8.331427 8.230296 0.5173693 12.12177 0.4425088 0
1 8.472247 8.406347 0.7243962 12.18963 0.4199133 0
1 8.472155 8.406371 0.7243962 12.18948 0.4199133 0
1 8.584145 8.542518 0.8165808 12.13611 0.6896996 0
1 8.584305 8.542562 0.8165808 12.13624 0.6896996 0
1 8.432261 8.691359 0.52127 11.98173 0.6985511 0
1 8.432284 8.691381 0.52127 11.98175 0.6985511 0
1 8.432191 8.691268 0.52127 11.98171 0.6985511 0
1 8.363372 8.637905 0.6504797 11.9235 0.8152699 0
1 8.363396 8.637882 0.6504797 11.92352 0.8152699 0
1 8.112829 8.637815 0.6504797 12.03162 0.4442332 0
1 8.112782 8.637769 0.6504797 12.03164 0.4442332 0
1 28.57376 6.375167 0.5856749 52.19112 0 0
1 28.57372 6.375198 0.5856749 52.19109 0 0
1 5.430943 6.092136 0.5443563 9.687263 0.7878399 0
1 5.430871 6.092104 0.5443563 9.687222 0.7878399 0
1 5.430835 6.092104 0.5443563 9.687161 0.7878399 0
1 5.39027 5.667698 0.51605 9.826833 0.7556748 0
1 5.390307 5.667802 0.51605 9.826953 0.7556748 0
1 5.128316 5.338178 0.578194 9.915044 0.7995667 0
1 5.128354 5.338141 0.578194 9.915025 0.7995667 0
1 5.128354 5.338105 0.578194 9.915064 0.7995667 0
1 4.965739 4.728494 0.4272358 9.893303 0.8343223 0
1 4.965897 4.728452 0.4272358 9.893502 0.8343223 0
1 4.893809 4.728535 0.4272358 9.760479 0.6837428 0
1 4.788802 4.537643 0.5053875 9.760398 0.6837428 0
1 4.788761 4.537557 0.5053875 9.760519 0.6837428 0
1 4.616219 4.60394 0.5168399 9.572018 0.5508518 0
1 4.616346 4.60394 0.5168399 9.572079 0.5508518 0
1 4.456412 4.62745 0.4793222 9.400968 0.6962737 0
1 4.456236 4.627492 0.4793222 9.400821 0.6962737 0
1 4.456324 4.627366 0.4793222 9.400946 0.6962737 0
1 4.27613 4.554276 0.6142833 9.231418 0.6381406 0
1 4.276084 4.554405 0.6142833 9.231396 0.6381406 0
1 4.267051 4.862403 0.3179076 9.096474 0.6333091 0
1 4.267006 4.862484 0.3179076 9.096366 0.6333091 0
1 4.266913 4.862444 0.3179076 9.096279 0.6333091 0
1 4.418407 5.265033 0.3924737 9.096431 0.6333091 0
1 4.418364 5.265033 0.3924737 9.096452 0.6333091 0
1 4.916375 5.518427 0.5607762 9.181662 0.4416497 0
1 4.916415 5.518463 0.5607762 9.181641 0.4416497 0
1 4.966055 5.763678 0.6386077 9.185663 0.5507824 0
1 4.965976 5.763678 0.6386077 9.185514 0.5507824 0
1 4.957289 5.896944 0.5835028 9.123284 0.8174621 0
1 4.957289 5.896877 0.5835028 9.123371 0.8174621 0
1 4.957329 5.89691 0.5835028 9.123436 0.8174621 0
1 4.976853 5.919139 0.6884403 9.084347 0.7161927 0
1 4.976853 5.919007 0.6884403 9.084455 0.7161927 0
1 5.124112 5.964271 0.757216 9.192528 0.7286136 0
1 5.124188 5.964238 0.757216 9.192614 0.7286136 0
1 5.124074 5.964238 0.757216 9.192571 0.7286136 0
1 5.23394 6.10069 0.7778004 9.30468 0.8422104 0
1 5.233903 6.100594 0.7778004 9.304638 0.8422104 0
1 5.233903 6.100657 0.7778004 9.304575 0.8422104 0
1 5.115041 6.151699 0.8569884 9.243523 0.7395946 0
1 5.115118 6.151572 0.8569884 9.243545 0.7395946 0
1 5.106032 6.137341 0.7918066 9.220128 0.8117425 0
1 5.106185 6.137406 0.7918066 9.220299 0.8117425 0
1 5.209437 6.251503 0.7398965 9.266329 0.7714699 0
1 5.209324 6.25144 0.7398965 9.266202 0.7714699 0
1 5.209324 6.251471 0.7398965 9.26618 0.7714699 0
1 5.357233 6.239385 0.5666623 9.585214 0.8548592 0
1 5.357196 6.239291 0.5666623 9.585296 0.8548592 0
1 5.352841 6.314444 0.7565672 9.528359 0.7467734 0
1 5.352914 6.314444 0.7565672 9.528503 0.7467734 0
1 5.352987 6.314413 0.7565672 9.528503 0.7467734 0
1 5.283275 6.310375 0.579594 9.518658 0.8145706 0
1 5.283312 6.310375 0.579594 9.518699 0.8145706 0
1 5.309432 6.239919 0.7375367 9.529844 0.9088978 0
1 5.309395 6.240014 0.7375367 9.529844 0.9088978 0
1 5.336195 6.331251 0.7515476 9.545817 0.8064015 0
1 5.336159 6.331251 0.7515476 9.54594 0.8064015 0
1 5.33502 6.487155 0.7559874 9.489246 0.8156061 0
1 5.335057 6.487124 0.7559874 9.489329 0.8156061 0
1 5.283906 6.487216 0.7559874 9.395467 0.8519095 0
1 5.220708 6.43084 0.6782702 9.395614 0.8519095 0
1 5.220596 6.430748 0.6782702 9.395718 0.8519095 0
1 5.155409 6.396753 0.6957148 9.365756 0.8359829 0
1 5.155523 6.396814 0.6957148 9.365798 0.8359829 0
1 5.112015 6.375444 0.5312734 9.295107 0.8879737 0
1 5.111861 6.375567 0.5312734 9.294874 0.8879737 0
1 5.078252 6.418266 0.6001069 9.295043 0.8879737 0
1 5.036217 6.418327 0.6001069 9.231545 0.8403652 0
1 5.036217 6.418327 0.6001069 9.231566 0.8403652 0
1 4.96274 6.283036 0.6401565 9.17935 0.8653261 0
1 4.962858 6.283068 0.6401565 9.179415 0.8653261 0
1 5.069139 6.217761 0.7418128 9.253 0.8110691 0
1 5.069139 6.217761 0.7418128 9.253085 0.8110691 0
1 5.069293 6.217729 0.7418128 9.253148 0.8110691 0
1 5.057917 6.268259 0.8449202 9.221279 0.8968228 0
1 5.057995 6.26829 0.8449202 9.22145 0.8968228 0
1 5.055476 6.378304 0.6950631 9.164417 0.8843347 0
1 5.055554 6.378211 0.6950631 9.164632 0.8843347 0
1 5.093738 6.430504 0.5431508 9.17359 0.8389612 0
1 5.093699 6.430413 0.5431508 9.173611 0.8389612 0
1 5.086733 6.52468 0.5732534 9.148729 0.909842 0
1 5.086656 6.52483 0.5732534 9.148493 0.909842 0
1 5.019539 6.487124 0.5731074 9.008327 0.7809666 0
1 5.0195 6.487124 0.5731074 9.008306 0.7809666 0
1 4.947082 6.487185 0.5731074 8.876839 0.8276889 0
1 4.857244 6.454731 0.6587242 8.876794 0.8276889 0
1 4.857163 6.454731 0.6587242 8.87675 0.8276889 0
1 4.851513 6.624629 0.6245974 8.760064 0.8804526 0
1 4.851513 6.624689 0.6245974 8.760087 0.8804526 0
1 4.8425 6.550356 0.8259937 8.769432 0.8231862 0
1 4.84254 6.550416 0.8259937 8.769387 0.8231862 0
1 4.842581 6.550356 0.8259937 8.769545 0.8231862 0
1 4.863491 6.509455 0.6483541 8.830174 0.8415597 0
1 4.863532 6.509575 0.6483541 8.830174 0.8415597 0
1 4.866068 6.639769 0.5352927 8.913632 0.7517111 0
1 4.866028 6.639739 0.5352927 8.913699 0.7517111 0
1 4.89485 6.639739 0.5352927 8.940372 0.8430542 0
1 4.931931 6.604291 0.6508988 8.940416 0.8430542 0
1 4.931812 6.604321 0.6508988 8.940285 0.8430542 0
1 4.968737 6.574471 0.6929585 8.938659 0.8127785 0
1 4.968737 6.574411 0.6929585 8.938768 0.8127785 0
1 5.024065 6.488757 0.6160284 9.060155 0.8627598 0
1 5.024026 6.488848 0.6160284 9.060155 0.8627598 0
1 4.993752 6.537141 0.6891078 9.156588 0.8229285 0
1 4.99383 6.537171 0.6891078 9.156588 0.8229285 0
1 4.996615 6.497304 0.6787885 9.196418 0.8616216 0
1 4.996575 6.497304 0.6787885 9.196418 0.8616216 0
1 4.92744 6.366981 0.6829315 9.129055 0.8549651 0
1 4.92748 6.366858 0.6829315 9.12912 0.8549651 0
1 4.927639 6.366981 0.6829315 9.129141 0.8549651 0
1 4.900609 6.224284 0.7655798 9.167032 0.7922326 0
1 4.90065 6.224221 0.7655798 9.16714 0.7922326 0
1 4.934711 6.128199 0.6594133 9.353072 0.8152262 0
1 4.934711 6.128199 0.6594133 9.353009 0.8152262 0
1 4.94827 6.046432 0.67319 9.419537 0.7269276 0
1 4.948112 6.046464 0.67319 9.419411 0.7269276 0
1 4.94827 6.046432 0.67319 9.419473 0.7269276 0
1 4.957329 6.230014 0.7380425 9.333488 0.656572 0
1 4.957289 6.230046 0.7380425 9.333447 0.656572 0
1 4.946647 6.146247 0.6704317 9.31475 0.8054557 0
1 4.946647 6.146247 0.6704317 9.314792 0.8054557 0
1 5.030456 6.072637 0.7530905 9.444355 0.8060525 0
1 5.03034 6.072637 0.7530905 9.444168 0.8060525 0
1 5.030184 6.072798 0.7530905 9.44396 0.8060525 0
1 4.971733 6.017996 0.7624506 9.439984 0.8292062 0
1 4.971851 6.017964 0.7624506 9.440046 0.8292062 0
1 4.935703 6.020797 0.6236077 9.4177 0.8351566 0
1 4.935465 6.020895 0.6236077 9.417449 0.8351566 0
1 4.887319 5.843853 0.6452225 9.382278 0.8125173 0
1 4.887239 5.843853 0.6452225 9.382174 0.8125173 0
1 4.870937 5.857422 0.6865786 9.322153 0.756992 0
1 4.870897 5.857422 0.6865786 9.32211 0.756992 0
1 4.857365 5.877466 0.829976 9.33673 0.7382492 0
1 4.857445 5.877366 0.829976 9.33671 0.7382492 0
1 4.857445 5.877466 0.829976 9.33673 0.7382492 0
1 4.89905 5.841706 0.7373409 9.353997 0.8731239 0
1 4.89897 5.841572 0.7373409 9.354039 0.8731239 0
1 4.997556 5.899768 0.7528664 9.436131 0.6822082 0
1 4.997595 5.899768 0.7528664 9.436235 0.6822082 0
1 4.992574 5.913176 0.7078801 9.398729 0.7913678 0
1 4.992535 5.913076 0.7078801 9.398835 0.7913678 0
1 5.031898 5.98648 0.6968115 9.484004 0.7870838 0
1 5.032053 5.986382 0.6968115 9.484211 0.7870838 0
1 5.055748 6.028932 0.8312984 9.484025 0.7870838 0
1 5.103882 6.029029 0.8312984 9.566018 0.8849402 0
1 5.103844 6.028996 0.8312984 9.565957 0.8849402 0
1 5.175967 6.186402 0.6230671 9.592082 0.744473 0
1 5.17593 6.186339 0.6230671 9.592103 0.744473 0
1 5.205336 6.10737 0.6205441 9.66538 0.782579 0
1 5.205336 6.107434 0.6205441 9.665401 0.782579 0
1 5.17661 6.064173 0.603977 9.706322 0.7603651 0
1 5.176686 6.064076 0.603977 9.706464 0.7603651 0
1 5.176686 6.064076 0.603977 9.706485 0.7603651 0
1 5.184629 6.003843 0.6544828 9.693715 0.7756322 0
1 5.184704 6.003908 0.6544828 9.693634 0.7756322 0
1 5.128583 5.881433 0.6519613 9.6527 0.8152145 0
1 5.12866 5.881433 0.6519613 9.65272 0.8152145 0
1 5.120937 5.9365 0.8055022 9.62347 0.7950863 0
1 5.120937 5.936533 0.8055022 9.623511 0.7950863 0
1 5.091276 5.98232 0.7366894 9.667415 0.8207443 0
1 5.091391 5.982419 0.7366894 9.667415 0.8207443 0
1 5.079486 5.982222 0.7366894 9.636474 0.782892 0
1 5.025625 5.810822 0.7684555 9.636433 0.782892 0
1 5.025781 5.811025 0.7684555 9.636454 0.782892 0
1 5.015479 5.839525 0.7479688 9.610673 0.6577117 0
1 5.015283 5.839458 0.7479688 9.610571 0.6577117 0
1 5.043059 5.947716 0.8221234 9.609221 0.8028063 0
1 5.043021 5.947815 0.8221234 9.609138 0.8028063 0
1 5.070298 5.977174 0.7601384 9.609221 0.8028063 0
1 5.058537 5.977403 0.7601384 9.587223 0.846558 0
1 5.058692 5.977239 0.7601384 9.587469 0.846558 0
1 5.118411 6.052945 0.7655841 9.630516 0.7171389 0
1 5.118487 6.052945 0.7655841 9.630699 0.7171389 0
1 5.115386 6.162398 0.7440475 9.556705 0.7809879 0
1 5.11531 6.162366 0.7440475 9.55652 0.7809879 0
1 5.159512 6.191692 0.7005795 9.550449 0.7757126 0
1 5.15955 6.191788 0.7005795 9.550594 0.7757126 0
1 5.111784 6.138906 0.6474926 9.565998 0.9249567 0
1 5.111861 6.138939 0.6474926 9.566101 0.9249567 0
1 5.111861 6.138939 0.6474926 9.565998 0.9249567 0
1 5.126329 6.184216 0.7244319 9.608484 0.8538063 0
1 5.126482 6.184184 0.7244319 9.608627 0.8538063 0
1 5.166002 6.237845 0.6808293 9.620037 0.8653098 0
1 5.165888 6.237782 0.6808293 9.620058 0.8653098 0
1 5.202097 6.355114 0.8129965 9.682087 0.7728595 0
1 5.202135 6.355114 0.8129965 9.682046 0.7728595 0
1 5.177519 6.197769 0.6625528 9.688988 0.7712553 0
1 5.177633 6.197801 0.6625528 9.689049 0.7712553 0
1 5.302156 6.115101 0.5416371 9.890121 0.6914294 0
1 5.30212 6.115037 0.5416371 9.890062 0.6914294 0
1 5.302156 6.115069 0.5416371 9.890142 0.6914294 0
1 6.341617 5.552556 0.4407041 12.04425 0.4553734 0
1 6.341494 5.552556 0.4407041 12.04398 0.4553734 0
1 6.6924 5.432314 0.5750996 11.93849 0.6066071 0
1 6.692459 5.432422 0.5750996 11.93847 0.6066071 0
1 6.578437 5.458226 0.718293 11.85551 0.1361315 0
1 6.578258 5.458261 0.718293 11.85536 0.1361315 0
1 6.578377 5.458261 0.718293 11.85543 0.1361315 0
1 6.054856 5.587775 0.5875205 11.08338 0.587458 0
1 6.05479 5.587635 0.5875205 11.08342 0.587458 0
1 5.909661 5.963449 0.6051684 10.92908 0.3066425 0
1 5.909627 5.963548 0.6051684 10.92899 0.3066425 0
1 5.588091 5.962265 0.486129 10.24972 0.3052472 0
1 5.58802 5.962398 0.486129 10.24962 0.3052472 0
1 5.588091 5.962233 0.486129 10.24983 0.3052472 0
1 5.563522 6.129607 0.5139176 10.09487 0.4836855 0
1 5.563557 6.129639 0.5139176 10.095 0.4836855 0
1 5.509222 6.206557 0.7670013 10.10797 0.5694983 0
1 5.509151 6.206588 0.7670013 10.10795 0.5694983 0
1 5.416346 6.258304 0.7293119 9.938599 0.649425 0
1 5.416346 6.258336 0.7293119 9.938639 0.649425 0
1 5.347311 6.285408 0.6245247 9.76068 0.7559334 0
1 5.347421 6.28547 0.6245247 9.76084 0.7559334 0
1 5.312827 6.285532 0.6245247 9.675485 0.7789588 0
1 5.295278 6.342205 0.7487215 9.675526 0.7789588 0
1 5.295389 6.342205 0.7487215 9.675587 0.7789588 0
1 5.273994 6.394975 0.712966 9.596037 0.5619268 0
1 5.273921 6.395066 0.712966 9.595996 0.5619268 0
1 5.255423 6.47578 0.7644917 9.611082 0.734912 0
1 5.255572 6.475628 0.7644917 9.611266 0.734912 0
1 5.238057 6.446919 0.6092082 9.528338 0.6978257 0
1 5.238094 6.446919 0.6092082 9.528379 0.6978257 0
1 5.238094 6.447011 0.6092082 9.528214 0.6978257 0
1 5.19271 6.50602 0.5519708 9.445458 0.7645267 0
1 5.192672 6.50599 0.5519708 9.445542 0.7645267 0
1 5.25464 6.68683 0.6280332 9.462445 0.6796732 0
1 5.254602 6.686742 0.6280332 9.462404 0.6796732 0
1 5.198367 6.736185 0.6661353 9.399984 0.5820532 0
1 5.198442 6.736272 0.6661353 9.400068 0.5820532 0
1 5.100695 6.625932 0.7217501 9.291617 0.6975355 0
1 5.10058 6.625902 0.7217501 9.291596 0.6975355 0
1 5.100542 6.625873 0.7217501 9.291659 0.6975355 0
1 5.005194 6.587403 0.6214476 9.168319 0.6974134 0
1 5.005234 6.587344 0.6214476 9.168319 0.6974134 0
1 4.920597 6.630577 0.7725353 9.034876 0.6813926 0
1 4.920677 6.630488 0.7725353 9.035028 0.6813926 0
1 4.809009 6.591867 0.6647413 8.977347 0.7226287 0
1 4.809009 6.591867 0.6647413 8.977368 0.7226287 0
1 4.737764 6.57626 0.4952641 8.860978 0.7160761 0
1 4.737764 6.57635 0.4952641 8.860933 0.7160761 0
1 4.747636 6.598171 0.5201582 8.861576 0.670845 0
1 4.747595 6.598171 0.5201582 8.861465 0.670845 0
1 4.747595 6.59826 0.5201582 8.861465 0.670845 0
1 4.706152 6.549608 0.552745 8.878807 0.6844811 0
1 4.706111 6.549637 0.552745 8.878741 0.6844811 0
1 4.722732 6.59032 0.642855 8.837135 0.783683 0
1 4.722732 6.590261 0.642855 8.837291 0.783683 0
1 4.70557 6.63646 0.5151418 8.832065 0.7652058 0
1 4.70582 6.636372 0.5151418 8.832154 0.7652058 0
1 4.759505 6.578944 0.5115273 8.834622 1 0
1 4.759463 6.579003 0.5115273 8.834579 1 0
1 4.759381 6.578944 0.5115273 8.834689 1 0
1 4.697695 6.451601 0.5983611 8.797187 0.8083728 0
1 4.697695 6.45154 0.5983611 8.797165 0.8083728 0
1 4.704904 6.398776 0.6669843 8.899847 0.8809624 0
1 4.704945 6.398561 0.6669843 8.89998 0.8809624 0
1 4.759628 6.508039 0.64275 8.965543 0.8707266 0
1 4.759505 6.508129 0.64275 8.965434 0.8707266 0
1 4.729612 6.507978 0.64275 8.895078 0.732887 0
1 4.689181 6.436082 0.7079041 8.894901 0.732887 0
1 4.689097 6.436022 0.7079041 8.894835 0.732887 0
1 4.696277 6.3627 0.5680753 8.88615 0.7462702 0
1 4.696444 6.362607 0.5680753 8.886261 0.7462702 0
1 4.646376 6.375475 0.6846249 8.850685 0.833838 0
1 4.646334 6.375444 0.6846249 8.850618 0.833838 0
1 4.646334 6.375567 0.6846249 8.85064 0.833838 0
1 4.646207 6.375506 0.6846249 8.850618 0.833838 0
1 4.646334 6.375537 0.6846249 8.850595 0.833838 0
1 4.646291 6.375444 0.6846249 8.85064 0.833838 0
1 4.646291 6.375537 0.6846249 8.850507 0.833838 0
1 4.602876 6.136831 0.7029889 8.907283 0.8604571 0
1 4.602961 6.136926 0.7029889 8.907261 0.8604571 0
1 4.603088 6.136766 0.7029889 8.907437 0.8604571 0
1 4.591072 6.092683 0.7943213 8.912509 0.8021535 0
1 4.591115 6.092715 0.7943213 8.912531 0.8021535 0
1 4.502151 6.020211 0.6900563 8.940637 0.7917412 0
1 4.502151 6.020179 0.6900563 8.94057 0.7917412 0
1 4.511539 6.067146 0.7043354 8.936504 0.7119591 0
1 4.511365 6.067276 0.7043354 8.93624 0.7119591 0
1 4.562311 6.143057 0.5799407 8.906908 0.7749264 0
1 4.562268 6.142993 0.5799407 8.906931 0.7749264 0
1 4.562311 6.142993 0.5799407 8.906908 0.7749264 0
1 4.563427 6.148639 0.5887709 8.889245 0.8398147 0
1 4.563427 6.148639 0.5887709 8.889245 0.8398147 0
1 4.585864 6.179458 0.7624977 8.97275 0.9242962 0
1 4.585736 6.179332 0.7624977 8.972729 0.9242962 0
1 4.609764 6.276167 0.8552088 9.009353 0.932401 0
1 4.609764 6.276386 0.8552088 9.009222 0.932401 0
1 4.644647 6.282069 0.7823068 8.952736 0.8994796 0
1 4.644478 6.2821 0.7823068 8.952582 0.8994796 0
1 4.644605 6.282194 0.7823068 8.952736 0.8994796 0
1 4.631047 6.279696 0.8233967 8.91037 0.8154907 0
1 4.631004 6.27979 0.8233967 8.910215 0.8154907 0
1 4.584625 6.282974 0.5665778 8.91837 0.8100334 0
1 4.584668 6.283005 0.5665778 8.918437 0.8100334 0
1 4.538075 6.225575 0.5881571 8.819735 0.7413 0
1 4.537989 6.22567 0.5881571 8.819801 0.7413 0
1 4.538032 6.225575 0.5881571 8.819735 0.7413 0
1 4.466729 6.165578 0.6182576 8.783488 0.753475 0
1 4.466816 6.165452 0.6182576 8.783667 0.753475 0
1 4.428547 6.163861 0.7657043 8.72096 0.6563295 0
1 4.428504 6.163925 0.7657043 8.721005 0.6563295 0
1 4.425583 5.961608 0.4123003 8.698069 0.6668652 0
1 4.425628 5.961477 0.4123003 8.698136 0.6668652 0
1 4.435309 6.171967 0.6698411 8.720284 0.6424959 0
1 4.435353 6.171903 0.6698411 8.720329 0.6424959 0
1 4.411842 6.171998 0.6698411 8.586089 0.6292443 0
1 4.382846 6.244505 0.5083413 8.586135 0.6292443 0
1 4.382846 6.244442 0.5083413 8.586204 0.6292443 0
1 4.345281 6.361405 0.5586881 8.489522 0.7545816 0
1 4.345281 6.361436 0.5586881 8.489522 0.7545816 0
1 4.331377 6.389361 0.590055 8.413073 0.756602 0
1 4.331241 6.389392 0.590055 8.413026 0.756602 0
1 4.33323 6.512708 0.7180758 8.363959 0.7442933 0
1 4.333185 6.512737 0.7180758 8.363771 0.7442933 0
1 4.342125 6.48035 0.6246995 8.378456 0.6900052 0
1 4.342215 6.48029 0.6246995 8.378691 0.6900052 0
1 4.34217 6.480139 0.6246995 8.378691 0.6900052 0
1 4.376988 6.603756 0.7182441 8.334372 0.593837 0
1 4.377077 6.603786 0.7182441 8.33442 0.593837 0
1 4.336618 6.541219 0.7151747 8.227098 0.6835017 0
1 4.336618 6.541249 0.7151747 8.227098 0.6835017 0
1 4.314749 6.573159 0.6114684 8.159402 0.9033751 0
1 4.314749 6.573159 0.6114684 8.159306 0.9033751 0
1 4.314795 6.573248 0.6114684 8.159353 0.9033751 0
1 4.347985 6.69533 0.7877533 8.177502 0.828088 0
1 4.347895 6.695301 0.7877533 8.177428 0.828088 0
1 4.357389 6.771815 0.7229689 8.177645 0.920004 0
1 4.357434 6.771815 0.7229689 8.177645 0.920004 0
1 4.366459 6.749651 0.6701465 8.136583 0.8835484 0
1 4.366415 6.749593 0.6701465 8.136583 0.8835484 0
1 4.335805 6.727707 0.5876634 8.022893 0.7656943 0
1 4.335715 6.727678 0.5876634 8.022771 0.7656943 0
1 4.324181 6.750726 0.6115492 8.025707 0.8671751 0
1 4.324271 6.750755 0.6115492 8.025829 0.8671751 0
1 4.324226 6.750639 0.6115492 8.025903 0.8671751 0
1 4.295916 6.790499 0.6300777 8.02781 0.7547679 0
1 4.295961 6.790354 0.6300777 8.028006 0.7547679 0
1 4.275214 6.834088 0.7558721 8.001112 0.877398 0
1 4.275168 6.833973 0.7558721 8.001332 0.877398 0
1 4.319739 6.953248 0.5580525 7.963534 0.9485302 0
1 4.319558 6.953333 0.5580525 7.963386 0.9485302 0
1 4.362511 6.99451 0.6934997 7.985197 0.9318137 0
1 4.3626 6.994567 0.6934997 7.985295 0.9318137 0
1 4.362556 6.99451 0.6934997 7.985295 0.9318137 0
1 4.433145 7.103019 0.6725909 8.085147 0.835962 0
1 4.433233 7.103101 0.6725909 8.085051 0.835962 0
1 4.500672 7.185944 0.7395712 8.131732 0.7414743 0
1 4.500672 7.185807 0.7395712 8.131756 0.7414743 0
1 4.534621 7.217001 0.6067009 8.16866 0.8555562 0
1 4.534621 7.216919 0.6067009 8.168756 0.8555562 0
1 4.534793 7.216837 0.6067009 8.168997 0.8555562 0
1 4.474177 7.115739 0.5895637 8.178725 0.8810673 0
1 4.474046 7.115712 0.5895637 8.178557 0.8810673 0
1 4.480258 7.162153 0.7068421 8.219386 0.8990807 0
1 4.480302 7.162098 0.7068421 8.219602 0.8990807 0
1 4.539456 7.289465 0.6199766 8.229747 0.7687324 0
1 4.5395 7.289546 0.6199766 8.2297 0.7687324 0
1 4.56171 7.163358 0.7389895 8.233921 0.7268453 0
1 4.561753 7.163385 0.7389895 8.233921 0.7268453 0
1 4.561753 7.163275 0.7389895 8.233969 0.7268453 0
1 4.563041 7.207099 0.6923204 8.259041 0.8284783 0
1 4.562912 7.207099 0.6923204 8.258899 0.8284783 0
1 4.561882 7.152586 0.6010784 8.316376 0.7645618 0
1 4.561882 7.152559 0.6010784 8.316376 0.7645618 0
1 4.527445 7.058053 0.5821197 8.338211 0.7969441 0
1 4.527315 7.058192 0.5821197 8.338047 0.7969441 0
1 4.570033 6.981682 0.6864175 8.379722 0.9098545 0
1 4.56999 6.981739 0.6864175 8.379651 0.9098545 0
1 4.547863 6.986906 0.4388291 8.373392 0.8257907 0
1 4.547777 6.986794 0.4388291 8.373392 0.8257907 0
1 4.565744 7.036146 0.6016489 8.401628 0.8451612 0
1 4.565702 7.036089 0.6016489 8.401651 0.8451612 0
1 4.565659 7.036118 0.6016489 8.401674 0.8451612 0
1 4.527791 6.929907 0.534832 8.421425 0.7939016 0
1 4.527661 6.929822 0.534832 8.421449 0.7939016 0
1 4.534232 6.892757 0.5724729 8.426879 0.8074354 0
1 4.534232 6.8929 0.5724729 8.426716 0.8074354 0
1 4.54993 6.951414 0.4668131 8.448083 0.7387431 0
1 4.549973 6.951443 0.4668131 8.448012 0.7387431 0
1 4.54993 6.951414 0.4668131 8.448106 0.7387431 0
1 4.605343 6.91523 0.5553886 8.570819 0.9109919 0
1 4.605258 6.91523 0.5553886 8.570795 0.9109919 0
1 4.632569 6.856838 0.6559097 8.609481 0.7969854 0
1 4.632527 6.85681 0.6559097 8.60955 0.7969854 0
1 4.736565 6.997903 0.5561509 8.720126 0.7821839 0
1 4.736607 6.997903 0.5561509 8.720059 0.7821839 0
1 4.770276 6.997875 0.5561509 8.831509 0.7551062 0
1 4.718374 6.890111 0.6011748 8.831509 0.7551062 0
1 4.718416 6.890168 0.6011748 8.83162 0.7551062 0
1 4.712933 6.905693 0.5818038 8.78872 0.8403044 0
1 12.40812 12.36813 0.5818038 15.34298 0.8403044 1
1 12.41151 12.35132 0.6291052 15.2915 0.7590646 1
1 12.41149 12.35144 0.6291052 15.29135 0.7590646 1
1 12.43121 12.36622 0.7677101 15.34694 0.8793813 1
1 12.43113 12.36617 0.7677101 15.3469 0.8793813 1
1 12.44392 12.3562 0.5804133 15.38169 0.7215516 1
1 12.44404 12.35636 0.5804133 15.38178 0.7215516 1
1 12.44397 12.3563 0.5804133 15.38167 0.7215516 1
1 12.44193 12.3524 0.6144544 15.40184 0.7933804 1
1 12.44191 12.35237 0.6144544 15.40189 0.7933804 1
1 12.44895 12.37078 0.6896728 15.41356 0.8072214 1
1 12.44895 12.3707 0.6896728 15.41359 0.8072214 1
1 12.49012 12.33459 0.6603329 15.44578 0.7829592 1
1 12.49014 12.33454 0.6603329 15.44592 0.7829592 1
1 12.56481 12.47588 0.7379847 15.43176 0.8082778 1
1 12.56484 12.47588 0.7379847 15.43174 0.8082778 1
1 12.56479 12.4759 0.7379847 15.43168 0.8082778 1
1 12.43922 12.43381 0.7248487 15.26664 0.6066231 1
1 12.43915 12.43387 0.7248487 15.26658 0.6066231 1
1 38.14909 55.08963 0 15.26671 0.6066231 1
1 38.1491 55.0896 0 15.26656 0.6066231 1
1 39.33685 55.08965 0 9.864021 0.4129445 1
1 39.33677 55.08962 0 9.864221 0.4129445 1
1 39.3368 55.08962 0 9.864161 0.4129445 1
1 5.737707 8.740174 0.6830102 9.540689 0.5053761 1
1 5.737707 8.740196 0.6830102 9.540709 0.5053761 1
1 5.769388 8.752751 0.6305486 9.607011 0.354416 1
1 5.76932 8.752662 0.6305486 9.60697 0.354416 1
1 5.884066 8.686589 0.5579522 9.617197 0.4391838 1
1 5.883965 8.686566 0.5579522 9.617176 0.4391838 1
1 5.870658 8.622634 0.7194214 9.564826 0.4875729 1
1 5.870692 8.622589 0.7194214 9.564971 0.4875729 1
1 6.003712 8.615501 0.9122868 9.497674 0.4188411 1
1 6.003712 8.615365 0.9122868 9.497777 0.4188411 1
1 6.003712 8.615479 0.9122868 9.497694 0.4188411 1
1 6.017084 8.639497 0.7535624 9.443357 0.5670488 1
1 6.017215 8.63952 0.7535624 9.443398 0.5670488 1
1 6.143249 8.641952 0.7691788 9.380623 0.6650249 1
1 6.14328 8.641952 0.7691788 9.380644 0.6650249 1
1 6.124775 8.582475 0.6992314 9.431839 0.8965155 1
1 6.124839 8.582542 0.6992314 9.431943 0.8965155 1
1 6.124807 8.582498 0.6992314 9.43186 0.8965155 1
1 6.16243 8.585608 0.6132649 9.446146 0.6886154 1
1 6.162526 8.5857 0.6132649 9.446082 0.6886154 1
1 6.140887 8.591486 0.4964184 9.387954 0.7234114 1
1 6.140887 8.591486 0.4964184 9.387975 0.7234114 1
1 6.174253 8.681839 0.7020919 9.371463 0.6630438 1
1 6.174253 8.681885 0.7020919 9.371316 0.6630438 1
1 6.171808 8.784406 0.7733645 9.39145 0.6675878 1
1 6.171871 8.78436 0.7733645 9.391596 0.6675878 1
1 6.156287 8.784383 0.7733645 9.303518 0.7325175 1
1 6.109488 8.69651 0.5709679 9.303497 0.7325175 1
1 6.10952 8.696578 0.5709679 9.30356 0.7325175 1
1 6.151986 8.695832 0.5998358 9.350488 0.6614822 1
1 6.152081 8.695765 0.5998358 9.350614 0.6614822 1
1 6.146152 8.772993 0.7181019 9.294304 0.6651701 1
1 6.146024 8.773083 0.7181019 9.294113 0.6651701 1
1 6.12279 8.867338 0.7013624 9.20242 0.7182755 1
1 6.122822 8.86745 0.7013624 9.202399 0.7182755 1
1 6.123495 8.85947 0.5806781 9.238014 0.635985 1
1 6.123527 8.859337 0.5806781 9.238078 0.635985 1
1 6.071991 8.852882 0.7605192 9.21258 0.6336477 1
1 6.071894 8.852816 0.7605192 9.21243 0.6336477 1
1 6.071862 8.852816 0.7605192 9.212452 0.6336477 1
1 6.038451 8.806271 0.718465 9.146667 0.7032181 1
1 6.038353 8.806204 0.718465 9.146667 0.7032181 1
1 6.033287 8.871016 0.7079834 9.052974 0.8188831 1
1 6.033352 8.871126 0.7079834 9.052974 0.8188831 1
1 5.958977 8.914934 0.5990242 8.982052 0.5939576 1
1 5.958977 8.914955 0.5990242 8.982007 0.5939576 1
1 5.958977 8.914911 0.5990242 8.982073 0.5939576 1
1 5.928174 8.8985 0.7904488 8.905453 0.7757817 1
1 5.928107 8.898456 0.7904488 8.905431 0.7757817 1
1 5.900798 8.866873 0.642011 8.846178 0.7037008 1
1 5.900831 8.866873 0.642011 8.846355 0.7037008 1
1 5.86508 8.814209 0.6268355 8.767572 0.6459509 1
1 5.86508 8.814209 0.6268355 8.767617 0.6459509 1
1 5.867385 8.843868 0.6184083 8.754793 0.784755 1
1 5.867319 8.843868 0.6184083 8.754636 0.784755 1
1 5.867385 8.84389 0.6184083 8.75477 0.784755 1
1 5.843451 8.852194 0.7064774 8.749092 0.7624053 1
1 5.843451 8.852128 0.7064774 8.749182 0.7624053 1
1 5.826789 8.878387 0.6542534 8.697504 0.687922 1
1 5.826857 8.878498 0.6542534 8.697459 0.687922 1
1 5.805187 8.78322 0.6398436 8.619946 0.8366239 1
1 5.80522 8.783197 0.6398436 8.619991 0.8366239 1
1 5.788822 8.761745 0.7484295 8.599574 0.6333634 1
1 5.788788 8.761768 0.7484295 8.599552 0.6333634 1
1 5.788754 8.761745 0.7484295 8.599552 0.6333634 1
1 5.745354 8.780894 0.6725748 8.574896 0.8525781 1
1 5.745354 8.780849 0.6725748 8.574965 0.8525781 1
1 5.755068 8.753941 0.7006599 8.66193 0.7597626 1
1 5.755034 8.753918 0.7006599 8.661952 0.7597626 1
1 5.841538 8.797433 0.6530718 8.749271 0.6759024 1
1 5.841572 8.7975 0.6530718 8.749182 0.6759024 1
1 5.86401 8.770395 0.7607073 8.76123 0.8068224 1
1 5.863977 8.77035 0.7607073 8.761252 0.8068224 1
1 5.86401 8.77044 0.7607073 8.761208 0.8068224 1
1 5.82514 8.824143 0.7068256 8.730797 0.694612 1
1 5.825242 8.82421 0.7068256 8.730797 0.694612 1
1 5.785435 8.766923 0.6267489 8.671992 0.6917252 1
1 5.785503 8.766946 0.6267489 8.671969 0.6917252 1
1 5.785435 8.766946 0.6267489 8.671992 0.6917252 1
1 5.7987 8.832043 0.659183 8.691833 0.8417414 1
1 5.7987 8.832021 0.659183 8.691878 0.8417414 1
1 5.784689 8.782862 0.6917003 8.613723 0.880673 1
1 5.784825 8.782862 0.6917003 8.613906 0.880673 1
1 5.792139 8.777225 0.7735621 8.601448 0.7325055 1
1 5.792106 8.777225 0.7735621 8.601287 0.7325055 1
1 5.788754 8.863638 0.7371938 8.626756 0.7100933 1
1 5.788822 8.863683 0.7371938 8.626824 0.7100933 1
1 5.821135 8.887985 0.5973058 8.661068 0.8348976 1
1 5.821101 8.887985 0.5973058 8.661 0.8348976 1
1 5.820967 8.887963 0.5973058 8.661 0.8348976 1
1 5.873128 8.915903 0.8901123 8.665285 0.8270502 1
1 5.873195 8.915947 0.8901123 8.665307 0.8270502 1
1 5.846368 8.902143 0.7380255 8.775008 0.8784533 1
1 5.846402 8.902252 0.7380255 8.774919 0.8784533 1
1 5.876265 8.877768 0.8292558 8.803884 0.7721601 1
1 5.876432 8.8779 0.8292558 8.803928 0.7721601 1
1 5.8794 8.87489 0.7750183 8.778231 0.7776347 1
1 5.8795 8.87489 0.7750183 8.778276 0.7776347 1
1 5.8795 8.874912 0.7750183 8.778231 0.7776347 1
1 5.86391 8.949992 0.8137333 8.706826 0.786591 1
1 5.863843 8.949948 0.8137333 8.706826 0.786591 1
1 5.870425 8.964448 0.7893638 8.741387 0.8638124 1
1 5.870458 8.964469 0.7893638 8.741432 0.8638124 1
1 5.85106 8.928234 0.5894884 8.654125 0.7510195 1
1 5.851027 8.928036 0.5894884 8.654307 0.7510195 1
1 5.832169 8.973866 0.7700472 8.654943 1 1
1 5.832136 8.973845 0.7700472 8.654965 1 1
1 5.794271 8.966376 0.6683757 8.577759 0.7620488 1
1 5.794169 8.966354 0.6683757 8.577644 0.7620488 1
1 5.794271 8.966223 0.6683757 8.577805 0.7620488 1
1 5.802215 8.901459 0.6538596 8.574575 0.8496742 1
1 5.802248 8.901459 0.6538596 8.57453 0.8496742 1
1 5.811227 8.904724 0.5970876 8.569856 0.7405253 1
1 5.811227 8.904812 0.5970876 8.56981 0.7405253 1
1 5.929165 9.034398 0.9337473 8.674483 0.7142754 1
1 5.929231 9.034245 0.9337473 8.67471 0.7142754 1
1 5.917881 9.055426 0.5787042 8.681093 0.7192919 1
1 5.917748 9.055512 0.5787042 8.680843 0.7192919 1
1 5.917848 9.055383 0.5787042 8.681069 0.7192919 1
1 5.923377 9.025063 0.644966 8.698429 0.6795202 1
1 5.923344 9.024998 0.644966 8.698475 0.6795202 1
1 5.939108 9.002524 0.7875704 8.661408 0.7143694 1
1 5.939042 9.002567 0.7875704 8.661295 0.7143694 1
1 5.921887 8.957935 0.8973424 8.777314 0.8146942 1
1 5.921954 8.95809 0.8973424 8.777113 0.8146942 1
1 5.883599 8.927243 0.6938703 8.777291 0.8146942 1
1 5.879066 8.927288 0.6938703 8.779149 0.6808131 1
1 5.879099 8.927354 0.6938703 8.779103 0.6808131 1
1 5.856786 8.866474 0.6393382 8.750574 0.6683975 1
1 5.856719 8.866452 0.6393382 8.750528 0.6683975 1
1 5.827294 8.710299 0.6495326 8.819623 0.7329318 1
1 5.827361 8.710367 0.6495326 8.819556 0.7329318 1
1 5.837544 8.839558 0.7535787 8.810977 0.7192316 1
1 5.837443 8.839446 0.7535787 8.810821 0.7192316 1
1 5.846234 8.839536 0.7535787 8.779842 0.8092458 1
1 5.800154 8.784607 0.6510304 8.779776 0.8092458 1
1 5.800255 8.784652 0.6510304 8.779864 0.8092458 1
1 5.780385 8.710773 0.7076557 8.795713 0.7779837 1
1 5.780283 8.710661 0.7076557 8.795624 0.7779837 1
1 5.772614 8.739185 0.6881386 8.721545 0.7016648 1
1 5.772581 8.739073 0.6881386 8.721591 0.7016648 1
1 5.789127 8.847466 0.6680292 8.657484 0.7171902 1
1 5.789127 8.847444 0.6680292 8.657461 0.7171902 1
1 5.812779 8.889179 0.8045245 8.633129 0.7612662 1
1 5.812711 8.889134 0.8045245 8.633175 0.7612662 1
1 5.812711 8.889179 0.8045245 8.633039 0.7612662 1
1 5.884632 8.845157 0.6709658 8.697956 0.6718094 1
1 5.884598 8.845179 0.6709658 8.697978 0.6718094 1
1 5.887229 8.800425 0.6390045 8.724315 0.7436976 1
1 5.887196 8.800469 0.6390045 8.724248 0.7436976 1
1 5.923013 8.906048 0.8833535 8.683287 0.6486307 1
1 5.923013 8.90607 0.8833535 8.683242 0.6486307 1
1 5.952098 9.011206 0.7051342 8.683311 0.6486307 1
1 5.981698 9.011163 0.7051342 8.745522 0.8421715 1
1 5.98173 9.011119 0.7051342 8.745477 0.8421715 1
1 5.973696 8.951507 0.6667822 8.808434 0.6429749 1
1 5.973696 8.951353 0.6667822 8.808479 0.6429749 1
1 5.912314 8.881307 0.652148 8.706375 0.8617104 1
1 5.912347 8.881197 0.652148 8.706488 0.8617104 1
1 5.883565 8.845534 0.6573662 8.609778 0.7689304 1
1 5.883565 8.845468 0.6573662 8.609869 0.7689304 1
1 5.883499 8.845511 0.6573662 8.609732 0.7689304 1
1 5.776586 8.786283 0.8123938 8.497707 0.8434301 1
1 5.776586 8.786306 0.8123938 8.497638 0.8434301 1
1 5.721321 8.692127 0.7291508 8.549366 0.8586465 1
1 5.721219 8.692037 0.7291508 8.549389 0.8586465 1
1 5.715254 8.818064 0.6675155 8.522008 0.700134 1
1 5.715254 8.818174 0.6675155 8.521916 0.700134 1
1 5.683548 8.716859 0.7069899 8.481028 0.8337928 1
1 5.683686 8.716905 0.7069899 8.481028 0.8337928 1
1 5.696121 8.707187 0.6366647 8.476233 0.8894853 1
1 5.696225 8.707232 0.6366647 8.476233 0.8894853 1
1 5.69619 8.707142 0.6366647 8.47635 0.8894853 1
1 5.755136 8.718257 0.6934714 8.53228 0.7959508 1
1 5.755102 8.718189 0.6934714 8.532235 0.7959508 1
1 5.817363 8.806784 0.7224441 8.620834 0.7020926 1
1 5.81743 8.806695 0.7224441 8.620904 0.7020926 1
1 5.849787 8.848731 0.7661092 8.63504 0.9077756 1
1 5.849787 8.848754 0.7661092 8.635085 0.9077756 1
1 5.853505 8.774583 0.6890703 8.646928 0.725461 1
1 5.853505 8.774583 0.6890703 8.646814 0.725461 1
1 5.853471 8.774627 0.6890703 8.646769 0.725461 1
1 5.811969 8.666283 0.6455965 8.620106 0.6677209 1
1 5.811969 8.66626 0.6455965 8.620174 0.6677209 1
1 5.850557 8.726904 0.6846229 8.617599 0.6013899 1
1 5.850557 8.726792 0.6846229 8.617758 0.6013899 1
1 5.82689 8.759302 0.6970103 8.647405 0.7490644 1
1 5.826789 8.759369 0.6970103 8.647245 0.7490644 1
1 5.826789 8.759392 0.6970103 8.647337 0.7490644 1
1 5.83106 8.821471 0.7071519 8.619354 0.7804597 1
1 5.830993 8.821493 0.7071519 8.619286 0.7804597 1
1 5.805795 8.800871 0.6136657 8.625846 0.7276289 1
1 5.805693 8.800804 0.6136657 8.6258 0.7276289 1
1 5.797044 8.681184 0.8175067 8.661204 0.7682419 1
1 5.79701 8.681206 0.8175067 8.661136 0.7682419 1
1 5.809405 8.726814 0.8859854 8.659775 0.8307824 1
1 5.80954 8.726859 0.8859854 8.659911 0.8307824 1
1 5.823963 8.803549 0.7666506 8.68435 0.7751655 1
1 5.823862 8.80346 0.7666506 8.68435 0.7751655 1
1 5.848614 8.812114 0.8389505 8.675049 0.5995727 1
1 5.848514 8.811957 0.8389505 8.67523 0.5995727 1
1 5.848547 8.811957 0.8389505 8.675162 0.5995727 1
1 5.838719 8.762396 0.6588088 8.731607 0.8062371 1
1 5.838685 8.762418 0.6588088 8.731495 0.8062371 1
1 5.847407 8.745724 0.6887155 8.704841 0.7349654 1
1 5.847341 8.745724 0.6887155 8.704773 0.7349654 1
1 5.847407 8.745836 0.6887155 8.704682 0.7349654 1
1 5.845228 8.737746 0.8023279 8.670588 0.680236 1
1 5.845161 8.737657 0.8023279 8.670678 0.680236 1
1 5.836771 8.780581 0.7274832 8.5754 0.7654696 1
1 5.836771 8.780602 0.7274832 8.575469 0.7654696 1
1 5.803532 8.773217 0.7471982 8.607748 0.7214559 1
1 5.803599 8.77324 0.7471982 8.607816 0.7214559 1
1 5.755443 8.633607 0.6572368 8.6487 0.6666411 1
1 5.755409 8.633471 0.6572368 8.648859 0.6666411 1
1 5.755477 8.633561 0.6572368 8.648882 0.6666411 1
1 5.693919 8.550836 0.6947342 8.617326 0.735058 1
1 5.693919 8.550974 0.6947342 8.617302 0.735058 1
1 5.692576 8.598935 0.6680496 8.52521 0.6714969 1
1 5.692472 8.598821 0.6680496 8.525187 0.6714969 1
1 5.671604 8.621131 0.6633261 8.544679 0.8147833 1
1 5.67157 8.621177 0.6633261 8.544679 0.8147833 1
1 5.632664 8.535089 0.6724464 8.575858 0.8537121 1
1 5.632595 8.535111 0.6724464 8.575904 0.8537121 1
1 5.551568 8.456982 0.6600707 8.548263 0.7039131 1
1 5.551673 8.45705 0.6600707 8.548263 0.7039131 1
1 5.551603 8.45705 0.6600707 8.548195 0.7039131 1
1 5.614053 8.488365 0.6168747 8.52247 0.5864553 1
1 5.614123 8.488435 0.6168747 8.522354 0.5864553 1
1 5.62894 8.461532 0.7405508 8.686815 0.8836485 1
1 5.62894 8.461647 0.7405508 8.686725 0.8836485 1
1 5.624272 8.456563 0.7307935 8.681613 0.6691109 1
1 5.624272 8.456656 0.7307935 8.681567 0.6691109 1
1 5.615659 8.483481 0.7338268 8.6815 0.6691109 1
1 5.603816 8.483251 0.7338268 8.651878 0.6494035 1
1 5.60385 8.483481 0.7338268 8.651765 0.6494035 1
1 5.575872 8.34445 0.7029548 8.651311 0.6294852 1
1 5.575872 8.344497 0.7029548 8.651242 0.6294852 1
1 5.554814 8.285056 0.6670922 8.680573 0.6998326 1
1 5.554885 8.285033 0.6670922 8.68064 0.6998326 1
1 5.540366 8.246503 0.7192577 8.696442 0.6813217 1
1 5.540366 8.246598 0.7192577 8.696217 0.6813217 1
1 5.540366 8.246503 0.7192577 8.696375 0.6813217 1
1 5.492014 8.159353 0.8734969 8.739545 0.8157941 1
1 5.492085 8.15945 0.8734969 8.739567 0.8157941 1
1 5.49633 8.163011 0.7090088 8.768088 0.7251664 1
1 5.496294 8.163011 0.7090088 8.76811 0.7251664 1
1 5.447336 8.074724 0.6344707 8.746554 0.7005471 1
1 5.4473 8.074651 0.6344707 8.746645 0.7005471 1
1 5.488159 8.097425 0.6947027 8.746869 0.7097192 1
1 5.488194 8.097546 0.6947027 8.746757 0.7097192 1
1 5.483443 8.108933 0.8064585 8.714335 0.7553219 1
1 5.483479 8.108933 0.8064585 8.71429 0.7553219 1
1 5.483479 8.10903 0.8064585 8.714245 0.7553219 1
1 5.485373 8.130983 0.7047905 8.761835 0.7153208 1
1 5.48548 8.13096 0.7047905 8.761858 0.7153208 1
1 5.467337 8.098272 0.6384642 8.713614 0.755161 1
1 5.467266 8.098371 0.6384642 8.71341 0.755161 1
1 5.490658 8.025242 0.7521979 8.796942 0.797704 1
1 5.490515 8.02534 0.7521979 8.796674 0.797704 1
1 5.490586 8.025365 0.7521979 8.796807 0.797704 1
1 5.484265 8.142252 0.8017466 8.78559 0.7251978 1
1 5.48423 8.142301 0.8017466 8.785501 0.7251978 1
1 5.468843 8.098079 0.6501443 8.801719 0.8044379 1
1 5.46895 8.098079 0.6501443 8.801697 0.8044379 1
1 5.491193 8.013051 0.7926075 8.811266 0.7733294 1
1 5.491193 8.013124 0.7926075 8.811199 0.7733294 1
1 5.495759 8.110603 0.7418096 8.772546 0.6648862 1
1 5.495795 8.110701 0.7418096 8.77259 0.6648862 1
1 5.495795 8.110676 0.7418096 8.772478 0.6648862 1
1 5.466334 8.100018 0.7434647 8.913986 0.7616249 1
1 5.466441 8.100042 0.7434647 8.91403 0.7616249 1
1 5.514412 8.095703 0.774537 8.893598 0.7436897 1
1 5.514377 8.095679 0.774537 8.893598 0.7436897 1
1 5.542488 8.134629 0.7380041 8.83629 0.6826774 1
1 5.542346 8.134532 0.7380041 8.836446 0.6826774 1
1 5.568135 8.178605 0.7288706 8.856077 0.6732969 1
1 5.56817 8.178581 0.7288706 8.856077 0.6732969 1
1 5.56014 8.178677 0.7288706 8.834467 0.7423261 1
1 5.513844 8.215134 0.7651011 8.834355 0.7423261 1
1 5.513916 8.215062 0.7651011 8.834467 0.7423261 1
1 5.501497 8.226336 0.7206096 8.802388 0.6555146 1
1 5.501497 8.226264 0.7206096 8.802344 0.6555146 1
1 5.54627 8.172482 0.7414904 8.888671 0.6926849 1
1 5.546305 8.172433 0.7414904 8.888692 0.6926849 1
1 5.574818 8.21511 0.7949489 8.90446 0.7258261 1
1 5.574783 8.21523 0.7949489 8.904371 0.7258261 1
1 5.574853 8.215254 0.7949489 8.904415 0.7258261 1
1 5.592893 8.223972 0.7922585 8.958549 0.6899666 1
1 5.592928 8.223877 0.7922585 8.958747 0.6899666 1
1 5.644413 8.340237 0.6836661 9.009112 0.6541181 1
1 5.644308 8.340166 0.6836661 9.009047 0.6541181 1
1 5.608989 8.191583 0.7597492 8.996062 0.710462 1
1 5.608989 8.191607 0.7597492 8.996062 0.710462 1
1 5.600737 8.139744 0.5783214 9.07818 0.7402242 1
1 5.600632 8.139791 0.5783214 9.077965 0.7402242 1
1 5.600562 8.13984 0.5783214 9.077986 0.7402242 1
1 5.526376 8.065699 0.7576311 9.093795 0.7443865 1
1 5.52634 8.065771 0.7576311 9.093708 0.7443865 1
1 5.511178 8.090147 0.8015407 9.097899 0.7887249 1
1 5.51132 8.090075 0.8015407 9.09805 0.7887249 1
1 5.498682 8.002141 0.7610316 9.122661 0.6668139 1
1 5.498647 8.001994 0.7610316 9.122746 0.6668139 1
1 5.488016 7.979319 0.6132344 9.134284 0.6015781 1
1 5.488159 7.979344 0.6132344 9.134392 0.6015781 1
1 5.543018 7.943542 0.8116902 9.198192 0.7845076 1
1 5.543054 7.943642 0.8116902 9.198106 0.7845076 1
1 5.543089 7.943642 0.8116902 9.198192 0.7845076 1
1 5.596781 8.032553 0.7797102 9.23793 0.8432318 1
1 5.596746 8.032504 0.7797102 9.237823 0.8432318 1
1 5.553298 7.972723 0.7937477 9.238696 0.8509269 1
1 5.553368 7.972699 0.7937477 9.238802 0.8509269 1
1 5.499395 7.926993 0.631785 9.221982 0.7751897 1
1 5.499395 7.927092 0.631785 9.221918 0.7751897 1
1 5.46307 7.824284 0.6243706 9.221875 0.7751897 1
1 5.442873 7.824234 0.6243706 9.195393 0.7963552 1
1 5.442801 7.824234 0.6243706 9.195329 0.7963552 1
1 5.455604 7.85288 0.6772997 9.202911 0.8184491 1
1 5.455532 7.85288 0.6772997 9.202805 0.8184491 1
1 5.491978 7.809872 0.584873 9.261492 0.8667424 1
1 5.491942 7.809846 0.584873 9.261429 0.8667424 1
1 5.491978 7.809821 0.584873 9.261471 0.8667424 1
1 5.541215 7.870357 0.6775452 9.267199 0.6737911 1
1 5.541179 7.870283 0.6775452 9.267156 0.6737911 1
1 5.571372 7.846854 0.6862766 9.28345 0.6880082 1
1 5.571548 7.846804 0.6862766 9.28364 0.6880082 1
1 5.631551 8.034508 0.7635269 9.338815 0.8102714 1
1 5.631551 8.034434 0.7635269 9.338773 0.8102714 1
1 5.647606 8.114016 0.7151059 9.379786 0.6715356 1
1 5.647745 8.113871 0.7151059 9.379974 0.6715356 1
1 5.647676 8.113967 0.7151059 9.379786 0.6715356 1
1 5.675784 8.08335 0.880533 9.338625 0.6964708 1
1 5.675715 8.083325 0.880533 9.338562 0.6964708 1
1 5.642885 8.029033 0.7647979 9.309537 0.8045575 1
1 5.642849 8.029082 0.7647979 9.309474 0.8045575 1
1 5.588757 8.090415 0.8740999 9.278812 0.7122458 1
1 5.588722 8.090244 0.8740999 9.279002 0.7122458 1
1 5.588722 8.090391 0.8740999 9.27879 0.7122458 1
1 5.505949 8.017386 0.6192802 9.229799 0.7239496 1
1 5.506019 8.017386 0.6192802 9.229799 0.7239496 1
1 5.468628 7.968388 0.5740206 9.2351 0.7920557 1
1 5.468664 7.968265 0.5740206 9.235121 0.7920557 1
1 5.493405 7.984115 0.7426967 9.224304 0.7721676 1
1 5.493441 7.984164 0.7426967 9.224262 0.7721676 1
1 5.491014 7.984041 0.7426967 9.234377 0.5966639 1
1 5.490301 8.042909 0.7186846 9.234355 0.5966639 1
1 5.490301 8.042884 0.7186846 9.234461 0.5966639 1
1 5.51864 8.130863 0.7888775 9.306919 0.8192101 1
1 5.518569 8.130911 0.7888775 9.30675 0.8192101 1
1 5.551003 8.007414 0.7695485 9.321394 0.582211 1
1 5.551003 8.007439 0.7695485 9.321394 0.582211 1
1 5.541816 7.987065 0.675008 9.31918 0.7795945 1
1 5.541781 7.987114 0.675008 9.319117 0.7795945 1
1 5.542382 7.98296 0.6403342 9.309728 0.7278545 1
1 5.542382 7.98296 0.6403342 9.309748 0.7278545 1
1 5.487016 7.915296 0.7856621 9.369637 0.6626299 1
1 5.48698 7.91542 0.7856621 9.369512 0.6626299 1
1 5.425636 7.813891 0.6421922 9.368337 0.7780122 1
1 5.425781 7.813866 0.6421922 9.368484 0.7780122 1
1 5.425636 7.813941 0.6421922 9.368379 0.7780122 1
1 5.434983 7.858377 0.7140965 9.36861 0.8663521 1
1 5.435055 7.858402 0.7140965 9.368547 0.8663521 1
1 5.456395 7.852156 0.6235242 9.338625 0.8248587 1
1 5.456358 7.852005 0.6235242 9.338793 0.8248587 1
1 5.452083 7.780033 0.5215214 9.402493 0.8704877 1
1 5.452011 7.779983 0.5215214 9.402514 0.8704877 1
1 18.978 24.37459 0.6447089 14.34266 0.6033595 2
1 18.97795 24.37454 0.6447089 14.34265 0.6033595 2
1 18.97797 24.3746 0.6447089 14.34276 0.6033595 2
1 17.48212 21.09039 0.5511304 14.34279 0.6033595 2
1 17.48204 21.09025 0.5511304 14.34269 0.6033595 2
1 12.74114 18.36049 0.4053809 8.348332 0.5329432 2
1 12.7411 18.36037 0.4053809 8.348238 0.5329432 2
1 10.59777 18.36044 0.4053809 3.67509 0.4413826 2
1 8.198961 13.59863 0.6786055 3.674983 0.4413826 2
1 8.199034 13.59867 0.6786055 3.675037 0.4413826 2
1 7.523995 13.65165 0.4200965 2.467835 0.8287907 2
1 7.523943 13.65168 0.4200965 2.467835 0.8287907 2
1 7.534552 13.71808 0.4261845 2.548833 0.7878571 2
1 7.534656 13.71812 0.4261845 2.548833 0.7878571 2
1 7.489621 13.68084 0.468069 2.539755 0.7880909 2
1 7.489595 13.68079 0.468069 2.539755 0.7880909 2
1 7.495959 13.72637 0.4038859 2.493871 0.8269909 2
1 7.495881 13.72628 0.4038859 2.493949 0.8269909 2
1 7.198955 13.18651 0.3101515 2.608045 0.4566847 2
1 7.198982 13.18647 0.3101515 2.608195 0.4566847 2
1 7.198792 13.1863 0.3101515 2.608045 0.4566847 2
1 17.75998 13.18635 0.3101515 40.14405 0 2
1 17.75994 13.18644 0.3101515 40.14401 0 2
1 19.91891 9.207288 0.6328308 40.14407 0 2
1 19.91891 9.207267 0.6328308 40.14407 0 2
1 5.384887 9.057769 0.9162703 8.377823 0.8082078 2
1 5.384996 9.057704 0.9162703 8.377917 0.8082078 2
1 5.384814 9.057466 0.9162703 8.377987 0.8082078 2
1 5.414392 8.860735 0.6228632 8.47723 0.8628005 2
1 5.414356 8.860778 0.6228632 8.477114 0.8628005 2
1 5.453485 8.680821 0.8078504 8.574621 0.8298912 2
1 5.45352 8.680912 0.8078504 8.574553 0.8298912 2
1 5.458872 8.624479 0.7971684 8.57453 0.8298912 2
1 5.467516 8.62202 0.7296687 8.652878 0.7761807 2
1 5.467445 8.622156 0.7296687 8.652696 0.7761807 2
1 5.445609 8.620584 0.7457371 8.699672 0.8399864 2
1 5.445609 8.620493 0.7457371 8.699672 0.8399864 2
1 5.434045 8.613495 0.8308501 8.705924 0.9027805 2
1 5.434045 8.613678 0.8308501 8.705652 0.9027805 2
1 5.445357 8.659253 0.8301701 8.705315 0.8069451 2
1 5.445465 8.659185 0.8301701 8.705472 0.8069451 2
1 5.445465 8.659118 0.8301701 8.705563 0.8069451 2
1 5.485194 8.721704 0.6509308 8.695923 0.7442805 2
1 5.485194 8.721613 0.6509308 8.695991 0.7442805 2
1 5.500963 8.652401 0.7796459 8.728142 0.8108391 2
1 5.500963 8.652492 0.7796459 8.728074 0.8108391 2
1 5.440317 8.540631 0.7048576 8.709262 0.8154479 2
1 5.440281 8.540701 0.7048576 8.709126 0.8154479 2
1 5.413125 8.514238 0.6913484 8.709217 0.8962201 2
1 5.413198 8.514123 0.6913484 8.709397 0.8962201 2
1 5.413198 8.514284 0.6913484 8.70924 0.8962201 2
1 5.37888 8.485912 0.6682705 8.705879 0.9551956 2
1 5.378916 8.485889 0.6682705 8.705946 0.9551956 2
1 5.366551 8.520002 0.7526623 8.715056 0.7649629 2
1 5.366588 8.520049 0.7526623 8.715034 0.7649629 2
1 5.366515 8.520118 0.7526623 8.714944 0.7649629 2
1 5.366625 8.520002 0.7526623 8.715102 0.7649629 2
1 5.366551 8.520072 0.7526623 8.71499 0.7649629 2
1 5.366515 8.520095 0.7526623 8.715056 0.7649629 2
1 5.473463 8.6163 0.743606 8.847776 0.9309812 2
1 5.473535 8.616209 0.743606 8.847865 0.9309812 2
1 5.473463 8.616117 0.743606 8.84791 0.9309812 2
1 5.535907 8.672853 0.6791471 8.890836 0.7869382 2
1 5.535978 8.67292 0.6791471 8.890792 0.7869382 2
1 5.535306 8.682858 0.7341112 8.912245 0.6881461 2
1 5.535306 8.682948 0.7341112 8.912134 0.6881461 2
1 5.50399 8.660523 0.8708574 8.841312 0.8319751 2
1 5.503955 8.660433 0.8708574 8.841335 0.8319751 2
1 5.503883 8.660479 0.8708574 8.84129 0.8319751 2
1 5.413198 8.527583 1 8.858539 0.7298671 2
1 5.41327 8.527514 1 8.858649 0.7298671 2
1 5.356977 8.418953 0.730178 8.853105 0.7050823 2
1 5.356904 8.418953 0.730178 8.85306 0.7050823 2
1 5.375782 8.314227 0.6958591 8.996127 0.909853 2
1 5.375818 8.314251 0.6958591 8.996171 0.909853 2
1 5.322996 8.260111 0.8307217 8.945052 0.9158337 2
1 5.323107 8.26004 0.8307217 8.945074 0.9158337 2
1 5.322996 8.260135 0.8307217 8.944964 0.9158337 2
1 5.342324 8.254784 0.8530777 8.970121 0.755833 2
1 5.342361 8.254713 0.8530777 8.9701 0.755833 2
1 5.377385 8.152301 0.7429953 8.97264 0.8453065 2
1 5.377532 8.152445 0.7429953 8.972618 0.8453065 2
1 5.366077 8.158031 0.8497663 8.985769 0.837143 2
1 5.365967 8.158007 0.8497663 8.985703 0.837143 2
1 5.36604 8.157982 0.8497663 8.985747 0.837143 2
1 5.346321 8.121416 0.9452516 8.969618 0.7960569 2
1 5.346321 8.121416 0.9452516 8.969597 0.7960569 2
1 5.269088 8.016774 0.8214253 8.921895 0.8389113 2
1 5.269163 8.016774 0.8214253 8.921938 0.8389113 2
1 5.192295 8.05871 0.7378056 8.824767 0.7601077 2
1 5.192295 8.058686 0.7378056 8.824744 0.7601077 2
1 5.069061 7.97959 0.70103 8.742062 0.9713751 2
1 5.069022 7.979417 0.70103 8.742107 0.9713751 2
1 5.08099 8.044276 0.7653518 8.742376 0.8673153 2
1 5.080952 8.044227 0.7653518 8.74231 0.8673153 2
1 5.080952 8.044203 0.7653518 8.742332 0.8673153 2
1 5.071341 7.962671 0.7463298 8.777045 0.6831185 2
1 5.07138 7.962523 0.7463298 8.777202 0.6831185 2
1 5.145975 8.110652 0.7168269 8.783846 0.9188823 2
1 5.146013 8.110556 0.7168269 8.784002 0.9188823 2
1 5.195124 8.105785 0.6452045 8.815902 0.9010288 2
1 5.195124 8.105737 0.6452045 8.815948 0.9010288 2
1 5.246691 8.248336 0.7971858 8.849819 0.7542227 2
1 5.246803 8.24836 0.7971858 8.849841 0.7542227 2
1 5.246803 8.248312 0.7971858 8.849886 0.7542227 2
1 5.25792 8.322253 0.7715608 8.811222 0.9723209 2
1 5.257883 8.322206 0.7715608 8.811177 0.9723209 2
1 5.249193 8.311559 0.6065053 8.783779 0.7820311 2
1 5.24923 8.311559 0.6065053 8.783824 0.7820311 2
1 5.20797 8.254451 0.7375536 8.751247 0.8177391 2
1 5.207932 8.254333 0.7375536 8.751405 0.8177391 2
1 5.17714 8.217308 0.7097896 8.731405 0.7399715 2
1 5.177103 8.217213 0.7097896 8.731495 0.7399715 2
1 5.17714 8.217357 0.7097896 8.731247 0.7399715 2
1 5.173923 8.19072 0.7619005 8.702269 0.7198156 2
1 5.173847 8.190839 0.7619005 8.70211 0.7198156 2
1 5.147079 8.251287 0.7995123 8.703442 0.8936897 2
1 5.147079 8.251383 0.7995123 8.703352 0.8936897 2
1 5.121052 8.175892 0.7153112 8.736981 0.766419 2
1 5.121013 8.175724 0.7153112 8.737095 0.766419 2
1 5.063531 8.042981 0.7999085 8.709668 0.7942755 2
1 5.063531 8.042981 0.7999085 8.709759 0.7942755 2
1 5.017978 8.075891 0.8532959 8.625937 0.749279 2
1 5.018056 8.075867 0.8532959 8.626005 0.749279 2
1 4.973702 8.038148 0.7356309 8.623751 0.7536342 2
1 4.973663 8.038173 0.7356309 8.623636 0.7536342 2
1 4.9149 8.039833 0.754448 8.562817 0.7676595 2
1 4.9149 8.040004 0.754448 8.562748 0.7676595 2
1 4.91486 8.039907 0.754448 8.562726 0.7676595 2
1 4.89921 7.947298 0.7404859 8.614954 0.8330356 2
1 4.89913 7.947274 0.7404859 8.614841 0.8330356 2
1 4.931057 8.014569 0.8808226 8.628555 0.8022555 2
1 4.931017 8.014544 0.8808226 8.628442 0.8022555 2
1 4.932606 8.112878 0.7446363 8.598547 0.7633461 2
1 4.932646 8.112878 0.7446363 8.598455 0.7633461 2
1 4.932686 8.112903 0.7446363 8.598501 0.7633461 2
1 4.955826 8.050203 0.8143808 8.635586 0.8856457 2
1 4.955866 8.050252 0.8143808 8.635677 0.8856457 2
1 4.959936 7.923254 0.7618544 8.687222 0.8163515 2
1 4.960055 7.923229 0.7618544 8.687312 0.8163515 2
1 4.937847 7.761064 0.7974554 8.749047 0.8160374 2
1 4.937727 7.761089 0.7974554 8.748958 0.8160374 2
1 4.923781 7.761039 0.7974554 8.758427 0.8660327 2
1 4.922747 7.695747 0.7686813 8.758449 0.8660327 2
1 4.922747 7.695722 0.7686813 8.758427 0.8660327 2
1 4.901849 7.69998 0.7950667 8.751067 0.7780396 2
1 4.901769 7.69998 0.7950667 8.751067 0.7780396 2
1 4.915617 7.660551 0.779839 8.783824 0.846116 2
1 4.915498 7.660627 0.779839 8.783667 0.846116 2
1 4.839667 7.643803 0.7420397 8.754636 0.8675125 2
1 4.839586 7.643777 0.7420397 8.754412 0.8675125 2
1 4.811371 7.698935 0.6484746 8.70845 0.8740912 2
1 4.811208 7.698705 0.6484746 8.70845 0.8740912 2
1 4.870374 7.845553 0.9007572 8.706849 0.6605687 2
1 4.870455 7.845603 0.9007572 8.706781 0.6605687 2
1 4.870535 7.845603 0.9007572 8.706894 0.6605687 2
1 4.951832 7.885406 0.5812297 8.692421 0.7049166 2
1 4.951793 7.885307 0.5812297 8.692489 0.7049166 2
1 5.0962 8.021107 0.6271543 8.789704 0.7751734 2
1 5.096276 8.020985 0.6271543 8.789883 0.7751734 2
1 5.176459 8.11716 0.8521287 8.83829 0.6661427 2
1 5.176459 8.117136 0.8521287 8.838358 0.6661427 2
1 5.176573 8.117087 0.8521287 8.838447 0.6661427 2
1 5.194898 8.12335 0.5817838 8.824633 0.9113128 2
1 5.19486 8.123302 0.5817838 8.824722 0.9113128 2
1 5.249006 8.10043 0.7228919 8.90137 0.7450138 2
1 5.249006 8.100382 0.7228919 8.901437 0.7450138 2
1 5.248931 8.100382 0.7228919 8.901481 0.7450138 2
1 5.243702 8.105034 0.8326628 8.891521 0.8011755 2
1 5.243777 8.105058 0.8326628 8.891632 0.8011755 2
1 5.16475 8.078637 0.7758178 8.814743 0.7894801 2
1 5.164712 8.078516 0.7758178 8.814922 0.7894801 2
1 5.181794 8.133857 0.8475506 8.807342 0.7198616 2
1 5.181831 8.133881 0.8475506 8.807253 0.7198616 2
1 5.169187 8.082184 0.888397 8.821294 0.9206885 2
1 5.169149 8.081989 0.888397 8.821404 0.9206885 2
1 5.173733 8.02233 0.8035835 8.855211 0.7760966 2
1 5.173733 8.02216 0.8035835 8.855433 0.7760966 2
1 5.16346 8.128279 0.8027461 8.798304 0.9234837 2
1 5.16346 8.128279 0.8027461 8.798326 0.9234837 2
1 5.163536 8.128206 0.8027461 8.798438 0.9234837 2
1 5.226973 8.253143 0.7064114 8.793122 0.8411184 2
1 5.22686 8.253238 0.7064114 8.792899 0.8411184 2
1 5.171536 8.127434 0.8008033 8.75919 0.8586171 2
1 5.171461 8.127481 0.8008033 8.759145 0.8586171 2
1 5.160423 8.103024 0.7749051 8.76876 0.996908 2
1 5.160347 8.102926 0.7749051 8.768648 0.996908 2
1 5.160347 8.103168 0.7749051 8.768559 0.996908 2
1 5.135265 8.058125 0.6969262 8.755263 0.8587683 2
1 5.135227 8.058027 0.6969262 8.755354 0.8587683 2
1 5.113853 8.137451 0.798362 8.740758 1 2
1 5.113892 8.1375 0.798362 8.740849 1 2
1 5.093045 8.162265 0.7305976 8.738488 0.9775935 2
1 5.09293 8.162409 0.7305976 8.738331 0.9775935 2
1 5.093007 8.162289 0.7305976 8.738465 0.9775935 2
1 5.126635 8.144229 0.8184557 8.737746 0.9116316 2
1 5.126558 8.144156 0.8184557 8.737791 0.9116316 2
1 5.090737 8.114839 0.8277296 8.740039 0.9504334 2
1 5.090814 8.114814 0.8277296 8.740039 0.9504334 2
1 5.12629 8.104549 0.722156 8.739949 0.8197471 2
1 5.126329 8.104573 0.722156 8.739994 0.8197471 2
1 5.076052 8.020127 0.7538567 8.717626 0.8584985 2
1 5.076014 8.02003 0.7538567 8.717535 0.8584985 2
1 5.076091 8.02003 0.7538567 8.717738 0.8584985 2
1 5.064846 8.020593 0.7919434 8.678445 1 2
1 5.064885 8.020568 0.7919434 8.678581 1 2
1 5.074199 7.970211 0.7225179 8.676747 0.9550256 2
1 5.074122 7.970211 0.7225179 8.676611 0.9550256 2
1 5.162436 7.962375 0.7900499 8.784092 0.7946532 2
1 5.16236 7.962375 0.7900499 8.784092 0.7946532 2
1 5.162473 7.9624 0.7900499 8.784137 0.7946532 2
1 5.140832 8.006115 0.7972618 8.820559 0.8452435 2
1 5.140832 8.00614 0.7972618 8.820514 0.8452435 2
1 5.242581 7.946829 0.8385662 8.90843 0.973012 2
1 5.242731 7.946829 0.8385662 8.90843 0.973012 2
1 5.308952 7.987139 0.6320691 8.971086 0.8648987 2
1 5.308805 7.987114 0.6320691 8.970932 0.8648987 2
1 5.344928 7.987164 0.6320691 9.02049 0.9385179 2
1 5.432062 8.106585 0.7477881 9.020512 0.9385179 2
1 5.431953 8.106585 0.7477881 9.020555 0.9385179 2
1 5.453089 8.275216 0.7799694 9.065835 0.8033266 2
1 5.453125 8.275144 0.7799694 9.065966 0.8033266 2
1 5.462173 8.173443 0.7646165 9.072119 0.7625214 2
1 5.462138 8.173443 0.7646165 9.072054 0.7625214 2
1 5.410192 8.217141 0.886034 9.055209 0.8535295 2
1 5.410228 8.216974 0.886034 9.055317 0.8535295 2
1 5.384705 8.060781 0.6802546 9.11501 0.7837142 2
1 5.384669 8.060829 0.6802546 9.114989 0.7837142 2
1 5.384741 8.060805 0.6802546 9.115032 0.7837142 2
1 5.372026 8.129752 0.7122096 9.102694 0.8379491 2
1 5.371916 8.12968 0.7122096 9.102736 0.8379491 2
1 5.338252 8.247193 0.8299637 9.039268 0.7643995 2
1 5.338178 8.247407 0.8299637 9.039116 0.7643995 2
1 5.321818 8.189185 0.8677151 9.054536 0.7266355 2
1 5.321818 8.189137 0.8677151 9.05445 0.7266355 2
1 5.321781 8.189233 0.8677151 9.054406 0.7266355 2
1 5.310613 8.184845 0.8820587 9.061716 0.6743637 2
1 5.310576 8.184988 0.8820587 9.061607 0.6743637 2
1 5.262576 8.041469 0.7488824 9.006408 0.7892563 2
1 5.262725 8.041615 0.7488824 9.006408 0.7892563 2
1 5.179146 7.959515 0.715974 8.991955 0.8138407 2
1 5.179184 7.959342 0.715974 8.992085 0.8138407 2
1 5.179184 7.95954 0.715974 8.991955 0.8138407 2
1 5.190785 7.975235 0.7738956 8.940351 0.8645482 2
1 5.190747 7.975258 0.7738956 8.940285 0.8645482 2
1 5.171953 7.93662 0.6957101 8.942966 0.7771059 2
1 5.172143 7.936546 0.6957101 8.943185 0.7771059 2
1 5.128622 7.932637 0.8488866 8.926914 0.790031 2
1 5.128583 7.932736 0.8488866 8.926847 0.790031 2
1 5.121358 7.924541 0.755524 8.910922 0.893393 2
1 5.121434 7.924615 0.755524 8.910789 0.893393 2
1 5.121396 7.924541 0.755524 8.910833 0.893393 2
1 5.174831 7.876939 0.7808018 8.975508 0.8385469 2
1 5.174718 7.877113 0.7808018 8.975246 0.8385469 2
1 5.221797 7.891975 0.6453061 8.991628 0.9297544 2
1 5.221834 7.892051 0.6453061 8.991671 0.9297544 2
1 5.276706 7.866741 0.7546492 9.042593 0.9764999 2
1 5.276632 7.86694 0.7546492 9.042484 0.9764999 2
1 5.314412 7.944432 0.7064916 9.065207 0.9151418 2
1 5.314412 7.944407 0.7064916 9.06525 0.9151418 2
1 5.314412 7.944482 0.7064916 9.065186 0.9151418 2
1 5.333293 8.062071 0.6385159 9.087504 0.8927707 2
1 5.333293 8.062022 0.6385159 9.08744 0.8927707 2
1 5.339609 8.079026 0.7709435 9.082228 0.7715102 2
1 5.339646 8.078953 0.7709435 9.082379 0.7715102 2
1 5.319093 8.015059 0.6187767 9.129076 0.7050899 2
1 5.319203 8.015133 0.6187767 9.129141 0.7050899 2
1 5.308177 8.015035 0.6187767 9.071296 0.8385509 2
1 5.344671 8.008247 0.6028257 9.071404 0.8385509 2
1 5.344635 8.008322 0.6028257 9.071361 0.8385509 2
1 5.388925 7.982025 0.7069488 9.108347 0.8643062 2
1 5.388998 7.982099 0.7069488 9.108325 0.8643062 2
1 5.344965 8.031527 0.7578992 9.097121 0.8886589 2
1 5.344928 8.031478 0.7578992 9.097208 0.8886589 2
1 5.363155 8.087381 0.6681603 9.094573 0.8239219 2
1 5.363228 8.087551 0.6681603 9.094681 0.8239219 2
1 5.363228 8.087454 0.6681603 9.094724 0.8239219 2
1 5.410808 8.185684 0.6930745 9.088521 0.8082097 2
1 5.410808 8.185852 0.6930745 9.088478 0.8082097 2
1 5.466226 8.146229 0.7780622 9.119622 0.8874464 2
1 5.466298 8.146326 0.7780622 9.119493 0.8874464 2
1 5.496615 8.169694 0.7393172 9.172154 0.8541579 2
1 5.496508 8.16979 0.7393172 9.172005 0.8541579 2
1 5.496508 8.169645 0.7393172 9.172154 0.8541579 2
1 5.554567 8.23199 0.7510514 9.245819 0.7578584 2
1 5.554497 8.232061 0.7510514 9.245712 0.7578584 2
1 5.566128 8.298011 0.7712002 9.24584 0.7464215 2
1 5.566093 8.297939 0.7712002 9.245903 0.7464215 2
1 5.53442 8.214226 0.8481092 9.250005 0.8473058 2
1 5.534455 8.214202 0.8481092 9.250112 0.8473058 2
1 5.53442 8.214154 0.8481092 9.250175 0.8473058 2
1 5.480762 8.163852 0.8408395 9.202826 0.7932597 2
1 5.480762 8.163876 0.8408395 9.20272 0.7932597 2
1 5.41971 8.186835 0.793153 9.188487 0.811631 2
1 5.419746 8.186883 0.793153 9.188444 0.811631 2
1 5.420144 8.081601 0.8698896 9.19567 0.8594339 2
1 5.420252 8.08165 0.8698896 9.195691 0.8594339 2
1 5.420975 8.087138 0.8873178 9.180099 0.9137724 2
1 5.420903 8.087138 0.8873178 9.180015 0.9137724 2
1 5.420975 8.087138 0.8873178 9.180015 0.9137724 2
1 5.435992 8.105397 0.621817 9.17661 0.9106997 2
1 5.435992 8.105445 0.621817 9.176632 0.9106997 2
1 5.454634 8.107553 0.7758405 9.168341 0.8238603 2
1 5.454706 8.107553 0.7758405 9.168426 0.8238603 2
1 5.468878 8.083325 0.8012825 9.190882 0.7919611 2
1 5.468914 8.083302 0.8012825 9.190839 0.7919611 2
1 5.468986 8.083471 0.8012825 9.190797 0.7919611 2
1 5.510182 8.167964 0.7309929 9.230056 1 2
1 5.510289 8.167988 0.7309929 9.23014 1 2
1 5.492941 8.161423 0.7706943 9.246605 0.9520754 2
1 5.49287 8.161375 0.7706943 9.246584 0.9520754 2
1 5.510431 8.110531 0.8668622 9.243246 0.8091299 2
1 5.510467 8.110506 0.8668622 9.243246 0.8091299 2
1 5.537323 8.049472 0.7804062 9.235185 0.8072609 2
1 5.537288 8.049447 0.7804062 9.235143 0.8072609 2
1 5.537359 8.049423 0.7804062 9.235164 0.8072609 2
1 5.580756 8.041615 0.7470666 9.294113 0.8369824 2
1 5.580686 8.041469 0.7470666 9.294177 0.8369824 2
1 5.61709 8.108497 0.8676925 9.341213 0.8296676 2
1 5.617125 8.108521 0.8676925 9.341129 0.8296676 2
1 5.577137 8.073314 0.7127748 9.359312 0.804114 2
1 5.577173 8.073386 0.7127748 9.359249 0.804114 2
1 5.620961 8.068813 0.7493511 9.442462 0.9141081 2
1 5.620961 8.068813 0.7493511 9.44242 0.9141081 2
1 5.620892 8.068838 0.7493511 9.442358 0.9141081 2
1 5.663581 8.097715 0.7057363 9.526338 0.8437013 2
1 5.663651 8.097715 0.7057363 9.526399 0.8437013 2
1 5.654577 8.062997 0.8561664 9.521073 0.9383599 2
1 5.654646 8.063069 0.8561664 9.521032 0.9383599 2
1 5.673988 7.989817 0.760125 9.560736 0.8526399 2
1 5.674092 7.989867 0.760125 9.560736 0.8526399 2
1 5.706434 8.009155 0.7207959 9.583142 0.7497334 2
1 5.706434 8.009106 0.7207959 9.583142 0.7497334 2
1 5.7064 8.00913 0.7207959 9.583203 0.7497334 2
1 5.716866 8.003442 0.6944203 9.562709 0.7992505 2
1 5.7169 8.003491 0.6944203 9.56273 0.7992505 2
1 5.703995 8.069738 0.7544069 9.523118 0.8069646 2
1 5.703892 8.06947 0.7544069 9.523282 0.8069646 2
1 5.704133 8.134002 0.9554124 9.53838 0.7518783 2
1 5.70403 8.134026 0.9554124 9.538195 0.7518783 2
1 5.640974 8.129776 0.7376997 9.447144 0.8663365 2
1 5.641044 8.129727 0.7376997 9.447186 0.8663365 2
1 5.628418 8.129655 0.7376997 9.439984 0.7733014 2
1 5.588862 8.072001 0.7195809 9.439838 0.7733014 2
1 5.588932 8.071878 0.7195809 9.439901 0.7733014 2
1 5.594925 8.147217 0.8965266 9.427879 0.9349429 2
1 5.59489 8.147289 0.8965266 9.427795 0.9349429 2
1 5.659427 8.209706 0.8402916 9.392328 0.7531475 2
1 5.659427 8.209754 0.8402916 9.392266 0.7531475 2
1 5.668942 8.211954 0.7277855 9.390257 0.6995789 2
1 5.668908 8.212027 0.7277855 9.390299 0.6995789 2
1 5.668873 8.21217 0.7277855 9.390089 0.6995789 2
1 5.679409 8.203797 0.8352688 9.426335 0.920351 2
1 5.679374 8.203869 0.8352688 9.426294 0.920351 2
1 5.66012 8.186739 0.7044799 9.369218 0.7794695 2
1 5.66005 8.186763 0.7044799 9.369218 0.7794695 2
1 5.620961 8.116145 0.7922202 9.33772 0.8617585 2
1 5.620961 8.116218 0.7922202 9.337678 0.8617585 2
1 5.620996 8.116218 0.7922202 9.33772 0.8617585 2
1 5.55065 8.081868 0.8316798 9.310107 0.8361758 2
1 5.550791 8.081771 0.8316798 9.310318 0.8361758 2
1 5.538279 7.964816 0.8484846 9.295742 0.8032821 2
1 5.538314 7.964767 0.8484846 9.295868 0.8032821 2
1 5.556684 7.918594 0.8272815 9.369449 0.7265098 2
1 5.556719 7.918619 0.8272815 9.369429 0.7265098 2
1 5.556755 7.918619 0.8272815 9.369534 0.7265098 2
1 5.574853 7.86005 0.7125196 9.365315 0.8078812 2
1 5.574924 7.86015 0.7125196 9.365294 0.8078812 2
1 5.614751 7.922411 0.7610751 9.381524 0.7432946 2
1 5.614751 7.922337 0.7610751 9.381608 0.7432946 2
1 5.634717 7.952878 0.8390993 9.352316 0.8516917 2
1 5.634821 7.952755 0.8390993 9.3524 0.8516917 2
1 5.657626 7.997307 0.859966 9.392433 0.8876936 2
1 5.657661 7.997357 0.859966 9.39237 0.8876936 2
1 5.657592 7.997332 0.859966 9.392475 0.8876936 2
1 5.671708 8.013321 0.7431747 9.418034 0.802044 2
1 5.671812 8.013321 0.7431747 9.418076 0.802044 2
1 5.704991 8.074042 0.9177356 9.459744 0.7264726 2
1 5.704991 8.07397 0.9177356 9.459827 0.7264726 2
1 5.697084 7.94994 0.9200481 9.459702 0.7264726 2
1 5.730221 8.048326 0.8220142 9.456253 0.7028914 2
1 5.730324 8.04835 0.8220142 9.456274 0.7028914 2
1 5.757043 8.046862 0.9946895 9.494154 0.8045686 2
1 5.757043 8.046959 0.9946895 9.494154 0.8045686 2
1 5.784012 7.982172 0.8040946 9.50204 0.8177879 2
1 5.783978 7.982247 0.8040946 9.501977 0.8177879 2
1 5.834756 8.031087 0.7165397 9.511468 0.8725817 2
1 5.834723 8.031282 0.7165397 9.511261 0.8725817 2
1 5.834723 8.031037 0.7165397 9.511407 0.8725817 2
1 5.839525 7.973191 0.9141672 9.563223 0.900626 2
1 5.839525 7.973093 0.9141672 9.563285 0.900626 2
1 5.816116 7.917701 0.8694468 9.551087 0.741861 2
1 5.816116 7.917776 0.8694468 9.551149 0.741861 2
1 5.84553 7.900204 0.7604205 9.54594 0.7254702 2
1 5.845496 7.900303 0.7604205 9.545837 0.7254702 2
1 5.845463 7.900279 0.7604205 9.545755 0.7254702 2
1 5.913342 7.737763 0.7653537 9.581809 0.8907065 2
1 5.913142 7.737814 0.7653537 9.581645 0.8907065 2
1 6.001394 7.780461 0.8896936 9.675769 0.875879 2
1 6.001426 7.780664 0.8896936 9.675769 0.875879 2
1 6.072185 7.720826 0.8040066 9.712559 0.7049512 2
1 6.072217 7.720903 0.8040066 9.712599 0.7049512 2
1 6.072314 7.720878 0.8040066 9.712599 0.7049512 2
1 6.162366 7.754258 0.9327645 9.785306 0.8170795 2
1 6.162271 7.754309 0.9327645 9.785225 0.8170795 2
1 6.256644 7.696946 0.7591391 9.84049 0.9067798 2
1 6.256644 7.69692 0.7591391 9.84053 0.9067798 2
1 6.40735 7.639437 0.7902937 9.947855 0.8388077 2
1 6.407411 7.639437 0.7902937 9.947874 0.8388077 2
1 6.468448 7.472178 0.8085023 10.10927 0.6635055 2
1 6.468357 7.47223 0.8085023 10.10918 0.6635055 2
1 6.554157 7.332164 0.5535862 10.23268 0.7297836 2
1 6.554097 7.332137 0.5535862 10.23262 0.7297836 2
1 6.554217 7.332271 0.5535862 10.2327 0.7297836 2
1 6.635721 7.27923 0.583557 10.34045 0.4078397 2
1 6.63581 7.279257 0.583557 10.34047 0.4078397 2
1 21.14504 7.260987 0.6239342 40.14398 0 2
1 21.14524 7.260933 0.6239342 40.14405 0 2
1 21.14505 7.261014 0.6239342 40.14397 0 2
1 21.21007 7.120948 0.674069 40.144 0 2
1 21.21012 7.12081 0.674069 40.14408 0 2
1 21.26614 6.993894 0.6209633 40.14405 0 2
1 21.26607 6.993922 0.6209633 40.144 0 2
1 21.26609 6.993949 0.6209633 40.144 0 2
1 21.34961 6.863271 0.5660642 40.14407 0 2
1 21.34952 6.863271 0.5660642 40.14402 0 2
1 6.656995 6.774537 0.5771192 9.852433 0.5341232 2
1 6.657054 6.77445 0.5771192 9.852512 0.5341232 2
1 21.51963 6.749593 0.3854063 40.1441 0 2
1 21.51953 6.74971 0.3854063 40.144 0 2
1 21.57289 6.800946 0.3868205 40.14405 0 2
1 7.360874 6.800975 0.3868205 10.88116 0.4799208 2
1 7.360901 6.800918 0.3868205 10.88123 0.4799208 2
1 7.64542 6.914606 0.5381398 11.07242 0.5140642 2
1 7.64542 6.914635 0.5381398 11.07245 0.5140642 2
1 7.645394 6.91472 0.5381398 11.07238 0.5140642 2
1 7.806629 7.133334 0.36028 11.04422 0.6126932 2
1 7.806629 7.133307 0.36028 11.04418 0.6126932 2
1 7.987729 7.386287 0.4789824 11.08752 0.5648937 2
1 7.987753 7.386287 0.4789824 11.08756 0.5648937 2
1 8.042201 7.335374 0.7006238 11.11542 0.4891225 2
1 8.042176 7.335401 0.7006238 11.1154 0.4891225 2
1 8.042103 7.335401 0.7006238 11.11533 0.4891225 2
1 7.942702 6.812472 0.3658837 11.11542 0.4891225 2
1 7.942727 6.812501 0.3658837 11.11539 0.4891225 2
1 22.0037 6.686625 0.475273 40.144 0 2
1 22.00367 6.686508 0.475273 40.14403 0 2
1 22.10893 6.656377 0.6640406 40.14398 0 2
1 22.10894 6.656347 0.6640406 40.14402 0 2
1 22.21631 6.710603 0.4412321 40.14401 0 2
1 8.190216 6.710545 0.4412321 11.6096 0.6233143 2
1 8.190289 6.710661 0.4412321 11.60957 0.6233143 2
1 8.584671 6.862985 0.2905667 11.87863 0.5528321 2
1 8.584625 6.863042 0.2905667 11.87849 0.5528321 2
1 8.642793 6.863014 0.2905667 12.02761 0.4799968 2
1 8.642771 6.862985 0.2905667 12.02757 0.4799968 2
1 8.642657 6.862985 0.2905667 12.02754 0.4799968 2
1 7.13919 6.126472 0.2882272 12.3052 0.4438335 2
1 7.13941 6.126503 0.2882272 12.30536 0.4438335 2
1 7.237143 6.126535 0.2882272 12.56126 0.2943858 2
1 7.236981 6.126472 0.2882272 12.56117 0.2943858 2
1 53.71278 70.90343 0 12.93079 0.3922362 2
1 53.71286 70.90348 0 12.93073 0.3922362 2
1 53.71284 70.90348 0 12.93077 0.3922362 2
1 10.30066 7.928008 0.3385513 13.04793 0.3834945 2
1 10.3007 7.928033 0.3385513 13.04793 0.3834945 2
1 43.94901 70.9035 0 40.14405 0 2
1 43.94899 70.90349 0 40.144 0 2
1 43.94905 70.90353 0 40.144 0 2
1 23.81339 5.584547 0.3390249 40.144 0 2
1 23.81342 5.584477 0.3390249 40.14403 0 2
1 23.94151 5.596186 0.3444396 40.14399 0 2
1 23.94156 5.596151 0.3444396 40.14405 0 2
1 9.383975 5.756669 0.403572 13.24847 0.6822629 2
1 9.383933 5.756498 0.403572 13.24841 0.6822629 2
1 9.484626 5.845329 0.3841313 13.25997 0.786934 2
1 9.484772 5.845362 0.3841313 13.26004 0.786934 2
1 9.484626 5.845295 0.3841313 13.25997 0.786934 2
1 9.507251 5.86635 0.4146349 13.26775 0.6928363 2
1 9.507128 5.866216 0.4146349 13.26765 0.6928363 2
1 9.48761 5.86782 0.5583844 13.21726 0.5988505 2
1 9.48761 5.867853 0.5583844 13.21724 0.5988505 2
1 9.591303 6.098376 0.5418961 13.17203 0.5901663 2
1 9.59118 6.098343 0.5418961 13.17197 0.5901663 2
1 9.591241 6.098343 0.5418961 13.17189 0.5901663 2
1 9.725991 6.243908 0.6609458 13.29351 0.5348558 2
1 9.726071 6.244003 0.6609458 13.29353 0.5348558 2
1 9.910342 6.623919 0.3067752 13.34404 0.2733924 2
1 9.910422 6.623919 0.3067752 13.34408 0.2733924 2
1 9.910441 6.624067 0.3067752 13.34414 0.2733924 2
1 10.02764 6.81204 0.3973284 13.41602 0.4342551 2
1 10.02768 6.812098 0.3973284 13.41607 0.4342551 2
1 10.11182 6.984267 0.6149426 13.46472 0.42969 2
1 10.11186 6.984267 0.6149426 13.46476 0.42969 2
1 10.16574 7.114995 0.5510207 13.47394 0.3997802 2
1 10.1657 7.114967 0.5510207 13.47392 0.3997802 2
1 10.17405 7.103681 0.6067981 13.5078 0.4439018 2
1 10.17404 7.103654 0.6067981 13.50777 0.4439018 2
1 10.19279 7.103654 0.6067981 13.53898 0.6257252 2
1 10.19337 7.110389 0.5991118 13.53902 0.6257252 2
1 10.19327 7.110389 0.5991118 13.53896 0.6257252 2
1 10.15854 7.039268 0.5639457 13.54274 0.3966406 2
1 10.15834 7.039184 0.5639457 13.54258 0.3966406 2
1 10.0843 6.920192 0.5506406 13.53025 0.5182301 2
1 10.0843 6.920249 0.5506406 13.53028 0.5182301 2
1 10.08446 6.920306 0.5506406 13.53041 0.5182301 2
1 9.952538 6.761757 0.504967 13.43235 0.5414441 2
1 9.952538 6.761786 0.504967 13.43243 0.5414441 2
1 9.765615 6.443268 0.4493611 13.34966 0.6207889 2
1 9.765615 6.443299 0.4493611 13.34967 0.6207889 2
1 9.753284 6.443268 0.4493611 13.33062 0.677148 2
