3 28.49487 0
3 28.49503 0
3 28.49726 0
3 28.49723 0
3 28.49723 0
3 28.49734 0
3 28.44029 0
3 28.44023 0
3 28.44036 0
3 28.44044 0
3 22.103 0
3 22.10303 0
3 22.10296 0
3 22.10298 0
3 22.05726 0
3 22.05711 0
3 22.05717 0
3 22.05716 0
3 22.18256 0
3 22.18244 0
3 22.18255 0
3 22.18264 0
3 28.30743 0
3 28.30755 0
3 28.30742 0
3 28.30759 0
3 28.30746 0
3 20.82347 0
3 20.82357 0
3 20.82344 0
3 20.8236 0
3 13.16483 0
3 13.16492 0
3 13.16492 0
3 13.1648 0
3 13.3268 0
3 13.32667 0
3 13.3267 0
3 13.32679 0
3 5.531091 0
3 5.531374 0
3 5.531268 0
3 5.531374 0
3 5.476148 0
3 5.476041 0
3 5.476112 0
3 5.476076 0
3 5.371515 0
3 5.371515 0
3 5.371661 0
3 5.371661 0
3 5.371588 0
3 28.35231 0
3 28.35222 0
3 28.3522 0
3 28.35217 0
3 18.87326 0
3 18.87326 0
3 18.87329 0
3 18.87332 0
3 2.833656 0
3 2.833794 0
3 2.833794 0
3 2.833794 0
3 2.833932 0
3 28.35216 0
3 28.35215 0
3 28.35225 0
3 28.35213 0
3 18.43651 0
3 18.43642 0
3 18.43651 0
3 18.43646 0
3 28.35216 0
3 28.35215 0
3 28.35208 0
3 28.3521 0
3 17.76046 0
3 1.107475 0
3 1.107652 0
3 1.107475 0
3 1.107652 0
3 1.518524 0
3 1.518267 0
3 1.518267 0
3 1.518395 0
3 1.723514 0
3 1.723401 0
3 1.723401 0
3 1.723401 0
3 1.727371 0
3 1.727031 0
3 1.727257 0
3 1.727144 0
3 1.77564 0
3 1.77586 0
3 1.775309 0
3 1.775529 0
3 1.37487 0
3 1.374728 0
3 1.37487 0
3 1.374585 0
3 1.219649 0
3 1.219489 0
3 1.219649 0
3 1.219649 0
3 1.083178 0
3 1.044552 0
3 1.044552 0
3 1.044739 0
3 1.044739 0
3 1.053877 0
3 1.053692 0
3 1.053692 0
3 1.053877 0
3 1.026792 0
3 1.026982 0
3 1.026982 0
3 1.026982 0
3 1.140381 0
3 1.140724 0
3 1.140724 0
3 1.140553 0
3 1.071919 0
3 1.071737 0
3 1.071919 0
3 1.071737 0
3 1.15809 0
3 1.157583 0
3 1.15792 0
3 1.15809 0
3 1.273185 0
3 1.273646 0
3 1.273339 0
3 1.273646 0
3 1.232894 0
3 1.233053 0
3 1.232894 0
3 1.232735 0
3 1.215631 0
3 1.215792 0
3 1.215792 0
3 1.21547 0
3 1.31522 0
3 1.315369 0
3 1.315071 0
3 1.315071 0
3 1.23733 0
3 1.237172 0
3 1.237488 0
3 1.237172 0
3 1.245055 0
3 1.244741 0
3 1.245055 0
3 1.245055 0
3 1.240489 0
3 1.240331 0
3 1.240331 0
3 1.240331 0
3 1.238911 0
3 1.238911 0
3 1.238753 0
3 1.238911 0
3 1.230193 0
3 1.229874 0
3 1.230193 0
3 1.229874 0
3 1.225411 0
3 1.225571 0
3 1.225252 0
3 1.225571 0
3 1.147906 0
3 1.147565 0
3 1.147906 0
3 1.147736 0
3 1.178856 0
3 1.178524 0
3 1.17869 0
3 1.178524 0
3 1.122219 0
3 1.040611 0
3 1.040799 0
3 1.040987 0
3 1.040611 0
3 1.146201 0
3 1.145688 0
3 1.146201 0
3 1.14603 0
3 1.127438 0
3 1.127612 0
3 1.127438 0
3 1.127612 0
3 1.113291 0
3 1.113291 0
3 1.113291 0
3 1.113466 0
3 1.135222 0
3 1.135222 0
3 1.135222 0
3 1.135049 0
3 1.189925 0
3 1.19009 0
3 1.190254 0
3 1.190254 0
3 1.197303 0
3 1.197303 0
3 1.197303 0
3 1.19714 0
3 1.197303 0
3 1.197303 0
3 1.197466 0
3 1.197303 0
3 1.177029 0
3 1.177361 0
3 1.177361 0
3 1.177361 0
3 1.111884 0
3 1.112059 0
3 1.111884 0
3 1.111708 0
3 1.167346 0
3 1.167346 0
3 1.167346 0
3 1.167346 0
3 1.111884 0
3 1.111884 0
3 1.112411 0
3 1.111884 0
3 1.139179 0
3 1.139695 0
3 1.139179 0
3 1.139523 0
3 1.08137 0
3 1.081551 0
3 1.081551 0
3 1.081189 0
3 1.054434 0
3 1.054805 0
3 1.054434 0
3 1.054434 0
3 0.9240804 0
3 0.9245038 0
3 0.9242921 0
3 0.9238687 0
3 0.8325126 0
3 0.8318071 0
3 0.8327476 0
3 0.8322775 0
3 0.9061184 0
3 0.9059024 0
3 0.9056864 0
3 0.9054703 0
3 0.9242921 0
3 0.9238687 0
3 0.9236568 0
3 0.9234449 0
3 1.084262 0
3 1.084442 0
3 1.084262 0
3 1.084262 0
3 17.70066 0
3 17.70068 0
3 17.70079 0
3 17.70065 0
3 28.35215 0
3 28.35222 0
3 28.35213 0
3 28.35218 0
3 28.35216 0
3 28.35204 0
3 28.35224 0
3 28.35218 0
3 28.35217 0
3 1.074108 0
3 1.074108 0
3 1.074472 0
3 1.073925 0
3 0.6723125 0
3 0.6720214 0
3 0.6723125 0
3 0.6720214 0
3 0.5315546 0
3 0.530449 0
3 0.530449 0
3 0.5311863 0
3 0.6262009 0
3 0.6252628 0
3 0.6252628 0
3 0.6258884 0
3 0.5801346 0
3 0.5797972 0
3 0.5801346 0
3 0.5801346 0
3 0.4969283 0
3 0.4973219 0
3 0.4981082 0
3 0.4981082 0
3 0.4102162 0
3 0.4092611 0
3 0.409739 0
3 0.409739 0
3 0.2668786 0
3 0.2668786 0
3 0.2661444 0
3 0.2661444 0
3 0.3171355 0
3 0.3165179 0
3 0.3171355 0
3 0.3177519 0
3 0.3830841 0
3 0.3835945 0
3 0.3830841 0
3 0.3835945 0
3 0.4121198 0
3 0.4111691 0
3 0.4116447 0
3 0.4111691 0
3 0.4739525 0
3 0.4735395 0
3 0.4735395 0
3 0.4747775 0
3 0.501241 0
3 0.5000685 0
3 0.5004597 0
3 0.5008504 0
3 0.4242849 0
3 0.4242849 0
3 0.4238235 0
3 0.4242849 0
3 0.4489339 0
3 0.4484978 0
3 0.4489339 0
3 0.4480613 0
3 0.3981127 0
3 0.3976209 0
3 0.3976209 0
3 0.3976209 0
3 0.3800071 0
3 0.3794918 0
3 0.3789758 0
3 0.3815487 0
3 0.4215088 0
3 0.4219727 0
3 0.4219727 0
3 0.4224361 0
3 0.3784592 0
3 0.3800071 0
3 0.3789758 0
3 0.3800071 0
3 0.3499859 0
3 0.3499859 0
3 0.3499859 0
3 0.3505445 0
3 0.2755364 0
3 0.2741124 0
3 0.2748253 0
3 0.2748253 0
3 0.3763854 0
3 0.3763854 0
3 0.3763854 0
3 0.3769049 0
3 0.4083038 0
3 0.4083038 0
3 0.4087828 0
3 0.4073442 0
3 0.2712421 0
3 0.2719625 0
3 0.2712421 0
3 0.2705197 0
3 0.2398483 0
3 0.2406627 0
3 0.2406627 0
3 0.2398483 0
3 0.2406627 0
3 0.2238118 0
3 0.2238118 0
3 0.2238118 0
3 0.1823843 0
3 0.1823843 0
3 0.1823843 0
3 0.1845175 0
3 0.1724585 0
3 0.1724585 0
3 0.1713202 0
3 0.1713202 0
3 0.165511 0
3 0.1678588 0
3 0.166689 0
3 0.1643245 0
3 0.1607126 0
3 0.1631294 0
3 0.1619255 0
3 0.1619255 0
3 0.2960753 0
3 0.2967354 0
3 0.2973941 0
3 0.2973941 0
3 0.3202056 0
3 0.1532334 0
3 0.1519511 0
3 0.1506579 0
3 0.1506579 0
3 0.1519511 0
3 17.30918 0
3 17.30915 0
3 17.30916 0
3 17.30921 0
3 28.35219 0
3 24.54669 0
3 24.54668 0
3 24.54672 0
3 24.54692 0
3 23.76586 0
3 23.76591 0
3 23.76574 0
3 23.76578 0
3 23.76588 0
3 23.66362 0
3 23.66347 0
3 23.66355 0
3 23.66352 0
3 23.63334 0
3 7.598792 1
3 7.59874 1
3 7.598921 1
3 7.471285 1
3 7.471337 1
3 7.471232 1
3 7.471285 1
3 7.39526 1
3 7.395181 1
3 7.395339 1
3 7.395313 1
3 7.282679 1
3 7.282733 1
3 7.282518 1
3 7.282545 1
3 7.265255 1
3 7.265309 1
3 7.265418 1
3 7.265202 1
3 7.315768 1
3 7.315795 1
3 7.315795 1
3 7.315742 1
3 7.123812 1
3 7.123922 1
3 7.123812 1
3 7.123868 1
3 7.123895 1
3 2.236597 1
3 2.236422 1
3 2.236597 1
3 2.236509 1
3 2.252467 1
3 2.25264 1
3 2.252293 1
3 2.252554 1
3 2.091906 1
3 2.092093 1
3 2.091719 1
3 2.091812 1
3 1.921219 1
3 1.921117 1
3 1.921321 1
3 1.921117 1
3 1.799941 1
3 1.80005 1
3 1.799724 1
3 1.799615 1
3 1.828741 1
3 1.828848 1
3 1.829062 1
3 1.828848 1
3 1.891654 1
3 1.891654 1
3 1.891758 1
3 1.891654 1
3 1.993803 1
3 1.993607 1
3 1.993607 1
3 1.993705 1
3 2.064785 1
3 2.064785 1
3 2.064785 1
3 2.064785 1
3 1.720105 1
3 1.720105 1
3 1.720219 1
3 1.720219 1
3 1.671287 1
3 1.67117 1
3 1.671052 1
3 1.671287 1
3 1.604253 1
3 1.604375 1
3 1.604375 1
3 1.604131 1
3 1.514653 1
3 1.514136 1
3 1.514395 1
3 1.514783 1
3 1.511549 1
3 1.511549 1
3 1.51142 1
3 1.51142 1
3 1.574455 1
3 1.618704 1
3 1.618583 1
3 1.618704 1
3 1.618583 1
3 1.655285 1
3 1.655049 1
3 1.655403 1
3 1.655167 1
3 1.763252 1
3 1.763141 1
3 1.763252 1
3 1.763252 1
3 1.725217 1
3 1.724763 1
3 1.72499 1
3 1.724877 1
3 1.624738 1
3 1.624858 1
3 1.624978 1
3 1.624858 1
3 1.620879 1
3 1.62112 1
3 1.62112 1
3 1.620999 1
3 1.583503 1
3 1.583627 1
3 1.583627 1
3 1.583627 1
3 1.487932 1
3 1.487932 1
3 1.487669 1
3 1.488063 1
3 1.423678 1
3 1.423541 1
3 1.423266 1
3 1.423678 1
3 1.387903 1
3 1.388044 1
3 1.387903 1
3 1.388185 1
3 1.355663 1
3 1.355663 1
3 1.35523 1
3 1.355086 1
3 1.303563 1
3 1.303713 1
3 1.303713 1
3 1.303563 1
3 1.426699 1
3 1.426287 1
3 1.426425 1
3 1.426836 1
3 1.58239 1
3 1.582514 1
3 1.582638 1
3 1.582514 1
3 1.717714 1
3 1.717828 1
3 1.717828 1
3 1.717942 1
3 1.755466 1
3 1.755131 1
3 1.755131 1
3 1.755131 1
3 1.485167 1
3 1.485299 1
3 1.485167 1
3 1.485167 1
3 1.54497 1
3 1.54497 1
3 1.54497 1
3 1.544717 1
3 2.024197 1
3 2.024004 1
3 2.024197 1
3 2.024391 1
3 2.063458 1
3 2.063363 1
3 2.063363 1
3 2.063363 1
3 1.921321 1
3 1.921321 1
3 1.921219 1
3 1.921423 1
3 1.685395 1
3 1.685163 1
3 1.685395 1
3 1.685395 1
3 1.723742 1
3 1.723287 1
3 1.723174 1
3 1.723628 1
3 1.656821 1
3 1.656821 1
3 1.656703 1
3 1.656703 1
3 1.668709 1
3 1.668474 1
3 1.668357 1
3 1.668357 1
3 1.634105 1
3 1.633986 1
3 1.633866 1
3 1.634105 1
3 1.561851 1
3 1.561851 1
3 1.562102 1
3 1.562102 1
3 1.50298 1
3 1.50298 1
3 1.503241 1
3 1.503371 1
3 1.468604 1
3 1.468471 1
3 18.77059 2
3 18.77064 2
3 18.76521 2
3 18.76526 2
3 18.7653 2
3 18.7652 2
3 18.66513 2
3 18.6654 2
3 18.66524 2
3 18.66536 2
3 18.61267 2
3 18.61282 2
3 18.61276 2
3 18.61267 2
3 18.61275 2
3 18.60466 2
3 18.60482 2
3 18.60467 2
3 18.60486 2
3 18.48101 2
3 18.48096 2
3 18.48097 2
3 18.48112 2
3 18.34853 2
3 18.34855 2
3 18.34825 2
3 18.34865 2
3 7.82195 2
3 7.822 2
3 7.822026 2
3 7.82195 2
3 9.540317 2
3 9.5404 2
3 9.540421 2
3 9.540524 2
3 9.540441 2
3 1.392689 2
3 1.392689 2
3 1.392829 2
3 1.39297 2
3 1.717486 2
3 1.717486 2
3 1.7176 2
3 1.717258 2
3 1.642705 2
3 1.625219 2
3 1.62558 2
3 1.625099 2
3 1.62534 2
3 1.528031 2
3 1.528031 2
3 1.527903 2
3 1.528031 2
3 1.498939 2
3 1.498808 2
3 1.498808 2
3 1.498677 2
3 1.339545 2
3 1.339691 2
3 1.339691 2
3 1.339691 2
3 1.402769 2
3 1.40235 2
3 1.402629 2
3 1.402769 2
3 1.532379 2
3 1.532379 2
3 1.532379 2
3 1.532507 2
3 1.555322 2
3 1.555196 2
3 1.555196 2
3 1.555448 2
3 1.628107 2
3 1.628347 2
3 1.628467 2
3 1.628107 2
3 1.675497 2
3 1.674913 2
3 1.675146 2
3 1.675263 2
3 1.591024 2
3 1.591024 2
3 1.591024 2
3 1.590901 2
3 1.548892 2
3 1.548639 2
3 1.548892 2
3 1.548892 2
3 1.620879 2
3 1.620879 2
3 1.620999 2
3 1.62112 2
3 1.670935 2
3 1.670935 2
3 1.670818 2
3 1.670935 2
3 1.614831 2
3 1.614831 2
3 1.615194 2
3 1.614952 2
3 1.58239 2
3 1.582638 2
3 1.582514 2
3 1.582638 2
3 1.616647 2
3 1.616647 2
3 1.616526 2
3 1.616768 2
3 1.657294 2
3 1.657294 2
3 1.65694 2
3 1.657058 2
3 1.676081 2
3 1.676197 2
3 1.676548 2
3 1.676197 2
3 1.567105 2
3 1.56698 2
3 1.567355 2
3 1.56698 2
3 1.56698 2
3 1.537861 2
3 1.537606 2
3 1.537606 2
3 1.537734 2
3 1.366303 2
3 1.366017 2
3 1.366303 2
3 1.366303 2
3 1.305813 2
3 1.305663 2
3 1.305663 2
3 1.305962 2
3 1.425464 2
3 1.425189 2
3 1.425189 2
3 1.425052 2
3 1.638769 2
3 1.63865 2
3 1.638769 2
3 1.639247 2
3 1.453334 2
3 1.4532 2
3 1.453604 2
3 1.4532 2
3 1.480945 2
3 1.481077 2
3 1.480945 2
3 1.481209 2
3 1.522514 2
3 1.522514 2
3 1.522257 2
3 1.522257 2
3 1.828741 2
3 1.828527 2
3 1.828527 2
3 1.828527 2
3 1.71646 2
3 1.716802 2
3 1.71646 2
3 1.716802 2
3 1.459113 2
3 1.459381 2
3 1.459113 2
3 1.459247 2
3 1.394374 2
3 1.394654 2
3 1.394654 2
3 1.394654 2
3 1.318341 2
3 1.318341 2
3 1.318489 2
3 1.318044 2
3 1.393251 2
3 1.393391 2
3 1.393251 2
3 1.393391 2
3 1.428207 2
3 1.428344 2
3 1.427933 2
3 1.428207 2
3 1.381968 2
3 1.381968 2
3 1.38211 2
3 1.381968 2
3 1.303413 2
3 1.303263 2
3 1.302962 2
3 1.303413 2
3 1.383242 2
3 1.383101 2
3 18.96304 3
3 18.96309 3
3 18.91341 3
3 18.9136 3
3 18.91342 3
3 18.91355 3
3 18.91336 3
3 19.21953 3
3 19.21938 3
3 19.21938 3
3 19.21948 3
3 19.21278 3
3 19.21285 3
3 19.21289 3
3 19.21287 3
3 18.76758 3
3 18.76755 3
3 18.76759 3
3 18.76743 3
3 5.721835 3
3 5.721766 3
3 5.721938 3
3 5.721903 3
3 10.29434 3
3 10.2944 3
3 10.29438 3
3 10.29438 3
3 10.10912 3
3 10.10908 3
3 10.10924 3
3 10.10939 3
3 3.249019 3
3 10.02364 3
3 10.02368 3
3 10.02372 3
3 10.02374 3
3 2.899621 3
3 2.899418 3
3 2.899621 3
3 2.899553 3
3 10.00543 3
3 10.00559 3
3 10.00534 3
3 10.00539 3
3 10.00539 3
3 10.00524 3
3 8.628805 3
3 8.628692 3
3 8.628805 3
3 8.628987 3
3 8.744758 3
3 8.74496 3
3 8.744781 3
3 8.744781 3
3 8.744802 3
3 8.744825 3
3 8.841846 3
3 8.841713 3
3 8.841691 3
3 8.841825 3
3 0.8110828 3
3 0.8108415 3
3 0.8106001 3
3 0.8108415 3
3 0.8011303 3
3 0.6065179 3
3 0.6065179 3
3 0.6071628 3
3 0.6068404 3
3 0.5794597 3
3 0.5791218 3
3 0.5794597 3
3 0.5791218 3
3 0.6170725 3
3 0.6167554 3
3 0.616438 3
3 0.616438 3
3 0.5124369 3
3 0.5120549 3
3 0.5124369 3
3 0.5124369 3
3 0.5908293 3
3 0.5908293 3
3 0.5901666 3
3 0.5901666 3
3 0.6498165 3
3 0.6501176 3
3 0.6495153 3
3 0.6546168 3
3 0.6531205 3
3 0.652521 3
3 0.65342 3
3 0.6531205 3
3 0.6531205 3
3 0.8355626 3
3 0.8355626 3
3 0.8360308 3
3 0.8355626 3
3 0.7564052 3
3 0.7566639 3
3 0.7569224 3
3 0.7566639 3
3 0.8127698 3
3 0.8127698 3
3 0.8127698 3
3 0.8130105 3
3 0.7165515 3
3 0.7165515 3
3 0.7165515 3
3 0.7168246 3
3 0.7409853 3
3 0.7415132 3
3 0.7415132 3
3 0.7412493 3
3 0.7880787 3
3 0.7885751 3
3 0.7878303 3
3 0.7885751 3
3 0.7855918 3
3 0.7858408 3
3 0.7855918 3
3 0.7858408 3
3 0.829923 3
3 0.8296872 3
3 0.8292154 3
3 0.8296872 3
3 0.8513383 3
3 0.8515682 3
3 0.8513383 3
3 0.8513383 3
3 0.9099972 3
3 0.9106421 3
3 0.9102123 3
3 0.9452258 3
3 0.9033066 3
3 0.9037398 3
3 0.9037398 3
3 0.9035233 3
3 1.043427 3
3 1.04399 3
3 1.043427 3
3 1.043802 3
3 0.9821809 3
3 0.9825793 3
3 0.9825793 3
3 0.9821809 3
3 0.9819816 3
3 0.7019292 3
3 0.7019292 3
3 0.7016503 3
3 0.7019292 3
3 0.7019292 3
3 0.7019292 3
3 0.7022079 3
3 0.7019292 3
3 0.5685511 3
3 0.5682068 3
3 0.5682068 3
3 0.5685511 3
3 0.5954478 3
3 0.5951191 3
3 0.5954478 3
3 0.5954478 3
3 0.8057577 3
3 0.8060005 3
3 0.8057577 3
3 0.8057577 3
3 0.9316724 3
3 0.9318824 3
3 0.9312522 3
3 0.9318824 3
3 0.8989637 3
3 0.8987461 3
3 0.8987461 3
3 0.8991814 3
3 0.707759 3
3 0.7074825 3
3 0.7074825 3
3 0.7074825 3
3 8.751628 3
3 8.751584 3
3 8.751674 3
3 8.751538 3
3 0.6549156 3
3 0.6549156 3
3 0.6549156 3
3 0.6546168 3
3 8.757194 3
3 8.757306 3
3 8.757238 3
3 8.75735 3
3 27.95223 4
3 27.95193 4
3 27.95206 4
3 27.95213 4
3 27.92989 4
3 27.9299 4
3 27.93002 4
3 27.93006 4
3 27.82366 4
3 27.82381 4
3 27.82378 4
3 27.82372 4
3 27.6518 4
3 27.6519 4
3 27.65209 4
3 27.65208 4
3 27.57379 4
3 27.57384 4
3 27.5736 4
3 27.57385 4
3 11.62354 4
3 11.62348 4
3 11.62351 4
3 11.62364 4
3 4.89629 4
3 4.89625 4
3 4.89625 4
3 4.89613 4
3 2.107936 4
3 2.108215 4
3 2.108029 4
3 2.108029 4
3 2.148127 4
3 2.024101 4
3 2.024487 4
3 2.024391 4
3 2.024197 4
3 1.904337 4
3 1.904234 4
3 1.904234 4
3 1.904234 4
3 1.889273 4
3 1.88948 4
3 1.889273 4
3 1.889273 4
3 1.574828 4
3 1.574828 4
3 1.574828 4
3 1.574828 4
3 1.54649 4
3 1.54649 4
3 1.54649 4
3 1.546363 4
3 1.286336 4
3 1.286336 4
3 1.286336 4
3 1.286336 4
3 1.150971 4
3 1.151141 4
3 1.151141 4
3 1.151141 4
3 1.091098 4
3 1.090739 4
3 1.090919 4
3 1.09056 4
3 1.00833 4
3 1.00833 4
3 1.008136 4
3 1.008136 4
3 0.970355 4
3 0.9701535 4
3 0.9701535 4
3 0.9701535 4
3 0.9675278 4
3 0.96773 4
3 0.96773 4
3 0.96773 4
3 1.067896 4
3 1.068079 4
3 1.068079 4
3 1.067896 4
3 0.9242921 4
3 0.9247154 4
3 0.9245038 4
3 0.9247154 4
3 0.9245038 4
3 0.7016503 4
3 0.7016503 4
3 0.7016503 4
3 0.7019292 4
3 0.3727285 4
3 0.3722032 4
3 0.3716771 4
3 0.3716771 4
3 0.3555328 4
3 0.354982 4
3 0.3555328 4
3 0.3555328 4
3 0.4284154 4
3 0.427501 4
3 0.4270431 4
3 0.427501 4
3 0.4445539 4
3 0.4454334 4
3 0.4445539 4
3 0.4445539 4
3 0.5062904 4
3 0.5062904 4
3 0.5059038 4
3 0.5059038 4
3 0.5066768 4
3 0.4796977 4
3 0.4801054 4
3 0.4801054 4
3 0.4801054 4
3 0.3339648 4
3 0.3345502 4
3 0.3345502 4
3 0.3351346 4
3 0.2398483 4
3 0.2373883 4
3 0.2382111 4
3 0.2373883 4
3 0.4511079 4
3 0.450674 4
3 0.450674 4
3 0.4511079 4
3 0.5685511 4
3 0.5688952 4
3 0.5685511 4
3 0.5688952 4
3 0.5891711 4
3 0.5891711 4
3 0.5888388 4
3 0.589503 4
3 0.3140353 4
3 0.3134116 4
3 0.3140353 4
3 0.3146578 4
3 0.3146578 4
3 0.1813082 4
3 0.1813082 4
3 0.183454 4
3 0.1823843 4
3 0.1887116 4
3 0.268341 4
3 0.2676108 4
3 0.2668786 4
3 0.2654082 4
3 0.5938025 4
3 0.5938025 4
3 0.5934729 4
3 0.5941319 4
3 0.8343908 4
3 0.8341562 4
3 0.8343908 4
3 0.8341562 4
3 1.677714 4
3 1.677481 4
3 1.677714 4
3 1.677714 4
3 1.848856 4
3 1.848856 4
3 1.84875 4
3 1.849068 4
3 1.709148 4
3 1.708919 4
3 1.708804 4
3 1.709148 4
3 1.293617 4
3 1.293466 4
3 1.293466 4
3 1.293315 4
3 1.072467 4
3 1.072284 4
3 1.072102 4
3 1.072284 4
3 0.9373261 4
3 0.9375348 4
3 0.9375348 4
5 13.80022 0
5 13.80018 0
5 13.80015 0
5 13.80024 0
5 13.64056 0
5 13.64049 0
5 13.64057 0
5 13.64056 0
5 13.59391 0
5 13.59389 0
5 13.59386 0
5 13.59397 0
5 13.57445 0
5 13.57445 0
5 13.5745 0
5 13.57457 0
5 13.57448 0
5 13.50884 0
5 13.50888 0
5 13.50885 0
5 13.50882 0
5 21.2366 0
5 21.23653 0
5 21.23652 0
5 21.23653 0
5 21.23656 0
5 12.24683 0
5 12.24672 0
5 12.24677 0
5 12.24679 0
5 1.956948 0
5 1.956948 0
5 1.956948 0
5 1.957148 0
5 1.703068 0
5 1.703068 0
5 1.703068 0
5 1.703183 0
5 1.792205 0
5 1.792205 0
5 1.792205 0
5 1.792205 0
5 1.766025 0
5 1.759252 0
5 1.75903 0
5 1.759252 0
5 1.759252 0
5 1.835577 0
5 1.835684 0
5 1.83547 0
5 1.835684 0
5 1.840688 0
5 1.840688 0
5 1.840794 0
5 1.840581 0
5 1.79286 0
5 1.792532 0
5 1.79275 0
5 1.79275 0
5 17.8365 0
5 17.83649 0
5 17.8365 0
5 17.83659 0
5 17.46655 0
5 17.46657 0
5 17.46647 0
5 17.46653 0
5 0.4228991 0
5 0.4224361 0
5 0.4228991 0
5 0.4219727 0
5 0.3921704 0
5 0.3921704 0
5 0.3901695 0
5 0.3916712 0
5 0.289391 0
5 0.2880355 0
5 0.2880355 0
5 0.2880355 0
5 0.2055842 0
5 0.2055842 0
5 0.2046302 0
5 0.2036718 0
5 0.4519747 0
5 0.4511079 0
5 0.4502396 0
5 0.4511079 0
5 28.35215 0
5 28.35224 0
5 28.35223 0
5 28.35216 0
5 28.35208 0
5 28.35222 0
5 28.35216 0
5 28.35219 0
5 28.35219 0
5 16.66727 0
5 16.66738 0
5 16.6673 0
5 16.66729 0
5 16.68336 0
5 16.68336 0
5 16.68334 0
5 16.68335 0
5 16.68336 0
5 0.7364823 0
5 0.7372789 0
5 0.7364823 0
5 0.7364823 0
5 0.8460353 0
5 0.8464977 0
5 0.8464977 0
5 0.8462666 0
5 0.9731742 0
5 0.9731742 0
5 0.9729732 0
5 0.9731742 0
5 1.15606 0
5 1.155722 0
5 1.155722 0
5 1.15606 0
5 1.073196 0
5 1.073561 0
5 1.073561 0
5 1.073379 0
5 1.063489 0
5 1.063305 0
5 1.063489 0
5 1.063489 0
5 0.9675278 0
5 0.9675278 0
5 0.96773 0
5 0.9675278 0
5 0.9037398 0
5 0.9033066 0
5 0.9028733 0
5 0.9035233 0
5 0.9245038 0
5 0.9251386 0
5 0.9245038 0
5 0.9253501 0
5 1.039482 0
5 1.039482 0
5 1.039293 0
5 1.039482 0
5 1.171362 0
5 1.171362 0
5 1.171362 0
5 1.171529 0
5 1.166843 0
5 1.166843 0
5 1.166507 0
5 1.166843 0
5 1.207556 0
5 1.207394 0
5 1.207394 0
5 1.207232 0
5 1.134359 0
5 1.134532 0
5 1.134704 0
5 1.134359 0
5 1.134359 0
5 1.134359 0
5 1.134187 0
5 1.134187 0
5 1.151821 0
5 1.151651 0
5 1.151821 0
5 1.151991 0
5 1.117676 0
5 1.117501 0
5 1.117501 0
5 1.117501 0
5 1.181012 0
5 1.181509 0
5 1.181343 0
5 1.181012 0
5 1.154027 0
5 1.118201 0
5 1.118026 0
5 1.118201 0
5 1.117851 0
5 1.011817 0
5 1.011237 0
5 1.011431 0
5 1.011237 0
5 1.071189 0
5 1.071006 0
5 1.071189 0
5 1.071006 0
5 1.058324 0
5 1.057954 0
5 1.058139 0
5 1.058139 0
5 1.121347 0
5 1.120998 0
5 1.120823 0
5 1.121347 0
5 1.14603 0
5 1.140896 0
5 1.140896 0
5 1.140896 0
5 1.141067 0
5 1.12657 0
5 1.12657 0
5 1.126744 0
5 1.126744 0
5 1.166004 0
5 1.166172 0
5 1.166507 0
5 1.166172 0
5 1.065878 0
5 1.066061 0
5 1.066245 0
5 1.066245 0
5 1.097357 0
5 1.097001 0
5 1.097179 0
5 1.097357 0
5 1.220932 0
5 1.220932 0
5 1.220932 0
5 1.220771 0
5 1.213537 0
5 1.213698 0
5 1.213698 0
5 1.21402 0
5 1.270878 0
5 1.270878 0
5 1.27057 0
5 1.270724 0
5 1.270724 0
5 1.133324 0
5 1.133497 0
5 1.133497 0
5 1.133324 0
5 1.17869 0
5 1.17869 0
5 1.178856 0
5 1.178856 0
5 1.181012 0
5 1.18068 0
5 1.181177 0
5 1.181012 0
5 1.09056 0
5 1.090381 0
5 1.090919 0
5 1.090381 0
5 1.060171 0
5 1.059987 0
5 1.059987 0
5 1.059987 0
5 1.048852 0
5 0.9813836 0
5 0.9813836 0
5 0.9811842 0
5 0.9811842 0
5 0.9074132 0
5 0.9076288 0
5 0.9078444 0
5 0.9074132 0
5 0.9446045 0
5 0.9448116 0
5 0.9448116 0
5 0.9448116 0
5 0.9448116 0
5 0.8481144 0
5 0.8481144 0
5 0.8478836 0
5 0.848345 0
5 0.7860898 0
5 0.7860898 0
5 0.7860898 0
5 0.7863387 0
5 0.7860898 0
5 0.9211111 0
5 0.9217481 0
5 0.9217481 0
5 0.9217481 0
5 0.8376676 0
5 0.8379012 0
5 0.8379012 0
5 0.8381346 0
5 16.7291 0
5 16.72916 0
5 16.7292 0
5 16.72911 0
5 16.72917 0
5 19.20463 0
5 19.20466 0
5 19.2046 0
5 19.20463 0
5 19.20459 0
5 19.20461 0
5 19.20454 0
5 19.20459 0
5 19.20458 0
5 23.04735 0
5 22.28873 0
5 5.041272 1
5 5.041311 1
5 5.041234 1
5 13.08858 1
5 13.08858 1
5 13.08862 1
5 13.08858 1
5 5.792106 1
5 5.792071 1
5 5.792106 1
5 5.792106 1
5 5.813015 1
5 5.812981 1
5 5.813015 1
5 5.812981 1
5 5.745524 1
5 5.74549 1
5 5.74549 1
5 5.745524 1
5 5.629741 1
5 5.629706 1
5 5.629776 1
5 5.629706 1
5 5.629776 1
5 2.886223 1
5 2.886223 1
5 2.886155 1
5 2.886291 1
5 1.917855 1
5 1.917855 1
5 1.917855 1
5 1.917957 1
5 2.020617 1
5 2.02052 1
5 2.02052 1
5 2.020423 1
5 2.06687 1
5 2.06687 1
5 2.06668 1
5 2.06668 1
5 2.12624 1
5 2.126425 1
5 2.126517 1
5 2.126333 1
5 2.041047 1
5 2.041047 1
5 2.041239 1
5 2.040951 1
5 2.041143 1
5 2.011395 1
5 2.0112 1
5 2.011492 1
5 2.011297 1
5 14.76737 1
5 14.7673 1
5 14.76736 1
5 14.76737 1
5 25.08387 1
5 25.08382 1
5 25.08394 1
5 25.08386 1
5 25.08382 1
5 8.126225 1
5 8.126177 1
5 8.126153 1
5 8.126298 1
5 9.538442 1
5 9.538401 1
5 9.538401 1
5 9.53836 1
5 2.878548 1
5 2.878344 1
5 2.878412 1
5 2.87848 1
5 3.000092 1
5 2.999961 1
5 2.999896 1
5 2.999831 1
5 3.148959 1
5 3.149022 1
5 3.148959 1
5 3.148959 1
5 3.167618 1
5 3.167556 1
5 3.167618 1
5 3.167618 1
5 3.359579 1
5 3.359637 1
5 3.359695 1
5 3.359695 1
5 3.695599 1
5 3.695599 1
5 3.695704 1
5 3.695652 1
5 3.925457 1
5 3.925357 1
5 3.925407 1
5 3.925407 1
5 3.706286 1
5 3.70618 1
5 3.706286 1
5 3.70618 1
5 3.422339 1
5 3.422339 1
5 3.422396 1
5 3.422339 1
5 3.422396 1
5 3.228406 1
5 3.228466 1
5 3.228527 1
5 3.228527 1
5 3.097372 1
5 3.097309 1
5 3.097498 1
5 3.097435 1
5 3.097435 1
5 3.158271 1
5 3.158333 1
5 3.158271 1
5 3.158271 1
5 3.190464 1
5 3.190771 1
5 3.190587 1
5 3.190648 1
5 3.191936 1
5 3.191998 1
5 3.191875 1
5 3.191875 1
5 3.176073 1
5 3.17632 1
5 3.176196 1
5 3.176135 1
5 3.114767 1
5 3.114893 1
5 3.114956 1
5 3.114893 1
5 3.026792 1
5 3.026792 1
5 3.026727 1
5 3.026792 1
5 2.98852 1
5 2.988455 1
5 2.988324 1
5 2.98852 1
5 2.97032 1
5 2.97032 1
5 2.97032 1
5 2.97032 1
5 2.963326 1
5 2.963194 1
5 2.96326 1
5 2.96326 1
5 3.052296 1
5 3.052296 1
5 3.052232 1
5 3.052232 1
5 3.060367 1
5 3.077907 1
5 3.077907 1
5 3.077971 1
5 3.07778 1
5 3.30482 1
5 3.304761 1
5 3.304701 1
5 3.304701 1
5 3.404443 1
5 3.404386 1
5 3.404328 1
5 3.404558 1
5 3.404443 1
5 3.257203 1
5 3.257023 1
5 3.257143 1
5 3.257083 1
5 3.041373 1
5 3.041373 1
5 3.041438 1
5 3.041309 1
5 2.849088 1
5 2.849157 1
5 2.84902 1
5 2.84902 1
5 2.696604 1
5 2.696459 1
5 2.696677 1
5 2.696532 1
5 2.614791 1
5 2.614791 1
5 2.614716 1
5 2.614791 1
5 2.578153 1
5 2.578229 1
5 2.578229 1
5 2.578305 1
5 10.4715 1
5 10.47142 1
5 10.4715 1
5 10.47153 1
5 2.419618 1
5 2.419456 1
5 2.419618 1
5 2.419618 1
5 2.419537 1
5 2.3249 1
5 2.325068 1
5 2.325068 1
5 2.324985 1
5 2.045071 1
5 2.045166 1
5 2.045166 1
5 2.045166 1
5 2.102917 1
5 2.10301 1
5 2.102917 1
5 2.103103 1
5 2.154496 1
5 2.154496 1
5 2.154405 1
5 2.154405 1
5 2.110905 1
5 2.110905 1
5 2.110998 1
5 2.110905 1
5 2.029894 1
5 2.029894 1
5 2.02999 1
5 2.02999 1
5 2.148765 1
5 2.148765 1
5 2.148765 1
5 2.148674 1
5 2.298569 1
5 2.298569 1
5 2.298825 1
5 2.298569 1
5 2.419375 1
5 2.419294 1
5 2.419132 1
5 2.419375 1
5 2.53883 1
5 2.538753 1
5 2.53883 1
5 2.538753 1
5 2.396126 1
5 2.396126 1
5 2.396207 1
5 2.396207 1
5 2.190977 1
5 2.190888 1
5 2.191067 1
5 2.191156 1
5 2.055951 1
5 2.055761 1
5 2.055951 1
5 2.055856 1
5 2.019454 1
5 2.019454 1
5 2.019357 1
5 2.019551 1
5 2.169252 1
5 2.169252 1
5 2.169342 1
5 2.169162 1
5 2.315537 1
5 2.315368 1
5 2.315368 1
5 2.315452 1
5 1.414854 1
5 1.414854 1
5 1.414992 1
5 1.414992 1
5 10.93773 1
5 10.93776 1
5 10.93776 1
5 10.93776 1
5 0.5319225 1
5 0.5322903 1
5 0.5322903 1
5 0.5326577 1
5 1.360419 1
5 1.360275 1
5 1.360131 1
5 1.360419 1
5 8.584693 2
5 8.584693 2
5 8.584763 2
5 8.584763 2
5 8.584716 2
5 19.45434 2
5 19.45434 2
5 19.45433 2
5 19.45427 2
5 19.4874 2
5 19.48736 2
5 19.48735 2
5 19.48741 2
5 8.565248 2
5 8.56534 2
5 8.565225 2
5 8.565294 2
5 18.67954 2
5 18.6795 2
5 18.67959 2
5 18.6795 2
5 8.54654 2
5 9.540359 2
5 9.540421 2
5 9.540317 2
5 9.540421 2
5 1.969508 2
5 1.969508 2
5 1.969409 2
5 1.969608 2
5 1.956447 2
5 1.956548 2
5 1.956648 2
5 1.956447 2
5 1.846738 2
5 1.846738 2
5 1.846738 2
5 1.846632 2
5 1.827991 2
5 1.827991 2
5 1.828206 2
5 1.827991 2
5 1.829062 2
5 1.829169 2
5 1.829062 2
5 1.829276 2
5 1.738213 2
5 1.738438 2
5 1.738213 2
5 1.7381 2
5 1.748652 2
5 1.279013 2
5 1.279013 2
5 1.279166 2
5 1.279166 2
5 1.317747 2
5 1.317598 2
5 1.317598 2
5 1.31745 2
5 1.293012 2
5 1.293012 2
5 1.292861 2
5 1.293163 2
5 1.326184 2
5 1.326332 2
5 1.326332 2
5 1.326037 2
5 1.370736 2
5 1.370879 2
5 1.370879 2
5 1.371022 2
5 1.387198 2
5 1.387198 2
5 1.387198 2
5 1.387339 2
5 1.573088 2
5 1.573088 2
5 1.573336 2
5 1.573212 2
5 1.573088 2
5 1.573212 2
5 1.573212 2
5 1.573212 2
5 1.494231 2
5 1.494362 2
5 1.4941 2
5 1.494231 2
5 1.721015 2
5 1.721015 2
5 1.720901 2
5 1.720901 2
5 1.721015 2
5 1.988693 2
5 1.988693 2
5 1.988594 2
5 1.988594 2
5 1.760587 2
5 1.760475 2
5 1.760587 2
5 1.760587 2
5 1.551543 2
5 1.551291 2
5 1.551291 2
5 1.551417 2
5 1.551543 2
5 1.471001 2
5 1.471001 2
5 1.470602 2
5 1.470602 2
5 1.311047 2
5 1.311047 2
5 1.310898 2
5 1.310898 2
5 0.9695482 2
5 0.9697499 2
5 0.9697499 2
5 0.9695482 2
5 0.8943809 2
5 0.8941622 2
5 0.8941622 2
5 0.8941622 2
5 0.8294513 2
5 0.8294513 2
5 0.8294513 2
5 0.829923 2
5 0.7151849 2
5 0.7146374 2
5 0.7143636 2
5 0.7146374 2
5 0.7146374 2
5 0.6835691 2
5 0.6838553 2
5 0.6832828 2
5 0.6835691 2
5 0.6835691 2
5 0.6835691 2
5 0.5794597 2
5 0.5791218 2
5 0.5794597 2
5 0.5791218 2
5 0.7236168 2
5 0.7236168 2
5 0.7230757 2
5 0.7230757 2
5 0.7230757 2
5 0.8182884 2
5 0.8180492 2
5 0.8182884 2
5 0.8182884 2
5 0.9640834 2
5 0.9640834 2
5 0.9640834 2
5 0.9640834 2
5 0.7499101 2
5 0.7501709 2
5 0.7499101 2
5 0.7506924 2
5 0.8871316 2
5 0.8873522 2
5 0.8875727 2
5 0.8875727 2
5 1.036277 2
5 1.036277 2
5 1.036654 2
5 1.036277 2
5 1.176363 2
5 1.176696 2
5 1.176696 2
5 1.176696 2
5 1.190583 2
5 1.190254 2
5 1.190419 2
5 1.190583 2
5 9.540338 2
5 9.540441 2
5 9.54038 2
5 9.540421 2
5 9.54038 2
5 27.95352 2
5 27.95346 2
5 27.95351 2
5 27.95341 2
5 2.972231 2
5 2.972231 2
5 2.972165 2
5 2.972165 2
5 0.9352362 2
5 0.9350269 2
5 0.9348176 2
5 0.9346082 2
5 0.985562 2
5 1.843238 2
5 1.842919 2
5 1.843238 2
5 1.843131 2
5 2.022263 2
5 2.022166 2
5 2.022359 2
5 2.022456 2
5 2.119603 2
5 2.11951 2
5 2.119603 2
5 2.119418 2
5 2.165279 2
5 2.165369 2
5 2.165279 2
5 2.165098 2
5 2.054618 2
5 2.054809 2
5 2.054714 2
5 2.054714 2
5 1.604741 2
5 1.604984 2
5 1.604619 2
5 1.604741 2
5 1.575698 2
5 1.575574 2
5 1.575698 2
5 1.57545 2
5 1.395917 2
5 1.395917 2
5 1.395917 2
5 1.395917 2
5 1.434769 2
5 1.434769 2
5 1.434905 2
5 1.434905 2
5 1.580782 2
5 1.580782 2
5 1.580658 2
5 1.580658 2
5 1.776411 2
5 1.776191 2
5 1.776301 2
5 1.776191 2
5 1.840475 2
5 1.840369 2
5 1.840475 2
5 1.840262 2
5 1.935832 2
5 20.06137 3
5 20.06129 3
5 20.06122 3
5 20.04841 3
5 20.04843 3
5 20.04837 3
5 20.04844 3
5 20.04849 3
5 19.95566 3
5 19.9557 3
5 19.95563 3
5 19.95563 3
5 19.90827 3
5 19.90825 3
5 19.9083 3
5 19.90837 3
5 19.85576 3
5 19.85581 3
5 19.85572 3
5 19.85571 3
5 17.4747 3
5 17.47473 3
5 17.4747 3
5 17.47476 3
5 8.699943 3
5 8.699875 3
5 8.699943 3
5 8.699965 3
5 8.699965 3
5 8.770844 3
5 8.770821 3
5 8.770933 3
5 8.770955 3
5 8.817797 3
5 8.817775 3
5 8.817751 3
5 8.817729 3
5 8.829596 3
5 8.829684 3
5 8.829707 3
5 8.829662 3
5 8.837113 3
5 8.83718 3
5 8.83718 3
5 8.837157 3
5 8.711924 3
5 8.712013 3
5 8.711924 3
5 8.711878 3
5 8.711901 3
5 1.151651 3
5 1.151481 3
5 1.151481 3
5 1.151651 3
5 1.298298 3
5 1.298298 3
5 1.298147 3
5 1.298298 3
5 1.208366 3
5 1.208042 3
5 1.208366 3
5 1.208042 3
5 1.127612 3
5 1.127264 3
5 1.127612 3
5 1.127785 3
5 1.254918 3
5 1.255074 3
5 1.255074 3
5 1.255074 3
5 1.206421 3
5 1.206259 3
5 1.206096 3
5 1.205934 3
5 1.071189 3
5 1.071006 3
5 1.071006 3
5 1.071371 3
5 1.13125 3
5 1.130731 3
5 1.131077 3
5 1.130904 3
5 1.356673 3
5 1.357106 3
5 1.356818 3
5 1.356962 3
5 1.383808 3
5 1.472065 3
5 1.471932 3
5 1.471666 3
5 1.471932 3
5 1.282374 3
5 1.282527 3
5 1.282679 3
5 1.282679 3
5 1.159272 3
5 1.159609 3
5 1.159272 3
5 1.159103 3
5 1.134014 3
5 1.125875 3
5 1.125527 3
5 1.125353 3
5 1.125701 3
5 8.72427 3
5 8.724225 3
5 8.724293 3
5 8.72427 3
5 1.166675 3
5 1.166843 3
5 1.16634 3
5 1.166507 3
5 1.258655 3
5 1.258188 3
5 1.258344 3
5 1.258344 3
5 1.609003 3
5 1.609125 3
5 1.609125 3
5 1.608881 3
5 1.408338 3
5 1.408199 3
5 1.408338 3
5 1.408199 3
5 1.250544 3
5 1.250075 3
5 1.250388 3
5 1.250388 3
5 1.099317 3
5 1.099139 3
5 1.099139 3
5 1.098961 3
5 1.099139 3
5 0.9683364 3
5 0.9683364 3
5 0.9687405 3
5 0.9683364 3
5 1.002296 3
5 1.002296 3
5 1.002296 3
5 1.002296 3
5 0.9683364 3
5 0.9687405 3
5 0.9685385 3
5 0.9685385 3
5 0.9011378 3
5 0.9011378 3
5 0.901572 3
5 0.9011378 3
5 0.7602757 3
5 1.050157 3
5 1.050157 3
5 1.049971 3
5 1.049784 3
5 1.049412 3
5 1.049225 3
5 1.049225 3
5 1.049412 3
5 1.451043 3
5 1.450909 3
5 1.450639 3
5 1.450909 3
5 1.407087 3
5 1.407365 3
5 1.407365 3
5 1.406948 3
5 1.407087 3
5 1.312539 3
5 1.312539 3
5 1.312241 3
5 1.31239 3
5 0.9771874 3
5 0.9771874 3
5 0.9769872 3
5 0.9769872 3
5 1.012398 3
5 1.012784 3
5 1.012591 3
5 1.012398 3
5 0.9966185 3
5 0.9970112 3
5 0.9968149 3
5 0.9966185 3
5 1.031735 3
5 1.032303 3
5 1.032114 3
5 1.032493 3
5 0.9318824 3
5 0.9314623 3
5 0.9312522 3
5 0.9316724 3
5 1.067346 3
5 1.067162 3
5 1.067346 3
5 1.067346 3
5 1.041362 3
5 1.041362 3
5 1.040987 3
5 1.041362 3
5 0.8961296 3
5 0.8959111 3
5 0.8965662 3
5 0.8965662 3
5 0.8961296 3
5 0.9765865 3
5 0.9767869 3
5 0.9767869 3
5 0.9767869 3
5 0.7818466 3
5 0.7815963 3
5 0.7815963 3
5 0.7815963 3
5 0.9011378 3
5 0.9013549 3
5 0.9013549 3
5 0.9013549 3
5 0.7187329 3
5 0.7187329 3
5 0.7181882 3
5 0.719005 3
5 9.079457 3
5 9.079457 3
5 9.079457 3
5 9.079457 3
5 0.7041557 3
5 0.7041557 3
5 0.7044336 3
5 0.7035998 3
5 0.6573014 3
5 0.6570037 3
5 0.6570037 3
5 0.6573014 3
5 9.269234 3
5 9.269234 3
5 9.269298 3
5 9.269277 3
5 9.324914 3
5 9.324957 3
5 9.324893 3
5 9.324936 3
5 0.8395343 3
5 0.8395343 3
5 0.8395343 3
5 0.839068 3
5 26.72734 4
5 26.72313 4
5 26.72315 4
5 26.72313 4
5 26.72315 4
5 26.76155 4
5 26.76156 4
5 26.76154 4
5 26.76157 4
5 17.83371 4
5 17.83373 4
5 17.83375 4
5 17.83371 4
5 26.62983 4
5 26.62984 4
5 26.62982 4
5 26.62985 4
5 26.62987 4
5 11.62349 4
5 11.62351 4
5 11.62353 4
5 11.62353 4
5 11.62356 4
5 11.62348 4
5 11.62342 4
5 11.62348 4
5 1.536333 4
5 1.536206 4
5 1.536333 4
5 1.536333 4
5 1.528159 4
5 1.527775 4
5 1.527903 4
5 1.528031 4
5 1.632188 4
5 1.632188 4
5 1.632548 4
5 1.632068 4
5 1.765692 4
5 1.765803 4
5 1.765803 4
5 1.765803 4
5 1.765803 4
5 1.772109 4
5 1.77233 4
5 1.771888 4
5 1.772109 4
5 2.186148 4
5 2.186148 4
5 2.186059 4
5 2.186148 4
5 1.399557 4
5 1.399277 4
5 1.399137 4
5 1.399557 4
5 1.399557 4
5 1.212892 4
5 1.212569 4
5 1.212892 4
5 1.213053 4
5 1.123439 4
5 1.123439 4
5 1.123613 4
5 1.123439 4
5 1.039105 4
5 1.039105 4
5 1.039293 4
5 1.039293 4
5 1.022782 4
5 1.022782 4
5 1.022973 4
5 1.022973 4
5 1.022782 4
5 0.977788 4
5 0.977788 4
5 0.9779881 4
5 0.977788 4
5 0.9638805 4
5 0.9636774 4
5 0.9636774 4
5 0.9638805 4
5 1.369165 4
5 1.369165 4
5 1.369165 4
5 1.369165 4
5 1.35725 4
5 1.357106 4
5 1.35725 4
5 1.356962 4
5 1.456294 4
5 1.456294 4
5 1.456294 4
5 1.456294 4
5 1.549397 4
5 1.549524 4
5 1.549524 4
5 1.549397 4
5 1.531613 4
5 1.531613 4
5 1.531357 4
5 1.531485 4
5 1.341151 4
5 1.341588 4
5 1.341443 4
5 1.341588 4
5 1.341443 4
5 1.291195 4
5 1.291195 4
5 1.291195 4
5 1.291043 4
5 1.560222 4
5 1.560347 4
5 1.560472 4
5 1.560472 4
5 1.7328 4
5 1.732913 4
5 1.732687 4
5 1.7328 4
5 1.732687 4
5 1.598264 4
5 1.598387 4
5 1.598264 4
5 1.598142 4
5 1.519684 4
5 1.519941 4
5 1.519684 4
5 1.519941 4
5 1.493707 4
5 1.493838 4
5 1.493838 4
5 1.493707 4
5 1.467938 4
5 1.467938 4
5 1.468204 4
5 1.468071 4
5 1.507401 4
5 1.507401 4
5 1.507401 4
5 1.507271 4
5 1.515557 4
5 1.515816 4
5 1.515428 4
5 1.515687 4
5 1.58967 4
5 1.58967 4
5 1.58967 4
5 1.589916 4
5 1.590039 4
5 1.527134 4
5 1.527262 4
5 1.527391 4
5 1.527391 4
5 1.529567 4
5 1.529695 4
5 1.529823 4
5 1.529823 4
5 1.420513 4
5 1.420375 4
5 1.420238 4
5 1.420238 4
5 1.420375 4
5 1.335009 4
5 1.334862 4
5 1.335009 4
5 1.335009 4
5 1.429303 4
5 1.42944 4
5 1.42944 4
5 1.42944 4
5 1.518653 4
5 1.518524 4
5 1.518653 4
5 1.518653 4
5 1.593113 4
5 1.593113 4
5 1.593113 4
5 1.593113 4
5 1.593113 4
5 1.588931 4
5 1.588931 4
5 1.588931 4
5 1.589054 4
5 1.607178 4
5 1.607056 4
5 1.607056 4
5 1.606812 4
5 1.606325 4
5 1.606569 4
5 1.606325 4
5 1.606325 4
5 1.620154 4
5 1.620154 4
5 1.620396 4
5 1.620154 4
5 1.571096 4
5 1.571096 4
5 1.570847 4
5 1.571096 4
5 1.601322 4
5 1.601567 4
5 1.601322 4
7 44.49603 0
7 44.49592 0
7 44.49605 0
7 44.49608 0
7 44.59803 0
7 44.59779 0
7 44.59774 0
7 44.59784 0
7 44.7126 0
7 44.71279 0
7 44.71276 0
7 44.71272 0
7 44.80047 0
7 44.8008 0
7 44.80071 0
7 44.8007 0
7 44.70181 0
7 44.70195 0
7 44.7018 0
7 44.70188 0
7 38.86852 0
7 38.8686 0
7 38.86855 0
7 38.86868 0
7 32.32312 0
7 32.32322 0
7 32.32314 0
7 32.32306 0
7 32.32323 0
7 27.47401 0
7 27.4739 0
7 27.47399 0
7 27.47405 0
7 24.1918 0
7 24.19205 0
7 24.192 0
7 24.19195 0
7 28.03162 0
7 28.0316 0
7 28.03151 0
7 28.03158 0
7 28.3522 0
7 28.35219 0
7 28.35222 0
7 28.35217 0
7 28.35227 0
7 28.35211 0
7 28.35219 0
7 28.35214 0
7 18.02818 0
7 18.02808 0
7 18.02804 0
7 18.02804 0
7 17.99468 0
7 17.99472 0
7 17.99473 0
7 17.9947 0
7 18.06411 0
7 18.06426 0
7 18.06426 0
7 18.06416 0
7 3.716099 0
7 3.716152 0
7 3.716205 0
7 3.716152 0
7 3.716099 0
7 4.102266 0
7 4.102266 0
7 4.102219 0
7 4.102219 0
7 4.222806 0
7 4.222806 0
7 4.222898 0
7 4.222945 0
7 4.433984 0
7 4.434029 0
7 4.433896 0
7 4.433852 0
7 4.509499 0
7 4.509411 0
7 4.509455 0
7 4.509499 0
7 4.503196 0
7 4.503196 0
7 4.503196 0
7 4.503152 0
7 4.529737 0
7 18.13131 0
7 18.1314 0
7 18.13136 0
7 18.13142 0
7 28.35214 0
7 28.35208 0
7 28.35216 0
7 28.35216 0
7 3.390498 0
7 3.390671 0
7 3.390613 0
7 3.390498 0
7 13.81872 0
7 13.81874 0
7 13.81877 0
7 13.81875 0
7 13.81877 0
7 16.76346 0
7 16.76342 0
7 16.76338 0
7 16.76345 0
7 0.4805128 0
7 0.4054182 0
7 0.4049353 0
7 0.4039677 0
7 0.4049353 0
7 0.3499859 0
7 0.3494264 0
7 0.3494264 0
7 0.3494264 0
7 0.3140353 0
7 0.3140353 0
7 0.3140353 0
7 0.3134116 0
7 0.3146578 0
7 0.4343124 0
7 0.4343124 0
7 0.4338616 0
7 0.4347627 0
7 0.4343124 0
7 0.4334104 0
7 0.4338616 0
7 0.4338616 0
7 0.4449939 0
7 0.4449939 0
7 0.4454334 0
7 0.4454334 0
7 0.4445539 0
7 0.4441136 0
7 0.4441136 0
7 0.4436728 0
7 0.393167 0
7 0.3936644 0
7 0.3936644 0
7 0.393167 0
7 0.1467098 0
7 0.1480375 0
7 0.1480375 0
7 0.1467098 0
7 0.1356209 0
7 0.1341704 0
7 0.1370561 0
7 0.1341704 0
7 0.1356209 0
7 0.1282043 0
7 0.1282043 0
7 0.1282043 0
7 0.1312212 0
7 0.2176059 0
7 0.2176059 0
7 0.2167048 0
7 0.2167048 0
7 0.1607126 0
7 0.1619255 0
7 0.1594904 0
7 0.1607126 0
7 0.315899 0
7 0.3177519 0
7 0.3165179 0
7 0.3177519 0
7 0.3171355 0
7 0.3171355 0
7 0.3177519 0
7 0.3171355 0
7 0.2811602 0
7 0.2811602 0
7 0.2825486 0
7 0.2818553 0
7 0.2818553 0
7 0.2818553 0
7 0.2804634 0
7 0.2804634 0
7 0.2811602 0
7 0.301316 0
7 0.3006659 0
7 0.3000144 0
7 0.301316 0
7 0.5020211 0
7 0.5024107 0
7 0.5016313 0
7 0.5020211 0
7 16.65735 0
7 16.65738 0
7 16.65746 0
7 16.65745 0
7 28.35214 0
7 28.35209 0
7 28.35224 0
7 28.3521 0
7 28.35207 0
7 0.14537 0
7 0.1412742 0
7 0.1440177 0
7 0.1412742 0
7 0.2093567 0
7 0.2093567 0
7 0.2102893 0
7 0.2093567 0
7 0.3560827 0
7 0.3555328 0
7 0.3555328 0
7 0.354982 0
7 0.3971285 0
7 0.3990945 0
7 0.3981127 0
7 0.3971285 0
7 0.3851218 0
7 0.3856296 0
7 0.3856296 0
7 0.386643 0
7 0.4083038 0
7 0.4068635 0
7 0.4078243 0
7 0.4078243 0
7 0.4078243 0
7 0.4078243 0
7 0.4078243 0
7 0.4405747 0
7 0.4698059 0
7 0.4441136 0
7 0.4432315 0
7 0.4432315 0
7 0.4432315 0
7 0.5678623 0
7 0.5671728 0
7 0.5668277 0
7 0.5675176 0
7 0.5675176 0
7 0.4861804 0
7 0.4853748 0
7 0.4857778 0
7 0.4857778 0
7 0.6055493 0
7 0.6058724 0
7 0.6058724 0
7 0.6065179 0
7 0.8079404 0
7 0.8079404 0
7 0.8072135 0
7 0.8076981 0
7 0.8444148 0
7 0.8444148 0
7 0.8446465 0
7 0.8444148 0
7 0.7600183 0
7 0.7600183 0
7 0.7602757 0
7 0.7597608 0
7 0.7564052 0
7 0.7346201 0
7 0.7346201 0
7 0.7343537 0
7 0.7348864 0
7 0.7002546 0
7 0.7005339 0
7 0.699975 0
7 0.7005339 0
7 0.7805943 0
7 0.7805943 0
7 0.7803435 0
7 0.7803435 0
7 0.7893192 0
7 0.7888232 0
7 0.7888232 0
7 0.7895671 0
7 0.7890712 0
7 17.68015 0
7 17.68015 0
7 17.68021 0
7 17.68011 0
7 6.097476 0
7 6.097347 0
7 6.097347 0
7 6.097411 0
7 6.097444 0
7 6.135649 0
7 6.135681 0
7 6.135617 0
7 6.135617 0
7 6.110194 0
7 6.110258 0
7 6.110226 0
7 6.110194 0
7 6.219431 0
7 6.219463 0
7 6.219431 0
7 6.219431 0
7 6.231997 0
7 6.231965 0
7 6.231934 0
7 6.231997 0
7 6.567756 0
7 6.567637 0
7 6.567697 0
7 6.567637 0
7 19.11855 0
7 19.11858 0
7 19.11857 0
7 19.11847 0
7 19.11861 0
7 19.12981 0
7 19.12992 0
7 19.12984 0
7 19.12976 0
7 19.12982 0
7 19.14606 0
7 19.14608 0
7 19.14607 0
7 19.146 0
7 19.14602 0
7 6.791134 0
7 6.791105 0
7 6.791048 0
7 6.791048 0
7 19.13932 0
7 19.13926 0
7 19.13935 0
7 19.13932 0
7 19.13936 0
7 11.49199 0
7 11.49194 0
7 11.49207 0
7 11.49202 0
7 0.4205793 0
7 0.4219727 0
7 0.4205793 0
7 0.4210443 0
7 0.4601268 0
7 0.4605518 0
7 0.4601268 0
7 0.4601268 0
7 0.607807 0
7 0.6074851 0
7 0.6081289 0
7 0.6074851 0
7 0.6361217 0
7 0.6361217 0
7 0.6364292 0
7 0.6367366 0
7 0.629007 0
7 0.6296288 0
7 0.6293179 0
7 0.6293179 0
7 0.6094146 0
7 0.5293413 0
7 0.5289715 0
7 0.5282311 0
7 0.5293413 0
7 0.5630175 0
7 0.5630175 0
7 0.5630175 0
7 0.5626699 0
7 0.5293413 0
7 0.5297108 0
7 0.5293413 0
7 0.5297108 0
7 0.4656223 0
7 0.4660423 0
7 0.4656223 0
7 0.464781 0
7 0.5657911 0
7 0.5650989 0
7 0.5647526 0
7 0.5647526 0
7 0.583833 0
7 0.5834977 0
7 0.5834977 0
7 0.583833 0
7 0.649214 0
7 0.649214 0
7 0.6486109 0
7 0.6495153 0
7 16.37567 0
7 16.3757 0
7 16.37569 0
7 16.3758 0
7 16.37563 0
7 28.35217 0
7 28.3521 0
7 28.35223 0
7 28.35223 0
7 28.35218 0
7 28.35211 0
7 28.35211 0
7 28.35222 0
7 28.35224 0
7 1.676898 0
7 1.676664 0
7 1.676781 0
7 1.676781 0
7 1.396898 0
7 1.396617 0
7 1.396758 0
7 1.396758 0
7 1.32707 0
7 1.327217 0
7 1.32707 0
7 1.326922 0
7 1.367163 0
7 1.367306 0
7 1.367306 0
7 1.367306 0
7 1.294827 0
7 1.294827 0
7 1.294524 0
7 1.294676 0
7 1.216597 0
7 1.216597 0
7 1.216436 0
7 1.216757 0
7 1.188774 0
7 1.188774 0
7 1.188609 0
7 1.188774 0
7 1.146201 0
7 1.145859 0
7 1.146371 0
7 1.146371 0
7 1.14603 0
7 1.236381 0
7 1.236539 0
7 1.236222 0
7 1.236697 0
7 1.154027 0
7 1.153857 0
7 1.153857 0
7 1.153688 0
7 1.141239 0
7 1.141582 0
7 1.141582 0
7 1.141239 0
7 1.148247 0
7 1.148418 0
7 1.148247 0
7 1.148418 0
7 1.093606 0
7 1.093606 0
7 1.093606 0
7 1.093606 0
7 1.030216 0
7 1.030596 0
7 1.030026 0
7 1.030406 0
7 1.147736 0
7 1.147395 0
7 1.147565 0
7 1.147736 0
7 1.231465 0
7 1.231941 0
7 1.231623 0
7 1.231623 0
7 1.231782 0
7 1.363436 0
7 1.363292 0
7 1.363436 0
7 1.363436 0
7 1.428344 0
7 1.428344 0
7 1.428207 0
7 1.428481 0
7 1.334569 0
7 1.334569 0
7 1.334715 0
7 1.334422 0
7 1.278707 0
7 1.278554 0
7 1.27886 0
7 1.278707 0
7 1.145517 0
7 1.145517 0
7 1.145688 0
7 1.145688 0
7 1.190254 0
7 1.19009 0
7 1.190254 0
7 1.19009 0
7 1.128306 0
7 1.127959 0
7 1.127959 0
7 1.127959 0
7 15.96733 0
7 22.57864 1
7 22.57869 1
7 22.57861 1
7 18.3208 1
7 18.32079 1
7 18.32072 1
7 18.32076 1
7 18.9516 1
7 18.95159 1
7 18.95159 1
7 18.95158 1
7 18.89218 1
7 18.89221 1
7 18.89221 1
7 18.89217 1
7 18.88244 1
7 18.88246 1
7 18.88244 1
7 18.88241 1
7 18.79461 1
7 18.79459 1
7 18.79457 1
7 18.7946 1
7 19.43655 1
7 19.43659 1
7 19.43651 1
7 19.43659 1
7 25.08386 1
7 25.08378 1
7 25.08387 1
7 25.08392 1
7 4.198573 1
7 4.19862 1
7 4.198666 1
7 4.198573 1
7 4.19862 1
7 1.255542 1
7 1.255542 1
7 1.255386 1
7 1.255542 1
7 11.39905 1
7 11.39902 1
7 11.39897 1
7 11.3989 1
7 1.460587 1
7 1.460721 1
7 1.460855 1
7 1.460855 1
7 1.819622 1
7 1.819622 1
7 1.819299 1
7 1.819622 1
7 1.819514 1
7 1.752565 1
7 1.752677 1
7 1.752677 1
7 1.752565 1
7 1.739789 1
7 1.739676 1
7 1.739789 1
7 1.740013 1
7 1.755466 1
7 1.755354 1
7 1.755466 1
7 1.755354 1
7 1.78224 1
7 1.78213 1
7 1.78213 1
7 1.78224 1
7 1.801245 1
7 1.801571 1
7 1.801354 1
7 1.801245 1
7 1.801354 1
7 1.957647 1
7 1.957548 1
7 1.957548 1
7 1.957548 1
7 2.040184 1
7 2.040184 1
7 2.040088 1
7 2.039992 1
7 2.09097 1
7 2.090783 1
7 2.091064 1
7 2.09097 1
7 2.166092 1
7 2.166002 1
7 2.165821 1
7 2.166182 1
7 2.151951 1
7 2.151769 1
7 2.151769 1
7 2.15186 1
7 2.18104 1
7 2.18104 1
7 2.18086 1
7 2.18095 1
7 2.264426 1
7 2.264426 1
7 2.264513 1
7 2.264513 1
7 2.316382 1
7 2.316213 1
7 2.316382 1
7 2.316382 1
7 2.292772 1
7 2.262351 1
7 2.262351 1
7 2.262264 1
7 2.262264 1
7 2.30868 1
7 2.308595 1
7 2.308595 1
7 2.30868 1
7 2.344768 1
7 2.344851 1
7 2.344768 1
7 2.344934 1
7 2.550599 1
7 2.550292 1
7 2.550292 1
7 2.550368 1
7 2.724623 1
7 2.72448 1
7 2.724336 1
7 2.724695 1
7 2.670711 1
7 2.670711 1
7 2.670858 1
7 2.670784 1
7 2.609321 1
7 2.609396 1
7 2.609396 1
7 2.609321 1
7 2.566053 1
7 2.56613 1
7 2.566282 1
7 2.566053 1
7 2.56613 1
7 2.864505 1
7 2.864437 1
7 2.864574 1
7 2.864505 1
7 2.703781 1
7 2.703854 1
7 2.703781 1
7 2.703709 1
7 25.08376 1
7 25.08373 1
7 25.08371 1
7 25.08382 1
7 25.08386 1
7 25.0838 1
7 25.08378 1
7 25.08387 1
7 25.08375 1
7 25.08392 1
7 25.0838 1
7 25.0837 1
7 25.08378 1
7 10.47715 1
7 10.47715 1
7 10.47717 1
7 10.47728 1
7 2.864574 1
7 2.864642 1
7 2.864505 1
7 2.864574 1
7 2.938516 1
7 2.938449 1
7 2.938716 1
7 2.938582 1
7 2.929642 1
7 2.929642 1
7 2.929575 1
7 2.929442 1
7 2.960286 1
7 2.960286 1
7 2.960352 1
7 2.960352 1
7 2.881947 1
7 2.881811 1
7 2.881879 1
7 2.881743 1
7 2.876916 1
7 2.867169 1
7 2.867169 1
7 2.867238 1
7 2.867169 1
7 2.783755 1
7 2.783615 1
7 2.783615 1
7 2.783685 1
7 2.768737 1
7 2.768737 1
7 2.768878 1
7 2.768737 1
7 2.701971 1
7 2.702043 1
7 2.702116 1
7 2.701971 1
7 2.633588 1
7 2.633588 1
7 2.633736 1
7 2.633513 1
7 2.363888 1
7 2.363888 1
7 2.363806 1
7 2.363806 1
7 25.08385 1
7 25.08388 1
7 25.08381 1
7 25.08374 1
7 25.08378 1
7 25.08378 1
7 25.08378 1
7 25.08374 1
7 25.08375 1
7 25.08376 1
7 25.08372 1
7 25.08386 1
7 25.08376 1
7 25.08389 1
7 25.08378 1
7 25.08387 1
7 25.08379 1
7 11.02587 1
7 11.02584 1
7 11.02584 1
7 11.02591 1
7 4.378643 1
7 4.378733 1
7 4.378688 1
7 4.378733 1
7 4.375063 1
7 4.344965 1
7 4.344875 1
7 4.344831 1
7 4.344921 1
7 4.264526 1
7 4.228645 1
7 4.228738 1
7 4.228738 1
7 4.292586 1
7 4.330563 1
7 4.330563 1
7 4.330563 1
7 4.330653 1
7 4.151618 1
7 4.151666 1
7 4.151666 1
7 4.151618 1
7 3.642929 1
7 3.642983 1
7 3.642929 1
7 3.642929 1
7 3.294317 1
7 3.294436 1
7 3.294377 1
7 3.294555 1
7 2.932447 1
7 2.932447 1
7 2.932314 1
7 2.932314 1
7 2.85828 1
7 2.858143 1
7 2.85828 1
7 2.858143 1
7 2.825562 1
7 19.17129 2
7 19.17138 2
7 19.17142 2
7 19.17133 2
7 19.17134 2
7 19.13367 2
7 19.13378 2
7 19.1338 2
7 19.1337 2
7 19.13378 2
7 19.08089 2
7 19.08086 2
7 19.08086 2
7 19.08087 2
7 19.07638 2
7 19.0764 2
7 19.07638 2
7 19.0764 2
7 18.98639 2
7 18.98631 2
7 18.98633 2
7 18.98628 2
7 8.499301 2
7 8.499255 2
7 8.499163 2
7 8.499278 2
7 3.986344 2
7 3.986295 2
7 3.986443 2
7 3.986344 2
7 2.096672 2
7 2.096672 2
7 2.096485 2
7 2.096578 2
7 2.328265 2
7 2.328349 2
7 2.328097 2
7 2.328265 2
7 2.257761 2
7 2.257588 2
7 2.257501 2
7 2.257761 2
7 2.13799 2
7 2.137899 2
7 2.137899 2
7 2.13799 2
7 2.093683 2
7 2.093776 2
7 2.093776 2
7 2.093776 2
7 2.144115 2
7 2.144297 2
7 2.144115 2
7 2.144206 2
7 2.242714 2
7 2.242801 2
7 2.242801 2
7 2.242714 2
7 2.344934 2
7 2.345185 2
7 2.345185 2
7 2.345185 2
7 2.339586 2
7 2.33967 2
7 2.339837 2
7 2.339921 2
7 2.2783 2
7 2.278128 2
7 2.278214 2
7 2.278214 2
7 2.314184 2
7 2.314184 2
7 2.314184 2
7 2.314099 2
7 2.393265 2
7 2.393265 2
7 2.393183 2
7 2.393265 2
7 2.385237 2
7 2.385319 2
7 2.385237 2
7 2.385319 2
7 2.433009 2
7 2.432928 2
7 2.433009 2
7 2.433089 2
7 2.517928 2
7 2.565138 2
7 2.565138 2
7 2.565138 2
7 2.565214 2
7 2.424062 2
7 2.424062 2
7 2.424062 2
7 2.424062 2
7 2.424062 2
7 2.357753 2
7 2.357753 2
7 2.35767 2
7 2.454952 2
7 2.455112 2
7 2.455112 2
7 2.454793 2
7 2.594274 2
7 2.594501 2
7 2.594274 2
7 2.59435 2
7 2.528478 2
7 2.528478 2
7 2.528401 2
7 2.528401 2
7 2.486482 2
7 2.486403 2
7 2.486482 2
7 2.486403 2
7 2.563306 2
7 2.563459 2
7 2.563459 2
7 2.563459 2
7 2.671591 2
7 2.671664 2
7 2.671664 2
7 2.671664 2
7 2.671737 2
7 2.726132 2
7 2.726419 2
7 2.726275 2
7 2.726275 2
7 2.515439 2
7 2.515206 2
7 2.515362 2
7 2.515439 2
7 2.431158 2
7 2.431158 2
7 2.431238 2
7 2.431319 2
7 2.602711 2
7 2.602711 2
7 2.60256 2
7 2.60256 2
7 2.644935 2
7 2.644787 2
7 2.645009 2
7 2.644861 2
7 2.628454 2
7 2.628529 2
7 2.628529 2
7 2.628305 2
7 2.585053 2
7 2.584902 2
7 2.584826 2
7 2.584826 2
7 2.691737 2
7 2.691882 2
7 2.691882 2
7 2.691737 2
7 2.766191 2
7 2.766403 2
7 2.766262 2
7 2.766191 2
7 2.766262 2
7 2.854168 2
7 2.854099 2
7 2.853962 2
7 2.854099 2
7 2.856567 2
7 2.856704 2
7 2.856499 2
7 2.856499 2
7 2.760311 2
7 2.76024 2
7 2.760169 2
7 2.76024 2
7 2.808119 2
7 2.808189 2
7 2.808259 2
7 2.808259 2
7 2.829162 2
7 2.830822 2
7 2.830477 2
7 2.830615 2
7 2.830546 2
7 2.775587 2
7 2.775445 2
7 2.775587 2
7 2.775516 2
7 2.658075 2
7 2.658296 2
7 2.658149 2
7 2.658223 2
7 2.692391 2
7 2.692391 2
7 2.692536 2
7 2.692464 2
7 2.702623 2
7 2.702623 2
7 2.702695 2
7 2.70255 2
7 2.635371 2
7 2.635371 2
7 2.635371 2
7 2.635371 2
7 2.621146 2
7 2.621146 2
7 2.621072 2
7 2.621221 2
7 2.494812 2
7 2.494655 2
7 2.494812 2
7 2.494655 2
7 2.494812 2
7 2.490493 2
7 2.490572 2
7 2.490572 2
7 2.490572 2
7 2.451282 2
7 2.451282 2
7 2.451202 2
7 2.52189 2
7 2.521967 2
7 2.522045 2
7 2.52189 2
7 2.5222 2
7 2.488135 2
7 2.488135 2
7 2.488135 2
7 2.487899 2
7 2.488292 2
7 2.489943 2
7 2.489865 2
7 2.4901 2
7 2.489943 2
7 2.405094 2
7 2.404931 2
7 2.404931 2
7 2.405094 2
7 2.417271 2
7 2.417351 2
7 2.417109 2
7 2.417189 2
7 2.394737 2
7 2.394655 2
7 2.394655 2
7 2.394818 2
7 2.579671 2
7 2.579747 2
7 2.579747 2
7 2.579747 2
7 2.337327 2
7 2.337494 2
7 2.337494 2
7 2.337327 2
7 2.404199 2
7 2.404199 2
7 2.404118 2
7 2.40428 2
7 2.495832 2
7 2.495989 2
7 2.495989 2
7 2.496067 2
7 2.579292 2
7 2.579216 2
7 2.579368 2
7 2.579292 2
7 2.579292 2
7 2.516917 2
7 2.516917 2
7 2.516762 2
7 2.51684 2
7 2.562848 2
7 2.562771 2
7 2.562848 2
7 2.562619 2
7 2.61067 2
7 2.610521 2
7 2.61067 2
7 2.610595 2
7 2.562542 2
7 2.562542 2
7 2.562466 2
7 2.562542 2
7 6.06734 2
7 6.067372 2
7 6.067405 2
7 6.067405 2
7 9.540317 2
7 9.540441 2
7 9.540359 2
7 9.54038 2
7 9.540276 2
7 9.540359 2
7 9.540359 2
7 9.54038 2
7 4.025307 2
7 3.697135 2
7 3.696976 2
7 3.697082 2
7 3.697029 2
7 3.256782 2
7 3.256782 2
7 3.256602 2
7 3.256843 2
7 3.066118 2
7 3.066182 2
7 3.066118 2
7 3.06631 2
7 3.073771 2
7 3.073834 2
7 3.073898 2
7 3.073898 2
7 3.024915 2
7 3.024851 2
7 3.024851 2
7 3.024851 2
7 3.005308 2
7 3.005373 2
7 3.005503 2
7 3.005308 2
7 3.005373 2
7 2.93011 2
7 2.929976 2
7 2.930043 2
7 2.929909 2
7 2.981306 2
7 2.981306 2
7 2.981306 2
7 2.981372 2
7 2.940181 2
7 2.940248 2
7 2.940114 2
7 2.940181 2
7 2.987341 2
7 2.987406 2
7 2.987406 2
7 2.987341 2
7 2.928172 2
7 2.928105 2
7 2.928172 2
7 2.928172 2
7 2.940381 2
7 2.940514 2
7 2.940647 2
7 2.94058 2
7 2.94058 2
7 2.969068 2
7 2.969134 2
7 2.9692 2
7 2.9692 2
7 2.972363 2
7 2.972494 2
7 2.972429 2
7 2.972494 2
7 2.931179 2
7 2.931246 2
7 2.931312 2
7 2.931379 2
7 2.985637 2
7 2.985637 2
7 2.985637 2
7 2.985702 2
7 2.956978 2
7 2.957044 2
7 2.957044 2
7 2.95711 2
7 2.96326 2
7 2.963392 2
7 2.963326 2
7 2.963392 2
7 2.963392 2
7 2.992382 2
7 2.992382 2
7 2.992382 2
7 2.992317 2
7 2.898405 2
7 2.898743 2
7 2.89854 2
7 2.89854 2
7 2.87712 2
7 2.877188 2
7 2.87712 2
7 2.876916 2
7 2.932247 2
7 2.932314 2
7 2.932247 2
7 2.932381 2
7 2.859375 2
7 2.859375 2
7 2.859307 2
7 2.859375 2
7 2.87099 2
7 2.871058 2
7 2.87099 2
7 2.871126 2
7 2.837108 2
7 2.837177 2
7 2.837384 2
7 2.837108 2
7 2.842898 2
7 2.842898 2
7 2.842898 2
7 2.842898 2
7 2.842967 2
7 2.739169 2
7 2.739097 2
7 2.73924 2
7 2.73924 2
7 2.759389 2
7 2.759389 2
7 2.759318 2
7 2.759389 2
7 2.727424 2
7 2.727567 2
7 2.727783 2
7 2.727496 2
7 2.73731 2
7 2.737453 2
7 2.737381 2
7 2.737381 2
7 2.651366 2
7 2.683944 2
7 2.684017 2
7 2.68409 2
7 2.684017 2
7 2.713609 2
7 2.713537 2
7 2.713393 2
7 2.713465 2
7 2.764209 2
7 2.764209 2
7 2.764209 2
7 2.76435 2
7 2.774458 2
7 2.774317 2
7 2.774458 2
7 2.774317 2
7 2.738597 2
7 2.738526 2
7 2.738311 2
7 2.738168 2
7 2.781363 2
7 2.781504 2
7 2.781363 2
7 2.781434 2
7 2.751646 2
7 2.751646 2
7 2.751646 2
7 2.751646 2
7 2.789375 2
7 2.789305 2
7 2.789165 2
7 2.789375 2
7 2.769232 2
7 2.769232 2
7 2.769232 2
7 2.769232 2
7 2.769232 2
7 2.769303 2
7 2.779674 2
7 2.779744 2
7 2.779674 2
7 2.779674 2
7 2.779674 2
7 2.779815 2
7 2.779674 2
7 2.779674 2
7 2.779603 2
7 2.691664 2
7 2.691737 2
7 2.691664 2
7 2.691664 2
7 2.691591 2
7 2.637672 2
7 2.63745 2
7 2.637672 2
7 2.637376 2
7 2.661534 2
7 2.661681 2
7 2.661681 2
7 2.661828 2
7 2.698781 2
7 2.698781 2
7 2.698636 2
7 2.698709 2
7 2.597441 2
7 20.78258 3
7 20.78272 3
7 20.78248 3
7 20.76048 3
7 20.76049 3
7 20.76044 3
7 20.76043 3
7 20.76055 3
7 20.70931 3
7 20.70938 3
7 20.7093 3
7 20.70932 3
7 20.57433 3
7 20.5745 3
7 20.57429 3
7 20.57452 3
7 20.56672 3
7 20.56666 3
7 20.56667 3
7 20.56666 3
7 20.53187 3
7 20.53192 3
7 20.53183 3
7 20.53193 3
7 17.7819 3
7 17.78192 3
7 17.7819 3
7 17.78196 3
7 8.891256 3
7 8.891323 3
7 8.891278 3
7 8.891278 3
7 8.880025 3
7 8.880047 3
7 8.880091 3
7 8.880047 3
7 8.880025 3
7 8.80453 3
7 8.80453 3
7 8.804598 3
7 8.804576 3
7 0.8904341 3
7 0.8904341 3
7 0.8904341 3
7 0.8904341 3
7 0.8937243 3
7 0.8935054 3
7 0.8937243 3
7 0.8935054 3
7 1.059618 3
7 1.059433 3
7 1.059618 3
7 1.059433 3
7 1.11995 3
7 1.119775 3
7 1.11995 3
7 1.119775 3
7 1.102517 3
7 1.102339 3
7 1.102517 3
7 1.102339 3
7 8.861111 3
7 8.861089 3
7 8.861134 3
7 8.861022 3
7 0.8467289 3
7 0.8464977 3
7 0.8464977 3
7 0.8464977 3
7 0.8462666 3
7 0.7858408 3
7 0.7865875 3
7 0.7865875 3
7 0.7860898 3
7 1.082455 3
7 1.082094 3
7 1.082094 3
7 1.081913 3
7 1.488326 3
7 1.488589 3
7 1.488326 3
7 1.488326 3
7 1.518395 3
7 1.518395 3
7 1.518524 3
7 1.518524 3
7 1.393531 3
7 1.393672 3
7 1.393531 3
7 1.393531 3
7 1.393391 3
7 1.37885 3
7 1.378708 3
7 1.378566 3
7 1.378566 3
7 1.488195 3
7 1.488063 3
7 1.488063 3
7 1.488195 3
7 1.493052 3
7 1.49279 3
7 1.493052 3
7 1.49279 3
7 1.532124 3
7 1.532124 3
7 1.531868 3
7 1.532124 3
7 1.406809 3
7 1.406809 3
7 1.406809 3
7 1.407087 3
7 1.397038 3
7 1.396898 3
7 1.397038 3
7 1.396898 3
7 1.488721 3
7 1.488589 3
7 1.488589 3
7 1.488458 3
7 1.421202 3
7 1.421202 3
7 1.421064 3
7 1.421202 3
7 1.539768 3
7 1.539514 3
7 1.539641 3
7 1.539768 3
7 1.439399 3
7 1.439535 3
7 1.439399 3
7 1.439263 3
7 1.439806 3
7 1.428755 3
7 1.428618 3
7 1.428755 3
7 1.428755 3
7 1.281 3
7 1.280847 3
7 1.281 3
7 1.281 3
7 1.369594 3
7 1.369451 3
7 1.369451 3
7 1.369308 3
7 1.396057 3
7 1.396057 3
7 1.396197 3
7 1.395777 3
7 1.396197 3
7 1.464067 3
7 1.463799 3
7 1.463799 3
7 1.4642 3
7 1.51349 3
7 1.513361 3
7 1.51349 3
7 1.513231 3
7 1.47777 3
7 1.47724 3
7 1.477638 3
7 1.477373 3
7 1.447668 3
7 1.448344 3
7 1.448073 3
7 1.447938 3
7 1.522771 3
7 1.522514 3
7 1.522771 3
7 1.522514 3
7 1.718853 3
7 1.622206 3
7 1.622447 3
7 1.622327 3
7 1.622689 3
7 1.78816 3
7 1.788269 3
7 1.788269 3
7 1.788379 3
7 1.524826 3
7 1.524826 3
7 1.524826 3
7 1.524954 3
7 1.493445 3
7 1.493445 3
7 1.493314 3
7 1.493445 3
7 1.414439 3
7 1.414577 3
7 1.414439 3
7 1.414577 3
7 1.610948 3
7 1.611069 3
7 1.611191 3
7 1.611069 3
7 1.580534 3
7 1.58041 3
7 1.580534 3
7 1.580658 3
7 1.623533 3
7 1.623533 3
7 1.623412 3
7 1.623533 3
7 1.533273 3
7 1.533018 3
7 1.533145 3
7 1.533273 3
7 1.566106 3
7 1.566106 3
7 1.565981 3
7 1.566231 3
7 1.568228 3
7 1.568104 3
7 1.568104 3
7 1.568104 3
7 1.599366 3
7 1.599243 3
7 1.599488 3
7 1.599243 3
7 1.599243 3
7 1.594832 3
7 1.5952 3
7 1.5952 3
7 1.595078 3
7 1.710864 3
7 1.71075 3
7 1.710979 3
7 1.710979 3
7 1.704562 3
7 1.704562 3
7 1.704791 3
7 1.704676 3
7 1.704676 3
7 1.628587 3
7 1.628708 3
7 1.628948 3
7 1.629068 3
7 1.620154 3
7 1.620275 3
7 1.620154 3
7 1.620154 3
7 1.620033 3
7 1.618825 3
7 1.618341 3
7 1.618583 3
7 1.618462 3
7 1.655994 3
7 1.656231 3
7 1.656231 3
7 1.656231 3
7 2.001641 3
7 2.001347 3
7 2.001543 3
7 2.001641 3
7 1.788598 3
7 1.788488 3
7 1.788816 3
7 1.788598 3
7 1.701344 3
7 1.701574 3
7 1.701229 3
7 1.701574 3
7 1.566106 3
7 1.566231 3
7 1.566106 3
7 1.566106 3
7 1.706398 3
7 1.706627 3
7 1.706512 3
7 1.706742 3
7 1.788816 3
7 1.788598 3
7 1.788816 3
7 1.788816 3
7 1.765027 3
7 1.765027 3
7 1.765027 3
7 1.765027 3
7 1.677598 3
7 1.677831 3
7 1.677831 3
7 1.677948 3
7 1.731784 3
7 1.731784 3
7 1.73201 3
7 1.731897 3
7 1.57259 3
7 1.572466 3
7 1.572466 3
7 1.572466 3
7 1.572714 3
7 1.722606 3
7 1.72272 3
7 1.722492 3
7 1.722265 3
7 1.528799 3
7 1.528927 3
7 1.528799 3
7 1.528799 3
7 1.571594 3
7 1.571345 3
7 1.57147 3
7 1.571345 3
7 1.524184 3
7 1.524441 3
7 1.524441 3
7 1.524569 3
7 1.501026 3
7 1.566356 3
7 1.566106 3
7 1.56648 3
7 1.566356 3
7 1.465269 3
7 1.465536 3
7 1.465136 3
7 1.465403 3
7 1.509347 3
7 1.509606 3
7 1.509217 3
7 1.509477 3
7 1.237172 3
7 1.23733 3
7 1.237488 3
7 1.23733 3
7 1.391283 3
7 1.391283 3
7 1.391283 3
7 1.391283 3
7 1.293466 3
7 1.293466 3
7 1.293466 3
7 1.293768 3
7 1.337059 3
7 1.437902 3
7 1.437902 3
7 1.437766 3
7 1.438038 3
7 1.356818 3
7 1.356673 3
7 1.356818 3
7 1.356818 3
7 9.147592 3
7 9.147548 3
7 9.147505 3
7 9.147505 3
7 1.758807 3
7 1.75903 3
7 1.758696 3
7 1.758807 3
7 9.265141 3
7 9.265099 3
7 9.265078 3
7 9.265099 3
7 1.483321 3
7 1.483321 3
7 1.483057 3
7 1.483189 3
7 1.06936 3
7 1.069543 3
7 1.06936 3
7 1.06936 3
7 1.380268 3
7 1.38041 3
7 1.380268 3
7 1.380552 3
7 1.380552 3
7 1.354653 3
7 1.355086 3
7 1.354941 3
7 1.354797 3
7 1.484772 3
7 1.48464 3
7 1.484772 3
7 1.48464 3
7 1.655522 3
7 1.65564 3
7 1.655758 3
7 1.655522 3
7 1.513749 3
7 1.513749 3
7 1.514007 3
7 1.513749 3
7 1.545477 3
7 1.545857 3
7 1.54573 3
7 1.54573 3
7 1.353063 3
7 1.300407 3
7 1.300105 3
7 1.300256 3
7 1.300105 3
7 1.260209 3
7 1.260209 3
7 1.260053 3
7 1.260364 3
7 1.342609 3
7 1.342755 3
7 1.342609 3
7 1.342755 3
7 1.342755 3
7 1.486879 3
7 1.487011 3
7 1.486879 3
7 1.487142 3
7 1.328101 3
7 1.327954 3
7 1.328101 3
7 1.327806 3
7 1.225571 3
7 1.22605 3
7 1.225731 3
7 1.22589 3
7 1.359123 3
7 1.359123 3
7 1.359123 3
7 1.358835 3
7 1.635063 3
7 1.635303 3
7 1.635303 3
7 1.635063 3
7 9.108822 3
7 9.108778 3
7 9.108757 3
7 9.108778 3
7 9.135983 3
7 9.13592 3
7 9.135983 3
7 9.135983 3
7 9.135941 3
7 1.828527 3
7 1.82842 3
7 1.828527 3
7 1.828527 3
7 1.828313 3
7 9.260049 3
7 9.259986 3
7 9.260049 3
7 9.259986 3
7 9.383535 3
7 9.383577 3
7 9.383535 3
7 9.383535 3
7 9.383556 3
7 9.273812 3
7 9.273791 3
7 9.273875 3
7 9.273791 3
7 2.557266 3
7 2.557343 3
7 2.557343 3
7 2.557343 3
7 2.604741 3
7 2.604891 3
7 2.604816 3
7 2.604891 3
7 2.452958 3
7 2.452878 3
7 2.452958 3
7 2.452799 3
7 2.11831 3
7 2.11831 3
7 2.118217 3
7 2.118125 3
7 2.358251 3
7 9.346599 3
7 9.346557 3
7 9.346557 3
7 9.346599 3
7 2.789165 3
7 2.789305 3
7 2.789235 3
7 2.789235 3
7 2.11211 3
7 2.11211 3
7 2.112203 3
7 2.112203 3
7 9.710433 3
7 9.710433 3
7 9.710454 3
7 9.710474 3
7 17.47473 3
7 17.47474 3
7 17.47476 3
7 17.4748 3
7 21.25489 3
7 21.25477 3
7 21.25488 3
7 21.2549 3
7 21.10899 3
7 21.10892 3
7 21.10893 3
7 21.10892 3
7 21.1148 3
7 21.11476 3
7 21.11484 3
7 21.11481 3
7 21.11486 3
7 21.08501 3
7 21.0361 3
7 21.03607 3
7 21.03604 3
7 21.03609 3
7 21.05552 3
7 21.05552 3
7 21.05553 3
7 21.05545 3
7 21.11549 3
7 21.11549 3
7 21.11543 3
7 21.11555 3
7 21.23545 3
7 21.23543 3
7 21.23546 3
7 21.23546 3
7 19.94053 3
7 19.94053 3
7 19.94057 3
7 19.94062 3
7 17.47483 3
7 17.47475 3
7 17.47472 3
7 17.47472 3
7 2.409404 3
7 2.409404 3
7 2.409485 3
7 2.409485 3
7 9.747174 3
7 9.747154 3
7 9.747235 3
7 9.747214 3
7 1.980409 3
7 1.980507 3
7 1.980409 3
7 1.980606 3
7 1.949634 3
7 1.949834 3
7 1.949634 3
7 1.949734 3
7 1.918875 3
7 1.918875 3
7 1.918977 3
7 1.919079 3
7 1.921016 3
7 1.920913 3
7 1.921117 3
7 1.920812 3
7 1.920913 3
7 1.945916 3
7 1.946016 3
7 1.946016 3
7 1.945916 3
7 1.789473 3
7 1.789254 3
7 1.789254 3
7 1.789473 3
7 1.788816 3
7 1.789035 3
7 1.789035 3
7 1.788707 3
7 1.841432 3
7 1.841432 3
7 1.841538 3
7 1.841325 3
7 1.840262 3
7 1.840156 3
7 1.840156 3
7 1.84005 3
7 1.794714 3
7 1.794824 3
7 1.794605 3
7 1.794605 3
7 1.831307 3
7 1.8312 3
7 1.8312 3
7 1.831521 3
7 1.809484 3
7 1.809808 3
7 1.809375 3
7 1.8097 3
7 1.809592 3
7 1.79275 3
7 1.79275 3
7 1.79275 3
7 1.792641 3
7 2.289782 3
7 2.289782 3
7 2.289953 3
7 2.289868 3
7 2.307662 3
7 2.307408 3
7 2.307662 3
7 2.307578 3
7 2.747731 3
7 2.747588 3
7 2.747659 3
7 2.747731 3
7 9.121346 3
7 9.121389 3
7 9.121367 3
7 9.121346 3
7 1.93856 3
7 1.93856 3
7 1.93856 3
7 1.938762 3
7 9.098461 3
7 9.098547 3
7 9.098504 3
7 9.098482 3
7 1.665069 3
7 1.664951 3
7 1.664834 3
7 1.664834 3
7 1.902692 3
7 1.902486 3
7 1.902589 3
7 1.902589 3
7 1.902589 3
7 1.775529 3
7 1.775419 3
7 1.77564 3
7 1.77564 3
7 1.843556 3
7 1.843768 3
7 1.84345 3
7 1.843556 3
7 1.755131 3
7 1.755131 3
7 1.755354 3
7 1.75502 3
7 2.032399 3
7 2.032399 3
7 2.032495 3
7 2.032303 3
7 1.924374 3
7 1.805369 3
7 1.805586 3
7 1.805477 3
7 1.805152 3
7 9.170869 3
7 9.170912 3
7 9.170955 3
7 9.170869 3
7 2.115536 3
7 2.115629 3
7 2.115629 3
7 2.115813 3
7 1.643658 3
7 1.643777 3
7 1.643658 3
7 1.64342 3
7 1.807969 3
7 1.979717 3
7 1.97942 3
7 1.979618 3
7 1.97942 3
7 2.171146 3
7 2.171056 3
7 2.171056 3
7 2.171326 3
7 9.166583 3
7 9.166604 3
7 9.166604 3
7 9.166604 3
7 1.967022 3
7 1.966923 3
7 1.967022 3
7 1.967022 3
7 2.137075 3
7 2.136983 3
7 2.137166 3
7 2.136892 3
7 2.142928 3
7 9.163259 3
7 9.163217 3
7 9.163195 3
7 9.163238 3
7 1.852768 3
7 1.852874 3
7 1.852663 3
7 1.852557 3
7 9.07411 3
7 9.07411 3
7 9.074045 3
7 9.074068 3
7 9.161136 3
7 9.161093 3
7 9.161072 3
7 9.161072 3
7 1.758473 3
7 27.3846 4
7 27.38457 4
7 27.38454 4
7 18.15231 4
7 18.15228 4
7 18.15225 4
7 18.15228 4
7 27.26611 4
7 27.31173 4
7 27.31174 4
7 27.31173 4
7 27.3117 4
7 27.28246 4
7 27.28247 4
7 27.28245 4
7 27.28245 4
7 27.11938 4
7 27.11937 4
7 27.11935 4
7 27.11938 4
7 27.06617 4
7 27.06617 4
7 27.06615 4
7 27.06616 4
7 11.62344 4
7 11.62349 4
7 11.62349 4
7 11.62351 4
7 1.501938 4
7 1.501938 4
7 1.501938 4
7 1.501808 4
7 1.530207 4
7 1.530207 4
7 1.530334 4
7 1.530334 4
7 1.506232 4
7 1.505972 4
7 1.505972 4
7 1.506102 4
7 1.519941 4
7 1.519941 4
7 1.520199 4
7 1.519684 4
7 1.531613 4
7 1.531868 4
7 1.531741 4
7 1.531485 4
7 1.531741 4
7 1.624738 4
7 1.624738 4
7 1.624978 4
7 1.624978 4
7 1.703413 4
7 1.703643 4
7 1.703643 4
7 1.703643 4
7 1.736073 4
7 1.73596 4
7 1.73596 4
7 1.736185 4
7 1.73596 4
7 1.712922 4
7 1.712922 4
7 1.712922 4
7 1.713151 4
7 1.629909 4
7 1.629789 4
7 1.629789 4
7 1.629909 4
7 1.643777 4
7 1.643539 4
7 1.643777 4
7 1.643539 4
7 1.622568 4
7 1.622809 4
7 1.622809 4
7 1.622809 4
7 1.65753 4
7 1.657648 4
7 1.657648 4
7 1.65753 4
7 1.721242 4
7 1.721356 4
7 1.721242 4
7 1.721356 4
7 1.714749 4
7 1.714749 4
7 1.714977 4
7 1.714749 4
7 1.692695 4
7 1.692811 4
7 1.692811 4
7 1.692695 4
7 1.789254 4
7 1.789254 4
7 1.789363 4
7 1.789363 4
7 1.789035 4
7 2.051091 4
7 2.051091 4
7 2.0509 4
7 2.051186 4
7 2.176638 4
7 2.176548 4
7 2.176458 4
7 2.176548 4
7 2.130746 4
7 2.130838 4
7 2.130654 4
7 2.130746 4
7 2.125044 4
7 2.133133 4
7 2.133408 4
7 2.133225 4
7 2.133408 4
7 2.15495 4
7 2.155222 4
7 2.155132 4
7 2.155041 4
7 2.212932 4
7 2.212755 4
7 2.212843 4
7 2.212843 4
7 2.254117 4
7 2.254204 4
7 2.254204 4
7 2.254378 4
7 2.184805 4
7 2.184716 4
7 2.184716 4
7 2.184805 4
7 2.086754 4
7 2.086754 4
7 2.086754 4
7 2.086754 4
7 2.119141 4
7 2.118956 4
7 2.118956 4
7 2.119049 4
7 2.13515 4
7 2.135059 4
7 2.135242 4
7 2.13515 4
7 2.144754 4
7 2.144754 4
7 2.144845 4
7 2.144754 4
7 2.117386 4
7 2.105056 4
7 2.104963 4
7 2.10487 4
7 2.104777 4
7 2.169793 4
7 2.169523 4
7 2.169703 4
7 2.169974 4
7 2.167086 4
7 2.167176 4
7 2.167176 4
7 2.167266 4
7 2.157219 4
7 2.15731 4
7 2.15731 4
7 2.157129 4
7 2.15731 4
7 2.115629 4
7 2.115629 4
7 2.115629 4
7 2.081119 4
7 1.926306 4
7 1.926712 4
7 1.92661 4
7 1.926407 4
7 1.819514 4
7 1.819407 4
7 1.819622 4
7 1.819514 4
7 1.928032 4
7 1.927931 4
7 1.927931 4
7 1.927728 4
7 1.967619 4
7 1.967818 4
7 1.967619 4
7 1.967818 4
7 11.62344 4
7 11.62348 4
7 11.62349 4
7 11.62349 4
7 11.62346 4
7 11.62348 4
7 11.62354 4
7 11.62344 4
7 11.62354 4
7 11.62346 4
7 11.62341 4
7 9.025085 4
7 9.02502 4
7 9.025106 4
7 9.025063 4
7 9.025085 4
7 8.916211 4
7 8.916101 4
7 8.916101 4
7 8.916101 4
7 8.818109 4
7 8.818174 4
7 8.818242 4
7 8.818152 4
7 8.818197 4
7 8.853925 4
7 8.854058 4
7 8.853947 4
7 8.85408 4
7 8.90671 4
7 8.906776 4
7 8.906754 4
7 8.906732 4
7 8.91857 4
7 8.918679 4
7 8.918525 4
7 8.91857 4
7 8.918657 4
7 8.943975 4
7 8.944064 4
7 8.944086 4
7 8.944107 4
7 8.968019 4
7 8.967887 4
7 8.967953 4
7 8.967998 4
7 9.010487 4
7 9.010509 4
7 9.010639 4
7 9.010443 4
7 8.978879 4
7 8.978879 4
7 8.978769 4
7 8.978857 4
7 8.934239 4
7 8.934196 4
7 8.934305 4
7 8.934305 4
7 8.881042 4
7 8.880931 4
7 8.880931 4
7 8.881021 4
7 8.880622 4
7 8.880754 4
7 8.880666 4
7 8.880711 4
7 8.828817 4
7 2.230901 4
7 2.230726 4
7 2.230989 4
7 2.230901 4
7 2.217526 4
7 2.217615 4
7 2.217791 4
7 2.217615 4
7 2.220349 4
7 2.220172 4
7 2.220172 4
7 2.220261 4
7 2.224928 4
7 2.224928 4
7 2.225104 4
7 2.224752 4
7 2.205401 4
7 2.205224 4
7 2.205135 4
7 2.205135 4
7 2.096765 4
7 2.096859 4
7 2.096765 4
7 2.096952 4
7 1.979618 4
7 1.97942 4
7 1.979618 4
7 1.979519 4
7 1.952743 4
7 1.96244 4
7 1.96254 4
7 1.96254 4
7 1.96254 4
7 1.968614 4
7 1.968514 4
7 1.968415 4
7 1.968614 4
7 2.048704 4
7 2.048418 4
7 2.048704 4
7 2.048609 4
7 2.075374 4
7 2.075469 4
7 2.075374 4
7 2.075374 4
7 2.105707 4
7 2.106079 4
7 2.1058 4
7 2.105893 4
7 2.102917 4
7 2.102638 4
7 2.102917 4
7 2.102917 4
7 2.197845 4
7 2.198023 4
7 2.198023 4
7 2.197845 4
7 2.198112 4
7 2.060611 4
7 2.060516 4
7 2.060421 4
7 2.060516 4
7 2.060516 4
7 1.928743 4
7 1.928641 4
7 1.928641 4
7 1.928743 4
7 1.781581 4
7 1.781911 4
7 1.781691 4
7 1.781801 4
7 1.820052 4
7 1.820267 4
7 1.820374 4
7 1.820159 4
7 1.254762 4
7 1.254762 4
7 1.254918 4
7 1.25445 4
7 1.214665 4
7 1.214343 4
7 1.214504 4
7 1.214504 4
7 1.60876 4
7 1.608638 4
7 1.609003 4
7 1.60876 4
7 1.579296 4
7 1.5788 4
7 1.578924 4
7 1.579172 4
7 1.579172 4
7 1.579296 4
7 1.579296 4
7 1.579048 4
7 1.506362 4
7 1.506362 4
7 1.506362 4
7 1.506752 4
7 1.416789 4
7 1.416927 4
7 1.416927 4
7 1.417065 4
7 1.346248 4
7 1.346248 4
7 1.346539 4
7 1.346393 4
7 1.43395 4
7 1.433677 4
7 1.433814 4
7 1.433814 4
7 1.506362 4
7 1.506232 4
7 1.506362 4
7 1.506492 4
7 1.506362 4
7 1.303863 4
7 1.304013 4
7 1.304013 4
7 1.303713 4
7 1.141239 4
7 1.141067 4
7 1.141067 4
7 1.141239 4
7 1.125006 4
7 1.125353 4
7 1.125006 4
7 1.125179 4
7 1.192718 4
7 1.192718 4
7 1.192554 4
7 1.192718 4
7 1.954546 4
7 1.954546 4
7 1.954546 4
7 1.954546 4
7 2.056047 4
7 2.055761 4
7 2.055951 4
7 2.055951 4
7 2.069236 4
7 2.069992 4
7 2.070181 4
7 2.069992 4
7 2.070087 4
7 2.07462 4
7 2.074526 4
7 2.074431 4
7 2.074526 4
7 2.068763 4
7 2.068573 4
7 2.068573 4
7 2.068479 4
7 2.071882 4
7 2.071693 4
7 2.071788 4
7 2.071788 4
7 2.034517 4
7 2.03442 4
7 2.034517 4
7 2.034324 4
7 2.075752 4
7 2.075563 4
7 2.075374 4
7 2.075374 4
7 2.106543 4
7 2.106636 4
7 2.106729 4
7 2.106636 4
7 2.094898 4
7 2.094898 4
7 2.094898 4
7 2.094991 4
7 2.094991 4
7 2.1368 4
7 2.136708 4
7 2.136708 4
7 2.136433 4
7 2.266672 4
7 2.266759 4
7 2.266845 4
7 2.266586 4
7 2.245156 4
7 2.245069 4
7 2.245069 4
7 2.245069 4
7 2.232042 4
7 2.232129 4
7 2.232217 4
7 2.232392 4
7 2.16564 4
7 2.165731 4
7 2.165731 4
7 2.165911 4
7 2.166002 4
7 2.094711 4
7 2.094711 4
7 2.094617 4
7 2.094524 4
7 2.001152 4
7 2.001054 4
7 2.00125 4
7 2.000858 4
7 1.952943 4
7 1.953244 4
7 1.953244 4
7 1.953144 4
7 1.908033 4
7 1.908033 4
7 1.908033 4
7 1.908136 4
7 1.991937 4
7 1.992036 4
7 1.991937 4
7 1.991937 4
7 1.992134 4
7 2.074337 4
7 2.074526 4
7 2.074526 4
7 2.074431 4
7 2.000565 4
7 2.000663 4
7 2.000565 4
7 2.000663 4
7 1.849068 4
7 1.84928 4
7 1.849068 4
7 1.849068 4
7 1.793951 4
7 1.79406 4
7 1.79406 4
7 1.794169 4
7 1.806019 4
7 1.806236 4
7 1.806128 4
7 1.806019 4
7 1.856146 4
7 1.856251 4
7 1.856146 4
7 1.85604 4
7 1.815638 4
7 1.815422 4
7 1.81553 4
7 1.815422 4
7 1.81553 4
7 1.800593 4
7 1.800702 4
7 1.800702 4
7 1.800593 4
7 1.804393 4
7 1.804393 4
7 1.804176 4
7 1.804393 4
7 1.776301 4
7 1.776411 4
7 1.776191 4
7 1.776191 4
7 1.683304 4
7 1.683188 4
7 1.683072 4
7 1.683072 4
7 1.620758 4
7 1.620396 4
7 1.620758 4
7 1.620637 4
7 1.620396 4
7 1.645681 4
7 1.645562 4
7 1.645681 4
7 1.645919 4
7 1.520842 4
7 1.5211 4
7 1.520971 4
7 1.5211 4
7 1.555196 4
7 1.555322 4
7 1.555322 4
7 1.555322 4
7 1.504542 4
7 1.504412 4
7 1.504282 4
7 1.504412 4
7 1.515687 4
7 1.515687 4
7 1.515816 4
7 1.515687 4
7 1.567355 4
7 1.56748 4
7 1.567355 4
7 1.567355 4
7 1.659064 4
7 1.659182 4
7 1.659418 4
7 1.659182 4
7 1.648889 4
7 1.662128 4
7 1.662128 4
7 1.661893 4
7 1.66201 4
7 1.630869 4
7 1.630869 4
7 1.630749 4
7 1.630869 4
7 1.591024 4
7 1.590901 4
7 1.590778 4
7 1.590901 4
7 1.533783 4
7 1.533783 4
7 1.533656 4
7 1.533911 4
7 1.533656 4
7 1.431491 4
7 1.431902 4
7 1.431491 4
7 1.431628 4
7 1.469004 4
7 1.468604 4
7 1.469004 4
7 1.468737 4
7 1.468737 4
7 1.436677 4
7 1.436677 4
7 1.436677 4
7 1.434359 4
7 1.420375 4
7 1.420238 4
7 1.420375 4
7 1.420238 4
7 1.328838 4
7 1.328691 4
7 1.328985 4
7 1.328691 4
7 1.367735 4
7 1.367449 4
7 1.367735 4
7 1.367735 4
7 1.416512 4
7 1.416512 4
7 1.416512 4
7 1.416374 4
7 1.436132 4
7 1.436132 4
7 1.435859 4
7 1.435996 4
7 1.42615 4
7 1.426287 4
7 1.426013 4
7 1.426287 4
7 1.42464 4
7 1.424503 4
7 1.424777 4
7 1.424365 4
7 1.424503 4
7 1.399277 4
7 1.399137 4
7 1.398997 4
7 1.398997 4
7 1.399137 4
7 1.994196 4
7 1.994392 4
7 1.994294 4
7 1.994294 4
7 2.012173 4
7 2.012173 4
7 2.012367 4
7 2.012173 4
7 2.107472 4
7 2.107751 4
7 2.107379 4
7 2.107379 4
7 2.060326 4
7 2.060326 4
7 2.060231 4
7 2.060421 4
7 2.060136 4
7 8.404758 4
7 8.404758 4
7 8.404736 4
7 8.404736 4
7 6.007336 4
7 6.007303 4
7 6.007303 4
7 6.007238 4
7 11.62349 4
7 11.62356 4
7 11.62344 4
7 11.62349 4
7 11.62344 4
7 20.56709 4
7 20.56702 4
7 20.56715 4
7 20.56701 4
7 20.56705 4
7 26.60277 4
7 26.6157 4
7 26.61572 4
7 26.61567 4
7 26.61565 4
7 26.60373 4
7 26.60374 4
7 26.60369 4
7 26.6037 4
7 26.62981 4
7 26.62983 4
7 26.62974 4
7 26.62985 4
7 26.63425 4
7 26.63428 4
7 26.63425 4
7 26.63434 4
7 26.81668 4
7 26.81673 4
7 26.81669 4
7 26.81663 4
7 22.14265 4
7 22.14275 4
7 22.14284 4
7 22.14271 4
7 22.07719 4
7 22.07719 4
7 22.07719 4
7 22.07718 4
7 21.95198 4
7 21.95192 4
7 21.95201 4
7 21.95202 4
7 21.86119 4
7 21.86118 4
7 21.86111 4
7 21.86115 4
7 21.65521 4
7 21.6553 4
7 21.65524 4
7 21.65527 4
7 21.65523 4
7 11.62349 4
7 11.62349 4
7 11.62353 4
7 11.62346 4
7 11.62346 4
7 11.62346 4
7 11.62346 4
7 11.62348 4
7 17.45436 4
7 17.4543 4
7 17.45435 4
7 17.45437 4
7 11.21247 4
7 11.2125 4
7 11.21249 4
7 11.21252 4
7 11.21245 4
7 14.44943 4
7 14.44948 4
7 14.44953 4
7 14.4495 4
7 14.59409 4
7 14.59402 4
7 14.59406 4
7 14.59406 4
7 14.52109 4
7 14.521 4
7 14.52113 4
7 14.52103 4
7 14.20672 4
7 14.20675 4
7 14.20671 4
7 14.20678 4
7 11.62346 4
7 11.62348 4
7 11.62349 4
7 11.62348 4
7 12.66129 4
7 12.66134 4
7 12.66126 4
7 12.66118 4
7 12.66132 4
7 11.62359 4
7 11.62353 4
7 11.62353 4
7 11.62353 4
7 11.62354 4
7 11.62346 4
7 11.62349 4
7 11.62349 4
7 11.62346 4
7 11.62356 4
7 11.62344 4
7 11.62344 4
7 11.62351 4
7 11.62344 4
7 11.62349 4
7 11.62353 4
7 11.62358 4
7 11.62349 4
7 11.62346 4
7 11.62346 4
7 11.62348 4
7 11.62344 4
7 11.62356 4
7 11.62344 4
7 11.62351 4
7 11.62342 4
7 11.62346 4
7 11.62344 4
7 11.62351 4
7 11.62346 4
7 11.62351 4
7 11.62349 4
7 11.62348 4
7 11.62342 4
7 11.83578 4
7 11.83598 4
7 11.83596 4
7 11.83609 4
7 11.62348 4
7 11.62354 4
7 11.62351 4
7 11.62342 4
7 11.62341 4
7 11.62356 4
7 11.62349 4
7 11.62348 4
7 11.62354 4
7 19.47458 4
7 12.05125 4
7 12.05122 4
7 12.05133 4
7 12.05125 4
7 11.62348 4
7 11.62344 4
7 11.62344 4
7 11.62344 4
7 11.62349 4
7 11.62339 4
7 11.62358 4
7 11.62349 4
7 11.62351 4
7 11.62351 4
7 11.62351 4
7 11.62342 4
7 11.62351 4
7 11.62349 4
7 11.62342 4
7 11.62351 4
7 11.62344 4
7 11.62351 4
7 11.62349 4
7 11.62349 4
7 11.62349 4
7 11.62348 4
7 11.62353 4
7 11.62351 4
7 11.62348 4
7 14.69163 4
7 14.69159 4
7 14.69152 4
7 14.69151 4
7 14.43614 4
7 14.43619 4
7 14.43614 4
7 14.43614 4
7 14.30626 4
7 19.87031 4
7 19.8703 4
7 19.87036 4
7 19.87036 4
7 19.01668 4
7 19.01665 4
7 19.0167 4
7 19.01667 4
7 19.01665 4
7 19.0167 4
7 16.10917 4
7 16.10914 4
7 16.10923 4
7 16.10919 4
7 16.07911 4
7 16.07912 4
7 16.07909 4
7 16.07904 4
7 16.07915 4
7 15.99517 4
7 15.99513 4
7 15.99524 4
7 15.99522 4
7 15.83835 4
7 15.83837 4
7 15.8384 4
7 15.83836 4
7 15.83835 4
7 16.11614 4
7 16.11624 4
7 16.11613 4
7 16.11617 4
7 16.01205 4
7 16.01206 4
7 16.01208 4
7 16.01209 4
7 21.7538 4
7 21.91145 4
7 21.91151 4
7 21.91146 4
7 21.91145 4
7 22.15317 4
7 22.15311 4
7 22.1531 4
7 22.15307 4
7 16.89165 4
7 16.89166 4
7 16.89161 4
7 16.8916 4
7 17.61645 4
7 17.6165 4
7 17.61643 4
7 17.61649 4
7 12.98262 4
7 12.98259 4
7 12.98258 4
7 12.98259 4
7 19.00036 4
7 19.00033 4
7 19.00035 4
7 19.0003 4
7 18.3767 4
7 18.37673 4
7 18.37658 4
7 18.3767 4
7 18.47531 4
7 18.47531 4
7 18.47532 4
7 18.47524 4
7 18.09262 4
7 18.09262 4
7 18.09269 4
7 18.09259 4
7 18.16151 4
7 18.1615 4
7 18.16146 4
7 18.16143 4
7 18.25421 4
7 12.79933 4
7 12.79933 4
7 12.7993 4
7 12.7993 4
7 18.82968 4
7 18.82961 4
7 18.8297 4
7 18.82966 4
7 19.27526 4
7 19.27513 4
7 19.27523 4
7 19.27518 4
7 19.4196 4
7 19.41954 4
7 19.41944 4
7 19.4195 4
7 13.05754 4
7 13.05757 4
7 13.05763 4
7 13.05766 4
7 18.42733 4
7 18.42733 4
7 18.42737 4
7 18.42731 4
7 12.71622 4
7 12.54928 4
7 12.54924 4
7 12.5492 4
7 12.54928 4
7 17.30954 4
7 17.30953 4
7 17.3095 4
7 17.30945 4
7 17.28358 4
7 17.28366 4
7 17.28364 4
7 17.2836 4
7 8.085924 4
7 8.085924 4
7 8.085924 4
7 8.085924 4
7 12.60794 4
7 12.60797 4
7 12.60796 4
7 12.60797 4
7 19.20946 4
7 19.2095 4
7 19.20943 4
7 19.2095 4
7 19.20943 4
7 13.39397 4
7 13.3939 4
7 13.39405 4
7 13.39402 4
7 17.28938 4
7 17.28931 4
7 17.2894 4
7 17.28939 4
7 19.46906 4
7 19.46907 4
7 19.46905 4
7 19.46913 4
7 20.03707 4
7 20.03706 4
7 20.03701 4
7 20.03703 4
7 20.67737 4
7 20.67735 4
7 20.67741 4
7 20.67738 4
7 21.09696 4
7 21.09696 4
7 21.09696 4
7 21.09694 4
7 21.09698 4
7 14.31113 4
7 14.3111 4
7 14.31112 4
7 14.31105 4
7 19.85643 4
7 19.85644 4
7 19.85645 4
7 19.85639 4
7 13.99677 4
7 13.99675 4
7 13.99677 4
7 13.99677 4
7 19.72244 4
7 19.72242 4
7 19.72248 4
7 19.72248 4
7 14.35954 4
7 14.35949 4
7 14.35946 4
7 14.35947 4
7 20.04754 4
7 20.04755 4
7 20.04757 4
7 20.04757 4
7 14.01088 4
7 14.01088 4
7 14.01102 4
7 14.01094 4
7 20.09656 4
7 20.09654 4
7 20.09651 4
7 20.09658 4
7 20.13749 4
7 11.62344 4
7 11.62351 4
7 11.62344 4
7 11.62354 4
7 11.62346 4
7 11.62353 4
7 11.62346 4
7 11.62351 4
7 17.49823 4
7 17.49823 4
7 17.49823 4
7 17.49822 4
7 17.82959 4
7 17.82955 4
7 17.82955 4
7 17.82949 4
7 11.62348 4
7 11.62341 4
7 11.62346 4
7 11.62342 4
7 11.62344 4
7 14.24777 4
7 14.24784 4
7 14.24771 4
7 14.24777 4
7 14.17952 4
7 14.17952 4
7 14.17949 4
7 14.17952 4
7 21.29302 4
7 21.293 4
7 21.29295 4
7 21.29301 4
7 20.34533 4
7 20.34531 4
7 20.34534 4
7 20.34532 4
7 20.34527 4
7 17.45774 4
7 17.45774 4
7 17.45774 4
7 17.45768 4
7 11.62356 4
7 11.62351 4
7 11.62351 4
7 11.62346 4
7 17.12586 4
7 17.12586 4
7 17.12588 4
7 17.12584 4
7 19.38457 4
7 19.38451 4
7 19.38462 4
7 19.3846 4
7 23.72285 4
7 23.72282 4
7 23.72283 4
7 23.72285 4
7 23.72285 4
7 11.62351 4
7 11.62349 4
7 11.62344 4
7 11.62351 4
7 11.62344 4
7 11.62348 4
7 11.62349 4
7 11.62349 4
7 11.62349 4
7 19.26816 4
7 19.26826 4
7 19.26817 4
7 19.26814 4
7 19.26819 4
7 22.87134 4
7 22.87135 4
7 22.87134 4
7 22.87132 4
7 22.87135 4
7 22.76325 4
7 22.7632 4
7 22.76321 4
7 22.76329 4
7 23.12406 4
7 23.12415 4
7 23.12412 4
7 23.12413 4
