pcIndex middleAcc leftAcc leftCon rightAcc rightCon caliIndex
1 5.510893 6.392061 1 4.667575 0.88235 0
1 5.510787 6.39203 1 4.667533 0.88235 0
1 5.68834 6.590826 0.8589354 4.811411 0.6806157 0
1 5.68834 6.590856 0.8589354 4.811533 0.6806157 0
1 5.909462 6.880625 1 4.965976 0.6904525 0
1 5.909528 6.880682 1 4.966055 0.6904525 0
1 6.174031 7.138255 1 5.237159 0.6638515 0
1 6.174158 7.138283 1 5.237234 0.6638515 0
1 6.535611 7.563303 1 5.534526 0.7632189 0
1 6.535761 7.563484 1 5.534703 0.7632189 0
1 6.910378 7.985369 0.9521353 5.857355 0.6790847 0
1 6.910293 7.98532 0.9521353 5.857255 0.6790847 0
1 7.396507 8.52657 1 6.28943 0.717452 0
1 7.396587 8.526639 1 6.28943 0.717452 0
1 7.887249 9.049674 0.8396737 6.751685 0.5570456 0
1 7.887174 9.049609 0.8396737 6.751714 0.5570456 0
1 7.887198 9.04963 0.8396737 6.751685 0.5570456 0
1 8.486676 9.583408 0.9468975 7.424045 0.6949518 0
1 8.486607 9.583326 0.9468975 7.423966 0.6949518 0
1 8.675117 9.619731 0.657043 7.756839 0.4836169 0
1 8.675049 9.619609 0.657043 7.756763 0.4836169 0
1 6.35138 9.619669 0.657043 4.126921 0.4575038 0
1 6.351442 9.619772 0.657043 4.126874 0.4575038 0
1 4.207147 4.290716 0.8970276 4.126826 0.4575038 0
1 4.20724 4.29067 0.8970276 4.126921 0.4575038 0
1 5.054469 4.4074 0.8920025 6.1201 0.3727974 0
1 5.054701 4.407578 0.8920025 6.120325 0.3727974 0
1 4.98908 4.581035 0.8304017 5.843886 0.3676493 0
1 4.989002 4.581035 0.8304017 5.843652 0.3676493 0
1 4.949972 4.730937 0.9121059 5.612412 0.33623 0
1 4.949933 4.730978 0.9121059 5.612412 0.33623 0
1 4.933202 4.709023 0.997862 5.624482 0.2470567 0
1 4.933083 4.708816 0.997862 5.624412 0.2470567 0
1 4.933242 4.709149 0.997862 5.624586 0.2470567 0
1 4.740782 4.522511 0.9150347 5.43235 0.4471067 0
1 4.740782 4.522596 0.9150347 5.43235 0.4471067 0
1 4.339192 3.960519 0.3992085 5.081877 0.3131111 0
1 4.339056 3.960371 0.3992085 5.081646 0.3131111 0
1 7.773294 2.486797 0.7783557 16.87403 0 0
1 7.77337 2.486876 0.7783557 16.87413 0 0
1 2.383102 2.242801 0.8075868 2.52445 0.5183887 0
1 2.383431 2.242888 0.8075868 2.52476 0.5183887 0
1 2.183013 1.966127 0.6461929 2.399799 0.5089483 0
1 2.183371 1.966226 0.6461929 2.400125 0.5089483 0
1 2.173398 1.947223 0.7464283 2.400043 0.5089483 0
1 2.173218 1.947122 0.7464283 2.400043 0.5089483 0
1 2.173218 1.947022 0.7464283 2.399962 0.5089483 0
1 2.102823 1.894136 0.718372 2.311899 0.5027232 0
1 2.102917 1.894032 0.718372 2.311984 0.5027232 0
1 2.04028 1.757137 0.706243 2.322963 0.5561467 0
1 2.04028 1.757137 0.706243 2.323047 0.5561467 0
1 2.055761 1.723969 0.6133757 2.388681 0.6245698 0
1 2.055666 1.724196 0.6133757 2.388763 0.6245698 0
1 2.095084 1.724423 0.6133757 2.469024 0.4757045 0
1 2.082435 1.699733 0.6146758 2.468945 0.4757045 0
1 2.082341 1.699618 0.6146758 2.469024 0.4757045 0
1 2.03932 1.677481 0.6473309 2.40851 0.7074611 0
1 2.039129 1.677131 0.6473309 2.408266 0.7074611 0
1 2.06175 1.663423 0.6677586 2.471243 0.6287768 0
1 2.06194 1.66354 0.6677586 2.471322 0.6287768 0
1 2.098818 1.694197 0.7642314 2.517695 0.5443709 0
1 2.098631 1.693966 0.7642314 2.51754 0.5443709 0
1 2.153587 1.828634 0.8789801 2.494969 0.5913476 0
1 2.153678 1.828634 0.8789801 2.494969 0.5913476 0
1 2.163832 1.907418 0.8000763 2.441602 0.4717739 0
1 2.163651 1.90711 0.8000763 2.441521 0.4717739 0
1 2.198557 1.907315 0.8000763 2.509675 0.5378079 0
1 2.205668 1.941586 0.8011371 2.509675 0.5378079 0
1 2.205579 1.941385 0.8011371 2.509519 0.5378079 0
1 2.314099 2.167718 0.5706922 2.580051 0.2651589 0
1 2.314353 2.167898 0.5706922 2.580127 0.2651589 0
1 8.684599 3.796327 0.8821961 16.87397 0 0
1 8.684667 3.796379 0.8821961 16.87406 0 0
1 16.82071 16.77164 0 16.874 0 0
1 16.8209 16.77184 0 16.87422 0 0
1 16.82081 16.77177 0 16.87413 0 0
1 16.82059 16.77156 0 16.87389 0 0
1 7.85283 4.649663 0.8668232 16.87398 0 0
1 7.85263 4.649368 0.8668232 16.87389 0 0
1 7.981114 4.421731 0.706611 16.87402 0 0
1 7.981041 4.421864 0.706611 16.87387 0 0
1 8.081553 4.161654 0.6793048 16.87413 0 0
1 8.081577 4.161419 0.6793048 16.87413 0 0
1 3.048189 4.03148 0.697136 2.420426 0.6653918 0
1 3.047932 4.031286 0.697136 2.420346 0.6653918 0
1 3.047996 4.031384 0.697136 2.420346 0.6653918 0
1 3.014283 3.94918 0.7972437 2.436224 0.2710717 0
1 3.014478 3.94928 0.7972437 2.436385 0.2710717 0
1 3.019021 3.770865 0.7144331 2.536053 0.2687533 0
1 3.019215 3.770968 0.7144331 2.53613 0.2687533 0
1 3.066884 3.698617 0.6895837 2.625996 0.2891065 0
1 3.066884 3.69867 0.6895837 2.625847 0.2891065 0
1 3.191016 3.564966 0.832873 2.904612 0.5023271 0
1 3.190955 3.564802 0.832873 2.904342 0.5023271 0
1 3.191078 3.564857 0.832873 2.904477 0.5023271 0
1 3.307129 3.525201 0.5510432 3.142425 0.5857037 0
1 3.306892 3.52509 0.5510432 3.142301 0.5857037 0
1 3.256782 3.397823 0.7005931 3.169039 0.5035658 0
1 3.256843 3.397996 0.7005931 3.168915 0.5035658 0
1 3.297881 3.424284 0.766968 3.215463 0.5256251 0
1 3.298059 3.424341 0.766968 3.215585 0.5256251 0
1 3.381188 3.467691 0.7898018 3.336539 0.6909655 0
1 3.381188 3.467635 0.7898018 3.336715 0.6909655 0
1 3.455758 3.512961 0.7315457 3.44202 0.4712082 0
1 3.455588 3.512793 0.7315457 3.441849 0.4712082 0
1 3.534519 3.638411 0.7163603 3.478403 0.6163576 0
1 3.534464 3.63825 0.7163603 3.478346 0.6163576 0
1 3.534575 3.638411 0.7163603 3.478459 0.6163576 0
1 3.63254 3.724153 0.7225747 3.58605 0.5940132 0
1 3.632594 3.724258 0.7225747 3.58605 0.5940132 0
1 3.695546 3.740312 0.6728872 3.69088 0.7773889 0
1 3.695864 3.740469 0.6728872 3.691198 0.7773889 0
1 3.646958 3.652323 0.7672518 3.6777 0.5939497 0
1 3.64685 3.652216 0.7672518 3.677647 0.5939497 0
1 3.627848 3.569248 0.6046151 3.722417 0.6101986 0
1 3.627848 3.569248 0.6046151 3.722417 0.6101986 0
1 3.604566 3.549555 0.7232894 3.712884 0.6280932 0
1 3.604566 3.54961 0.7232894 3.71299 0.6280932 0
1 3.541105 3.456041 0.7328221 3.673491 0.6399408 0
1 3.541216 3.456154 0.7328221 3.673704 0.6399408 0
1 3.490932 3.399264 0.7077385 3.636473 0.6054389 0
1 3.4911 3.399321 0.7077385 3.63642 0.6054389 0
1 3.491044 3.399379 0.7077385 3.636473 0.6054389 0
1 3.474347 3.400473 0.7200601 3.604185 0.62986 0
1 3.474291 3.400473 0.7200601 3.604131 0.62986 0
1 3.41455 3.297347 0.8198664 3.585886 0.5805975 0
1 3.414607 3.297466 0.8198664 3.585886 0.5805975 0
1 3.407375 3.252451 0.6173358 3.604077 0.5869474 0
1 3.40749 3.252512 0.6173358 3.604131 0.5869474 0
1 3.36703 3.216011 0.8104721 3.549389 0.5182081 0
1 3.367204 3.216133 0.8104721 3.549721 0.5182081 0
1 3.396037 3.1912 0.8309613 3.617146 0.648342 0
1 3.396037 3.191139 0.8309613 3.617092 0.648342 0
1 3.333604 3.139059 0.7223437 3.542929 0.5326309 0
1 3.333369 3.138747 0.7223437 3.542598 0.5326309 0
1 3.322839 3.149271 0.7218854 3.514911 0.5645437 0
1 3.322721 3.149271 0.7218854 3.514799 0.5645437 0
1 3.297525 3.138498 0.7366115 3.469441 0.7101412 0
1 3.297525 3.13856 0.7366115 3.469441 0.7101412 0
1 3.299484 3.13856 0.7366115 3.475756 0.4417916 0
1 3.321896 3.178846 0.758849 3.4757 0.4417916 0
1 3.321719 3.178661 0.758849 3.475587 0.4417916 0
1 3.292891 3.172249 0.7581195 3.427998 0.6253338 0
1 3.292891 3.172188 0.7581195 3.427884 0.6253338 0
1 3.219054 3.105956 0.7906923 3.342988 0.6477651 0
1 3.21881 3.105767 0.7906923 3.342695 0.6477651 0
1 3.209369 3.056206 0.6936728 3.378291 0.5087611 0
1 3.20943 3.056206 0.6936728 3.378407 0.5087611 0
1 3.192305 3.017788 0.7852279 3.383909 0.5634357 0
1 3.192243 3.017723 0.7852279 3.383851 0.5634357 0
1 3.192243 3.017853 0.7852279 3.383851 0.5634357 0
1 3.202774 3.022909 0.8002343 3.403235 0.5181409 0
1 3.202591 3.022714 0.8002343 3.403005 0.5181409 0
1 3.193163 3.047354 0.7373609 3.366274 0.4331506 0
1 3.193102 3.047482 0.7373609 3.366099 0.4331506 0
1 3.169656 2.99722 0.783363 3.369646 0.5034659 0
1 3.169471 2.997089 0.783363 3.369413 0.5034659 0
1 3.149768 2.997154 0.783363 3.331313 0.5511548 0
1 3.151073 3.000483 0.7324989 3.331195 0.5511548 0
1 3.151073 3.000483 0.7324989 3.331313 0.5511548 0
1 3.148151 2.968079 0.7402886 3.350709 0.4431576 0
1 3.148276 2.96821 0.7402886 3.350826 0.4431576 0
1 3.135003 2.961344 0.77425 3.339941 0.6285112 0
1 3.13494 2.961542 0.77425 3.339941 0.6285112 0
1 3.135128 2.943973 0.8124241 3.348254 0.5784802 0
1 3.135003 2.943907 0.8124241 3.348313 0.5784802 0
1 3.149022 2.966363 0.7466198 3.360977 0.6250796 0
1 3.149022 2.966297 0.7466198 3.360861 0.6250796 0
1 3.082991 2.963128 0.7629248 3.226222 0.553277 0
1 3.083055 2.96326 0.7629248 3.226222 0.553277 0
1 3.082991 2.963194 0.7629248 3.226161 0.553277 0
1 3.083309 2.963524 0.7629248 3.226465 0.553277 0
1 3.083182 2.963326 0.7629248 3.226222 0.553277 0
1 3.083309 2.963326 0.7629248 3.226525 0.553277 0
1 3.131504 3.008302 0.6852479 3.302923 0.5968859 0
1 3.131379 3.008368 0.6852479 3.302983 0.5968859 0
1 3.131379 3.008172 0.6852479 3.302864 0.5968859 0
1 3.146659 2.98485 0.7427642 3.349599 0.620346 0
1 3.146596 2.984784 0.7427642 3.349599 0.620346 0
1 3.184015 3.01662 0.8523239 3.378234 0.6617522 0
1 3.184015 3.01662 0.8523239 3.378234 0.6617522 0
1 3.173545 3.033833 0.7615389 3.343514 0.5233143 0
1 3.173545 3.033897 0.7615389 3.343632 0.5233143 0
1 3.146659 3.027438 0.8176306 3.299306 0.5122523 0
1 3.146534 3.027309 0.8176306 3.299365 0.5122523 0
1 3.159759 3.072369 0.6284506 3.289441 0.6488765 0
1 3.159759 3.072305 0.6284506 3.289381 0.6488765 0
1 3.167432 3.073388 0.7143611 3.299781 0.5482986 0
1 3.167432 3.073516 0.7143611 3.299899 0.5482986 0
1 3.189666 3.086799 0.6902025 3.32949 0.4595281 0
1 3.189789 3.086735 0.6902025 3.32949 0.4595281 0
1 3.2261 3.112441 0.8278797 3.369064 0.5151453 0
1 3.22604 3.112504 0.8278797 3.369122 0.5151453 0
1 3.226161 3.112567 0.8278797 3.369297 0.5151453 0
1 3.208637 3.089081 0.7931597 3.372259 0.4857599 0
1 3.208759 3.089144 0.7931597 3.372317 0.4857599 0
1 3.244134 3.048574 0.7627689 3.478459 0.5783671 0
1 3.244134 3.04851 0.7627689 3.478459 0.5783671 0
1 3.216985 3.08134 0.7206761 3.397189 0.5570686 0
1 3.216985 3.081403 0.7206761 3.397305 0.5570686 0
1 3.228527 3.100215 0.7208051 3.420622 0.5670514 0
1 3.228527 3.100152 0.7208051 3.420565 0.5670514 0
1 3.24938 3.141366 0.8133166 3.411165 0.4301409 0
1 3.285689 3.141304 0.8133166 3.471134 0.5798204 0
1 3.28557 3.141117 0.8133166 3.470908 0.5798204 0
1 3.300433 3.115899 0.7460032 3.515189 0.5637956 0
1 3.300433 3.115647 0.7460032 3.515078 0.5637956 0
1 3.324017 3.200879 0.7760207 3.47615 0.5956652 0
1 3.324135 3.201001 0.7760207 3.47615 0.5956652 0
1 3.381246 3.280799 0.6952589 3.50861 0.6079812 0
1 3.381304 3.280859 0.6952589 3.508555 0.6079812 0
1 3.381188 3.280859 0.6952589 3.502914 0.4892852 0
1 3.404903 3.324253 0.7384746 3.50297 0.4892852 0
1 3.404961 3.324253 0.7384746 3.50297 0.4892852 0
1 3.421309 3.342988 0.7583008 3.519142 0.5206059 0
1 3.421252 3.342988 0.7583008 3.519253 0.5206059 0
1 3.440825 3.359171 0.7166083 3.534575 0.4686316 0
1 3.440768 3.359171 0.7166083 3.53463 0.4686316 0
1 3.392749 3.267525 0.7139715 3.528143 0.4555874 0
1 3.392864 3.267705 0.7139715 3.528254 0.4555874 0
1 3.419248 3.294139 0.7714897 3.561724 0.4273701 0
1 3.419363 3.294199 0.7714897 3.561834 0.4273701 0
1 3.420336 3.278412 0.8295378 3.581569 0.5105791 0
1 3.420451 3.278591 0.8295378 3.581733 0.5105791 0
1 3.392922 3.266686 0.8232529 3.546299 0.5485135 0
1 3.392922 3.266626 0.8232529 3.546299 0.5485135 0
1 3.392922 3.266746 0.8232529 3.546354 0.5485135 0
1 3.372201 3.308846 0.8212486 3.469498 0.6773333 0
1 3.372143 3.308668 0.8212486 3.469328 0.6773333 0
1 3.394883 3.331783 0.7724468 3.496144 0.5616682 0
1 3.394883 3.331841 0.7724468 3.496144 0.5616682 0
1 3.411108 3.344276 0.8013589 3.518196 0.4750364 0
1 3.411051 3.3441 0.8013589 3.518196 0.4750364 0
1 3.472713 3.430795 0.8211258 3.565406 0.4770129 0
1 3.4726 3.430738 0.8211258 3.565351 0.4770129 0
1 3.503529 3.409213 0.7617344 3.641047 0.5421712 0
1 3.503641 3.409156 0.7617344 3.641101 0.5421712 0
1 3.481384 3.464472 0.7368263 3.552422 0.6922439 0
1 3.481497 3.464641 0.7368263 3.552532 0.6922439 0
1 3.501908 3.401682 0.8120971 3.643735 0.6970571 0
1 3.502019 3.401682 0.8120971 3.643682 0.6970571 0
1 3.50174 3.401394 0.8120971 3.643628 0.6970571 0
1 3.463454 3.34287 0.8344956 3.622717 0.5508912 0
1 3.463398 3.34287 0.8344956 3.622663 0.5508912 0
1 3.375567 3.224583 0.8076883 3.555342 0.4945874 0
1 3.375625 3.224583 0.8076883 3.555452 0.4945874 0
1 3.207538 3.114265 0.8973531 3.340878 0.4654607 0
1 3.207538 3.11439 0.8973531 3.34082 0.4654607 0
1 3.207416 3.114265 0.8973531 3.340878 0.4654607 0
1 3.068543 2.891034 0.7672714 3.279546 0.5807191 0
1 3.068352 2.890899 0.7672714 3.279427 0.5807191 0
1 3.009799 2.89117 0.7672714 3.16366 0.7033837 0
1 3.009604 2.890899 0.7672714 3.163598 0.7033837 0
1 2.922618 2.755201 0.8878161 3.129128 0.422349 0
1 2.922953 2.755556 0.8878161 3.129315 0.422349 0
1 2.866213 2.694353 0.8181366 3.082229 0.5110676 0
1 2.866282 2.694281 0.8181366 3.082293 0.5110676 0
1 2.79183 2.640787 0.794449 2.97789 0.5312133 0
1 2.79197 2.640639 0.794449 2.97789 0.5312133 0
1 2.796244 2.64782 0.7327358 2.993364 0.6102636 0
1 2.796174 2.647967 0.7327358 2.993298 0.6102636 0
1 2.813203 2.64782 0.7327358 3.031316 0.55731 0
1 2.837384 2.685038 0.7384655 3.031316 0.55731 0
1 2.837315 2.685038 0.7384655 3.031445 0.55731 0
1 2.88052 2.753282 0.7269718 3.042853 0.5649513 0
1 2.880316 2.753211 0.7269718 3.042725 0.5649513 0
1 2.89604 2.753068 0.8454508 3.077462 0.5038258 0
1 2.895905 2.752855 0.8454508 3.077399 0.5038258 0
1 2.933048 2.793723 0.8410594 3.100341 0.5469372 0
1 2.932915 2.793442 0.8410594 3.100341 0.5469372 0
1 2.926032 2.80079 0.7758235 3.089715 0.5877433 0
1 2.9263 2.80093 0.7758235 3.089905 0.5877433 0
1 2.902455 2.754348 0.7533988 3.081149 0.5174306 0
1 2.902455 2.754277 0.7533988 3.081023 0.5174306 0
1 2.888731 2.726347 0.8036522 3.077462 0.5504229 0
1 2.888799 2.726419 0.8036522 3.077335 0.5504229 0
1 2.894553 2.726275 0.8036522 3.092122 0.5826014 0
1 2.873375 2.686714 0.7428697 3.092185 0.5826014 0
1 2.873239 2.686714 0.7428697 3.092185 0.5826014 0
1 2.839039 2.666384 0.6355416 3.040279 0.483582 0
1 2.839177 2.666384 0.6355416 3.040279 0.483582 0
1 2.803934 2.633513 0.8278716 2.991728 0.6304559 0
1 2.803934 2.633365 0.8278716 2.991728 0.6304559 0
1 2.800161 2.678834 0.7184066 2.94058 0.5721475 0
1 2.800161 2.678688 0.7184066 2.940447 0.5721475 0
1 2.847301 2.88568 0.6862025 2.844343 0.552458 0
1 2.847232 2.885409 0.6862025 2.844137 0.552458 0
1 8.146085 3.353629 0.6773172 16.87404 0 0
1 8.145988 3.353629 0.6773172 16.874 0 0
1 16.82085 16.77178 0 16.87419 0 0
1 16.8208 16.77173 0 16.8741 0 0
1 7.615689 4.140045 0.696704 16.87414 0 0
1 7.615431 4.140187 0.696704 16.87388 0 0
1 7.68273 4.296007 0.5589978 16.87416 0 0
1 7.682628 4.295961 0.5589978 16.87416 0 0
1 7.682449 4.295916 0.5589978 16.87398 0 0
1 3.279606 4.603726 0.8100706 1.975957 0.6532809 0
1 3.279307 4.603471 0.8100706 1.975561 0.6532809 0
1 3.408294 4.706152 0.6740785 2.11211 0.4799212 0
1 3.408352 4.706319 0.6740785 2.11211 0.4799212 0
1 3.339061 4.445102 0.670337 2.250381 0.3136297 0
1 3.339003 4.445102 0.670337 2.250381 0.3136297 0
1 3.339179 4.445234 0.670337 2.250642 0.3136297 0
1 3.256662 4.298696 0.6161686 2.219996 0.3664142 0
1 3.256782 4.298878 0.6161686 2.220172 0.3664142 0
1 3.1912 4.031675 0.8602031 2.350187 0.4451525 0
1 3.191446 4.031869 0.8602031 2.350187 0.4451525 0
1 3.149519 3.94109 0.6763404 2.355095 0.2626193 0
1 3.149581 3.94109 0.6763404 2.355095 0.2626193 0
1 3.10053 3.839155 0.7178781 2.3585 0.2978972 0
1 3.100215 3.838951 0.7178781 2.358334 0.2978972 0
1 3.084325 3.76832 0.7379823 2.397596 0.3242708 0
1 3.084261 3.768163 0.7379823 2.397514 0.3242708 0
1 3.097119 3.714677 0.8662021 2.477887 0.3842189 0
1 3.097119 3.714729 0.8662021 2.477966 0.3842189 0
1 3.147654 3.630869 0.842351 2.663519 0.4735081 0
1 3.147902 3.630977 0.842351 2.663739 0.4735081 0
1 3.14784 3.631139 0.842351 2.663666 0.4735081 0
1 3.197574 3.620554 0.8122181 2.77347 0.35366 0
1 3.197391 3.620609 0.8122181 2.77347 0.35366 0
1 3.218749 3.563868 0.7506844 2.873307 0.4612855 0
1 3.21881 3.563868 0.7506844 2.873239 0.4612855 0
1 3.221485 3.498663 0.7110792 2.944106 0.4457569 0
1 3.221668 3.498719 0.7110792 2.944306 0.4457569 0
1 3.277934 3.508331 0.8620701 3.047675 0.593688 0
1 3.277993 3.508387 0.8620701 3.047675 0.593688 0
1 3.304761 3.514131 0.7055802 3.095728 0.4301099 0
1 3.304701 3.514019 0.7055802 3.095728 0.4301099 0
1 3.345973 3.53258 0.7447593 3.159697 0.623766 0
1 3.345798 3.532469 0.7447593 3.159573 0.623766 0
1 3.330137 3.532635 0.7447593 3.130754 0.448737 0
1 3.306597 3.48633 0.8148544 3.130691 0.448737 0
1 3.306597 3.486105 0.8148544 3.130566 0.448737 0
1 3.332194 3.490876 0.8500646 3.17786 0.5284375 0
1 3.332135 3.490876 0.8500646 3.177984 0.5284375 0
1 3.37313 3.507885 0.6505539 3.24178 0.5089366 0
1 3.373013 3.507773 0.6505539 3.241598 0.5089366 0
1 3.35853 3.455418 0.7189618 3.263208 0.4448986 0
1 3.35853 3.455361 0.7189618 3.263328 0.4448986 0
1 3.360627 3.49536 0.6947225 3.229376 0.3956332 0
1 3.360569 3.495192 0.6947225 3.229254 0.3956332 0
1 3.394999 3.511288 0.709161 3.286583 0.4387287 0
1 3.394826 3.511288 0.709161 3.286463 0.4387287 0
1 3.426513 3.50392 0.7978954 3.357422 0.5320664 0
1 3.426341 3.503864 0.7978954 3.357247 0.5320664 0
1 3.401452 3.439174 0.9148197 3.368716 0.5189602 0
1 3.401509 3.439231 0.9148197 3.368599 0.5189602 0
1 3.389862 3.460853 0.7222915 3.328902 0.4886944 0
1 3.38992 3.460683 0.7222915 3.328961 0.4886944 0
1 3.408524 3.437979 0.880661 3.3868 0.4111637 0
1 3.408696 3.438035 0.880661 3.386916 0.4111637 0
1 3.394999 3.437922 0.880661 3.36511 0.5068855 0
1 3.391826 3.432621 0.781164 3.365169 0.5068855 0
1 3.391768 3.43245 0.781164 3.364994 0.5068855 0
1 3.363714 3.424169 0.813853 3.322132 0.512603 0
1 3.363714 3.424169 0.813853 3.322191 0.512603 0
1 3.356722 3.401164 0.8618516 3.328314 0.5955478 0
1 3.356605 3.400991 0.8618516 3.328079 0.5955478 0
1 3.384082 3.441792 0.7299536 3.341406 0.6943769 0
1 3.384313 3.441906 0.7299536 3.34164 0.6943769 0
1 3.381941 3.448952 0.778111 3.331019 0.4825495 0
1 3.381883 3.448952 0.778111 3.331019 0.4825495 0
1 3.415869 3.444351 0.744643 3.400645 0.489308 0
1 3.415983 3.444351 0.744643 3.400761 0.489308 0
1 3.416098 3.444521 0.744643 3.400876 0.489308 0
1 3.503249 3.577029 0.6861446 3.439345 0.5745343 0
1 3.503305 3.577138 0.6861446 3.439402 0.5745343 0
1 3.487958 3.591614 0.7787673 3.39298 0.5179555 0
1 3.487846 3.59156 0.7787673 3.392922 0.5179555 0
1 3.483071 3.601522 0.7758937 3.378639 0.5491858 0
1 3.483071 3.601522 0.7758937 3.378639 0.5491858 0
1 3.436896 3.55925 0.7790852 3.336363 0.5696834 0
1 3.448782 3.581187 0.7243349 3.336422 0.5696834 0
1 3.448782 3.581077 0.7243349 3.33648 0.5696834 0
1 3.469103 3.570948 0.748631 3.385933 0.5985755 0
1 3.469272 3.571003 0.748631 3.385991 0.5985755 0
1 2.708338 2.276839 0.8182265 3.17083 0.4904945 0
1 2.708266 2.276839 0.8182265 3.170706 0.4904945 0
1 1.841538 2.043826 0.7750489 1.872208 0.6492494 0
1 1.841325 2.04373 0.7750489 1.871894 0.6492494 0
1 1.816285 1.994687 0.7767252 1.838986 0.4029497 0
1 1.816392 1.994687 0.7767252 1.838879 0.4029497 0
1 1.793842 1.901663 0.8284788 1.852135 0.3597766 0
1 1.793733 1.90156 0.8284788 1.85224 0.3597766 0
1 1.733026 1.881904 0.7393308 1.714977 0.5062165 0
1 1.733139 1.882008 0.7393308 1.715206 0.5062165 0
1 1.723514 1.866869 0.7606246 1.657176 0.5536448 0
1 1.723742 1.866974 0.7606246 1.65753 0.5536448 0
1 1.723855 1.867184 0.7606246 1.65753 0.5536448 0
1 1.719422 1.837176 0.7730366 1.661893 0.6337729 0
1 1.719422 1.836963 0.7730366 1.662128 0.6337729 0
1 1.709262 1.837708 0.6914671 1.621724 0.6080134 0
1 1.709377 1.837815 0.6914671 1.621965 0.6080134 0
1 1.724536 1.89713 0.7749438 1.584985 0.664328 0
1 1.724763 1.897439 0.7749438 1.585109 0.664328 0
1 1.726804 1.878052 0.7649612 1.620033 0.7500101 0
1 1.726804 1.87774 0.7649612 1.619429 0.7500101 0
1 1.740801 1.880656 0.7863622 1.639486 0.6596639 0
1 1.741138 1.88076 0.7863622 1.639724 0.6596639 0
1 18.46728 18.59196 0.7863622 18.34613 0.6596639 1
1 18.49495 18.64756 0.7692593 18.34586 0.4832384 1
1 18.49494 18.64761 0.7692593 18.3459 0.4832384 1
1 18.31552 18.38435 0.6264471 18.24969 0.6268914 1
1 18.31557 18.38439 0.6264471 18.24973 0.6268914 1
1 16.6392 16.37676 0 16.90195 0 1
1 16.63897 16.37655 0 16.90174 0 1
1 10.31132 16.37677 0 6.944469 0.5590834 1
1 10.31128 16.37673 0 6.944441 0.5590834 1
1 4.392265 4.206588 0.99 4.605854 0.7764335 1
1 4.39231 4.206682 0.99 4.605854 0.7764335 1
1 4.343658 4.156663 0.7663977 4.573889 0.664307 1
1 4.343703 4.15671 0.7663977 4.573889 0.664307 1
1 4.343432 4.15638 0.7663977 4.573632 0.664307 1
1 4.215146 4.124073 0.8252312 4.355951 0.6136134 1
1 4.215146 4.12412 0.8252312 4.355861 0.6136134 1
1 4.16396 4.112327 0.8673774 4.270538 0.6448519 1
1 4.16396 4.112279 0.8673774 4.270493 0.6448519 1
1 4.182918 4.139761 0.8415716 4.282629 0.6026987 1
1 4.183105 4.139856 0.8415716 4.282674 0.6026987 1
1 4.088111 4.087153 0.7658467 4.116087 0.8283557 1
1 4.088016 4.087105 0.7658467 4.116135 0.8283557 1
1 4.129103 4.116754 0.7856069 4.160148 0.7492467 1
1 4.129103 4.116706 0.7856069 4.160054 0.7492467 1
1 4.08303 3.984281 0.7938123 4.198293 0.7209941 1
1 4.083127 3.984428 0.7938123 4.19848 0.7209941 1
1 3.937411 3.984379 0.7938123 3.908809 0.2766766 1
1 3.937361 3.984281 0.7938123 3.908659 0.2766766 1
1 3.93751 3.984379 0.7938123 3.908809 0.2766766 1
1 9.134779 1.999391 0.7640164 16.90188 0 1
1 9.134973 1.999586 0.7640164 16.90206 0 1
1 9.106621 1.901251 0.6484248 16.90186 0 1
1 9.106729 1.901457 0.6484248 16.90203 0 1
1 9.059461 1.795369 0.8348209 16.90198 0 1
1 9.059375 1.79526 0.8348209 16.90192 0 1
1 1.821772 1.754462 0.786132 1.907212 0.8307921 1
1 1.821557 1.754351 0.786132 1.907315 0.8307921 1
1 1.773654 1.698005 0.8428088 1.878261 0.7998332 1
1 1.773544 1.697774 0.8428088 1.878052 0.7998332 1
1 1.778613 1.756914 0.7913875 1.827991 0.7576399 1
1 1.778283 1.756803 0.7913875 1.827885 0.7576399 1
1 1.744619 1.708002 0.7226574 1.811537 0.7712576 1
1 1.744506 1.708002 0.7226574 1.811537 0.7712576 1
1 1.744731 1.708231 0.7226574 1.811537 0.7712576 1
1 1.787613 1.743272 0.5791428 1.861725 0.706889 1
1 1.787722 1.743048 0.5791428 1.86162 0.706889 1
1 1.708117 1.703758 0.6989141 1.735396 0.716517 1
1 1.708002 1.703873 0.6989141 1.735734 0.716517 1
1 1.702034 1.692464 0.6902459 1.753681 0.7254041 1
1 1.702034 1.692348 0.6902459 1.75357 0.7254041 1
1 1.647464 1.634105 0.731461 1.696275 0.6351474 1
1 1.647464 1.634225 0.731461 1.696391 0.6351474 1
1 1.572714 1.544717 0.7143156 1.645443 0.6796222 1
1 1.572341 1.544717 0.7143156 1.645443 0.6796222 1
1 1.47777 1.461391 0.7399197 1.541166 0.5463859 1
1 1.47777 1.461525 0.7399197 1.541039 0.5463859 1
1 1.43967 1.383525 0.7644861 1.54826 0.6327966 1
1 1.439535 1.383384 0.7644861 1.548134 0.6327966 1
1 1.35205 1.299955 0.6758438 1.474986 0.5890399 1
1 1.352339 1.300256 0.6758438 1.475384 0.5890399 1
1 1.295431 1.245841 0.8512783 1.394514 0.4791247 1
1 1.295129 1.245841 0.8512783 1.394514 0.4791247 1
1 1.262381 1.245684 0.8512783 1.348427 0.6685213 1
1 1.253514 1.231782 0.7712198 1.348282 0.6685213 1
1 1.253045 1.231306 0.7712198 1.348136 0.6685213 1
1 1.254138 1.25117 0.8396416 1.335888 0.7706752 1
1 1.254138 1.25117 0.8396416 1.336034 0.7706752 1
1 1.24694 1.263465 0.6994565 1.317301 0.8216977 1
1 1.24694 1.263311 0.6994565 1.31745 0.8216977 1
1 1.421477 1.534676 0.8870676 1.391705 0.6630565 1
1 1.421615 1.534549 0.8870676 1.391423 0.6630565 1
1 1.42134 1.534421 0.8870676 1.391705 0.6630565 1
1 8.69486 16.37665 0 2.311561 0.7025282 1
1 8.69486 16.37664 0 2.311645 0.7025282 1
1 8.711382 16.37661 0 2.380391 0.6282144 1
1 8.711428 16.37667 0 2.380308 0.6282144 1
1 8.757709 16.37664 0 2.443284 0.6181223 1
1 8.757754 16.37665 0 2.443525 0.6181223 1
1 2.566359 2.698491 0.8370788 2.443364 0.6181223 1
1 2.559944 2.655202 0.7064407 2.469262 0.8676843 1
1 2.559944 2.655128 0.7064407 2.469103 0.8676843 1
1 2.484119 2.614042 0.8084363 2.361569 0.6136853 1
1 2.484119 2.614042 0.8084363 2.361735 0.6136853 1
1 2.501237 2.613743 0.7842624 2.417271 0.7333434 1
1 2.501472 2.613967 0.7842624 2.417351 0.7333434 1
1 2.474251 2.583766 0.920935 2.378499 0.7466996 1
1 2.474172 2.583766 0.920935 2.378499 0.7466996 1
1 2.508036 2.60459 0.8425196 2.423336 0.7471335 1
1 2.507802 2.604365 0.8425196 2.423174 0.7471335 1
1 2.501159 2.606243 0.8209448 2.40786 0.8297889 1
1 2.501081 2.606168 0.8209448 2.407778 0.8297889 1
1 2.492301 2.583766 0.9205805 2.414921 0.7305767 1
1 2.492222 2.583538 0.9205805 2.414759 0.7305767 1
1 2.492143 2.583538 0.9205805 2.414759 0.7305767 1
1 2.432687 2.512403 0.9025683 2.362066 0.5919358 1
1 2.432526 2.512247 0.9025683 2.3619 0.5919358 1
1 2.412083 2.504209 0.7643099 2.34702 0.7842724 1
1 2.411839 2.504131 0.7643099 2.346937 0.7842724 1
1 2.455829 2.523597 0.8134395 2.429144 0.8292467 1
1 2.455989 2.523674 0.8134395 2.429225 0.8292467 1
1 2.444325 2.492379 0.722397 2.435903 0.7461337 1
1 2.444245 2.492222 0.722397 2.435823 0.7461337 1
1 2.412975 2.454314 0.7898903 2.410865 0.7599269 1
1 2.413218 2.454474 0.7898903 2.41119 0.7599269 1
1 2.395554 2.48601 0.7290199 2.344851 0.8331626 1
1 2.395554 2.485774 0.7290199 2.344684 0.8331626 1
1 2.372154 2.482937 0.7086698 2.306729 0.7239041 1
1 2.372071 2.48278 0.7086698 2.306644 0.7239041 1
1 2.381624 2.46601 0.8917993 2.344016 0.7035409 1
1 2.381706 2.46601 0.8917993 2.3441 0.7035409 1
1 2.386385 2.437188 0.8015027 2.364716 0.7364354 1
1 2.386549 2.437269 0.8015027 2.364716 0.7364354 1
1 2.367281 2.437269 0.8015027 2.32919 0.7302865 1
1 2.399146 2.507256 0.7918785 2.329106 0.7302865 1
1 2.398901 2.507022 0.7918785 2.328938 0.7302865 1
1 2.395145 2.520104 0.7403994 2.316297 0.7714213 1
1 2.395227 2.520104 0.7403994 2.316297 0.7714213 1
1 2.344183 2.456945 0.6485173 2.283277 0.6752672 1
1 2.34435 2.457104 0.6485173 2.283448 0.6752672 1
1 2.313592 2.4695 0.8461986 2.217791 0.6469263 1
1 2.313761 2.469658 0.8461986 2.217879 0.6469263 1
1 2.313507 2.469658 0.8461986 2.217967 0.6469263 1
1 2.415894 2.558567 0.8683905 2.320181 0.4612692 1
1 2.415975 2.558644 0.8683905 2.32035 0.4612692 1
1 2.678688 2.827224 0.697215 2.558414 0.7067742 1
1 2.678688 2.827293 0.697215 2.558414 0.7067742 1
1 2.772552 2.827155 0.697215 2.751859 0.7709502 1
1 2.772835 2.827363 0.697215 2.752002 0.7709502 1
1 2.769303 2.837867 0.7947412 2.733517 0.6829787 1
1 2.769444 2.838143 0.7947412 2.73366 0.6829787 1
1 2.759673 2.85828 0.7108794 2.68737 0.7386355 1
1 2.759673 2.858348 0.7108794 2.687297 0.7386355 1
1 2.815638 2.913024 0.7512192 2.746519 0.6222299 1
1 2.815707 2.913091 0.7512192 2.746448 0.6222299 1
1 2.815568 2.912957 0.7512192 2.746305 0.6222299 1
1 2.836487 2.944372 0.6272268 2.768101 0.727744 1
1 2.836487 2.944372 0.6272268 2.768101 0.727744 1
1 2.872013 2.97368 0.6961321 2.814595 0.6862173 1
1 2.871876 2.973548 0.6961321 2.814386 0.6862173 1
1 2.858143 2.905892 0.8322614 2.863822 0.8972343 1
1 2.858006 2.905892 0.8322614 2.863753 0.8972343 1
1 2.859855 2.942843 0.7575209 2.817723 0.7288252 1
1 2.860128 2.943242 0.7575209 2.818001 0.7288252 1
1 2.845857 2.908047 0.6687167 2.836487 0.6989028 1
1 2.845788 2.90798 0.6687167 2.836418 0.6989028 1
1 2.88473 2.885476 0.7250301 2.948292 0.87335 1
1 2.884662 2.885476 0.7250301 2.948292 0.87335 1
1 2.905353 2.908653 0.7914658 2.960683 0.7604225 1
1 2.905353 2.908653 0.7914658 2.960484 0.7604225 1
1 2.905084 2.908653 0.7914658 2.960484 0.7604225 1
1 2.895432 2.943641 0.7986312 2.900363 0.8016127 1
1 2.895229 2.943574 0.7986312 2.900228 0.8016127 1
1 2.882286 2.920072 0.7277253 2.902252 0.8784725 1
1 2.882286 2.920072 0.7277253 2.902185 0.8784725 1
1 2.925162 2.920407 0.7452577 2.980058 0.7623498 1
1 2.925095 2.920273 0.7452577 2.979927 0.7623498 1
1 2.935116 2.964251 0.7241017 2.951279 0.7155027 1
1 2.935116 2.964251 0.7241017 2.951411 0.7155027 1
1 2.924024 2.956117 0.7758372 2.924828 0.7707363 1
1 2.92389 2.956117 0.7758372 2.924761 0.7707363 1
1 2.95519 2.968342 0.8091783 2.979204 0.8339666 1
1 2.955123 2.968342 0.8091783 2.979138 0.8339666 1
1 2.940181 3.037122 0.7082382 2.891305 0.8590913 1
1 2.940048 3.037058 0.7082382 2.891102 0.8590913 1
1 2.969398 3.029959 0.7411298 2.951279 0.6712031 1
1 2.969398 3.030088 0.7411298 2.951146 0.6712031 1
1 2.99637 3.072369 0.6088588 2.95936 0.6954204 1
1 2.996501 3.07256 0.6088588 2.959558 0.6954204 1
1 2.99637 3.072496 0.6088588 2.959492 0.6954204 1
1 3.007326 3.105136 0.7712781 2.955388 0.7498152 1
1 3.007456 3.105199 0.7712781 2.955521 0.7498152 1
1 3.02899 3.16805 0.7373702 2.933449 0.7663928 1
1 3.02886 3.167803 0.7373702 2.933249 0.7663928 1
1 3.176196 3.415983 0.8219161 2.951411 0.7816095 1
1 3.176258 3.415983 0.8219161 2.951478 0.7816095 1
1 3.826741 4.672358 0.7053424 2.988389 0.4418418 1
1 3.826843 4.672483 0.7053424 2.98852 0.4418418 1
1 3.903144 4.889524 0.781527 2.958765 0.3090409 1
1 3.903194 4.889564 0.781527 2.958566 0.3090409 1
1 3.787135 5.009029 0.8226028 2.66631 0.5435524 1
1 3.787135 5.009068 0.8226028 2.666163 0.5435524 1
1 3.787031 5.00899 0.8226028 2.666237 0.5435524 1
1 9.972831 4.808601 0.7589377 16.902 0 1
1 9.972633 4.808561 0.7589377 16.90182 0 1
1 2.957044 4.499671 0.6874929 1.603276 0.6244566 1
1 2.957176 4.499714 0.6874929 1.603276 0.6244566 1
1 2.806725 4.162548 0.6188895 1.568728 0.6733787 1
1 2.806655 4.162501 0.6188895 1.568728 0.6733787 1
1 2.684236 3.885696 0.6568571 1.574207 0.7375739 1
1 2.68409 3.885494 0.6568571 1.573958 0.7375739 1
1 2.684309 3.885747 0.6568571 1.573958 0.7375739 1
1 2.500141 3.474235 0.7258103 1.610219 0.6051456 1
1 2.499985 3.474122 0.7258103 1.61034 0.6051456 1
1 2.476069 3.354972 0.793053 1.684466 0.7760248 1
1 2.476149 3.354972 0.793053 1.68435 0.7760248 1
1 2.472114 3.275006 0.6900309 1.759919 0.6102394 1
1 2.471955 3.274767 0.6900309 1.759586 0.6102394 1
1 2.456307 3.198125 0.6053075 1.767243 0.7579664 1
1 2.456228 3.198125 0.6053075 1.767354 0.7579664 1
1 2.446486 3.09832 0.9305947 1.83547 0.8062695 1
1 2.446567 3.098193 0.9305947 1.83547 0.8062695 1
1 2.448486 3.038153 0.7329517 1.889066 0.6698219 1
1 2.448406 3.038089 0.7329517 1.889066 0.6698219 1
1 2.544452 3.091868 0.8267628 2.037016 0.5795954 1
1 2.544298 3.091805 0.8267628 2.037016 0.5795954 1
1 2.543837 3.091678 0.8267628 2.026903 0.6057954 1
1 2.50069 3.004982 0.7470834 2.026903 0.6057954 1
1 2.500768 3.005047 0.7470834 2.026903 0.6057954 1
1 2.453118 2.993298 0.7195194 1.948629 0.7094316 1
1 2.453118 2.993167 0.7195194 1.948428 0.7094316 1
1 2.466407 2.982816 0.7903476 1.999684 0.7580396 1
1 2.466248 2.982816 0.7903476 1.999586 0.7580396 1
1 2.460447 2.96174 0.7606454 2.008376 0.8381441 1
1 2.460527 2.961873 0.7606454 2.008668 0.8381441 1
1 2.442483 2.907239 0.7768369 2.029026 0.5394141 1
1 2.442643 2.907105 0.7768369 2.029026 0.5394141 1
1 2.445846 2.850256 0.6511637 2.082341 0.746467 1
1 2.445686 2.850187 0.6511637 2.082247 0.746467 1
1 2.45567 2.862523 0.720654 2.096765 0.8325586 1
1 2.45551 2.862523 0.720654 2.096578 0.8325586 1
1 2.416866 2.829301 0.7255568 2.033939 0.7745519 1
1 2.416785 2.829024 0.7255568 2.033843 0.7745519 1
1 2.395554 2.802886 0.7150465 2.013048 0.7698743 1
1 2.395472 2.802677 0.7150465 2.013048 0.7698743 1
1 2.395472 2.802886 0.7150465 2.013048 0.7698743 1
1 2.328013 2.734019 0.6828294 1.950436 0.7295982 1
1 2.328097 2.73409 0.6828294 1.950737 0.7295982 1
1 2.344934 2.731941 0.727772 1.985048 0.7179514 1
1 2.345018 2.732085 0.727772 1.985147 0.7179514 1
1 2.334729 2.6921 0.647325 2.000271 0.7880723 1
1 2.334729 2.691882 0.647325 2.000076 0.7880723 1
1 2.325068 2.664548 0.6742752 2.016254 0.7278164 1
1 2.324985 2.664621 0.6742752 2.016448 0.7278164 1
1 2.421073 2.736166 0.7725992 2.1357 0.5695966 1
1 2.421154 2.736237 0.7725992 2.135609 0.5695966 1
1 2.457343 2.77911 0.7628294 2.169884 0.5431986 1
1 2.457263 2.779181 0.7628294 2.169793 0.5431986 1
1 2.474172 2.80079 0.7223287 2.18588 0.6296324 1
1 2.474251 2.800651 0.7223287 2.18588 0.6296324 1
1 2.501394 2.822096 0.7220743 2.229234 0.7373823 1
1 2.501081 2.822165 0.7220743 2.229322 0.7373823 1
1 2.520803 2.788814 0.7164686 2.289526 0.7149336 1
1 2.520647 2.788814 0.7164686 2.289355 0.7149336 1
1 2.48955 2.723905 0.7191258 2.281647 0.7913194 1
1 2.489393 2.723905 0.7191258 2.281476 0.7913194 1
1 2.489629 2.723905 0.7191258 2.281562 0.7913194 1
1 2.542913 2.736022 0.7660705 2.377429 0.5453976 1
1 2.542913 2.736094 0.7660705 2.377758 0.5453976 1
1 2.581188 2.791409 0.7245677 2.392692 0.6036361 1
1 2.581416 2.79169 0.7245677 2.393019 0.6036361 1
1 2.636708 2.837108 0.6068545 2.446326 0.5952411 1
1 2.636782 2.837246 0.6068545 2.446406 0.5952411 1
1 2.64101 2.847782 0.8066049 2.446167 0.5952411 1
1 2.64101 2.847713 0.8066049 2.446326 0.5952411 1
1 2.654685 2.817028 0.713684 2.499045 0.6389551 1
1 2.654833 2.816889 0.713684 2.499045 0.6389551 1
1 2.654685 2.816889 0.713684 2.499045 0.6389551 1
1 2.657339 2.762367 0.7417068 2.561167 0.6678833 1
1 2.657339 2.762367 0.7417068 2.561167 0.6678833 1
1 2.640936 2.744737 0.7048097 2.544144 0.7019855 1
1 2.640861 2.744666 0.7048097 2.544067 0.7019855 1
1 2.698636 2.795684 0.7233628 2.61172 0.8154401 1
1 2.698636 2.795614 0.7233628 2.611645 0.8154401 1
1 2.662564 2.743167 0.7116053 2.590575 0.7888896 1
1 2.662637 2.743239 0.7116053 2.590575 0.7888896 1
1 2.662637 2.743167 0.7116053 2.590726 0.7888896 1
1 2.720885 2.81021 0.7930775 2.635371 0.7348385 1
1 2.720741 2.81014 0.7930775 2.635371 0.7348385 1
1 2.695661 2.799253 0.6679767 2.595556 0.7077125 1
1 2.695879 2.799253 0.6679767 2.595556 0.7077125 1
1 2.734377 2.827086 0.683233 2.646266 0.6233438 1
1 2.734377 2.827155 0.683233 2.646341 0.6233438 1
1 2.787128 2.81529 0.802245 2.762225 0.6683152 1
1 2.786918 2.815012 0.802245 2.762084 0.6683152 1
1 2.784037 2.777208 0.7017572 2.792952 0.8062035 1
1 2.784247 2.77742 0.7017572 2.793162 0.8062035 1
1 2.764704 2.78755 0.8315726 2.747232 0.5228722 1
1 2.764846 2.78755 0.8315726 2.747375 0.5228722 1
1 2.720309 2.736094 0.7001352 2.710289 0.5965483 1
1 2.720021 2.735951 0.7001352 2.710145 0.5965483 1
1 2.718582 2.685403 0.8163937 2.756124 0.5865434 1
1 2.718582 2.685184 0.8163937 2.756124 0.5865434 1
1 2.718654 2.68533 0.8163937 2.756053 0.5865434 1
1 2.729361 2.693118 0.7033492 2.775798 0.6609915 1
1 2.729504 2.693191 0.7033492 2.775939 0.6609915 1
1 2.749155 2.729719 0.7811986 2.775939 0.6879879 1
1 2.749226 2.729863 0.7811986 2.775868 0.6879879 1
1 2.770645 2.739812 0.7846121 2.808189 0.6720641 1
1 2.770645 2.739883 0.7846121 2.808329 0.6720641 1
1 2.781363 2.735665 0.737942 2.834485 0.6282068 1
1 2.781363 2.735736 0.737942 2.834692 0.6282068 1
1 2.757473 2.729504 0.667398 2.806934 0.8197631 1
1 2.757473 2.729504 0.667398 2.806934 0.8197631 1
1 2.700159 2.664768 0.8208106 2.757189 0.6296376 1
1 2.700159 2.664841 0.8208106 2.75726 0.6296376 1
1 2.70776 2.670271 0.6838251 2.771846 0.6651846 1
1 2.70776 2.670345 0.6838251 2.771917 0.6651846 1
1 2.707254 2.640639 0.7071004 2.792461 0.6380006 1
1 2.707182 2.640491 0.7071004 2.792251 0.6380006 1
1 2.707326 2.640639 0.7071004 2.792391 0.6380006 1
1 2.660136 2.594651 0.7347934 2.748016 0.7774424 1
1 2.66021 2.594501 0.7347934 2.748087 0.7774424 1
1 2.639527 2.578153 0.7002578 2.726419 0.8587202 1
1 2.639675 2.578153 0.7002578 2.726563 0.8587202 1
1 2.527317 2.439596 0.8029553 2.64745 0.7377713 1
1 2.527162 2.439596 0.8029553 2.647598 0.7377713 1
1 2.586113 2.527936 0.8161488 2.680076 0.789838 1
1 2.586037 2.528091 0.8161488 2.680223 0.789838 1
1 2.628827 2.618382 0.8332022 2.655275 0.8005057 1
1 2.628827 2.618456 0.8332022 2.655349 0.8005057 1
1 2.628752 2.618307 0.8332022 2.655202 0.8005057 1
1 2.448006 2.517384 0.7636299 2.390483 0.8436243 1
1 2.447766 2.517228 0.7636299 2.390401 0.8436243 1
1 2.288585 2.281991 0.8347412 2.303758 0.9017547 1
1 2.288585 2.281991 0.8347412 2.303758 0.9017547 1
1 2.258021 2.281991 0.8347412 2.23922 0.6502857 1
1 2.258021 2.282162 0.8347412 2.23922 0.6502857 1
1 2.257674 2.281991 0.8347412 2.239046 0.6502857 1
1 2.257848 2.281991 0.8347412 2.239133 0.6502857 1
1 2.257848 2.281905 0.8347412 2.239046 0.6502857 1
1 2.257934 2.282162 0.8347412 2.239133 0.6502857 1
1 2.132032 2.104126 0.7536774 2.173579 0.7635227 1
1 2.132032 2.10394 0.7536774 2.173579 0.7635227 1
1 2.132215 2.10394 0.7536774 2.173579 0.7635227 1
1 2.065165 2.027193 0.7754864 2.117386 0.9500416 1
1 2.065165 2.027289 0.7754864 2.117478 0.9500416 1
1 2.022456 1.982285 0.8269686 2.078955 0.7316271 1
1 2.022553 1.982285 0.8269686 2.079237 0.7316271 1
1 2.072732 2.061465 0.772319 2.105428 0.7787838 1
1 2.072732 2.061275 0.772319 2.105242 0.7787838 1
1 2.164736 2.137716 0.714232 2.219996 0.6308184 1
1 2.164827 2.137807 0.714232 2.220084 0.6308184 1
1 2.155404 2.121633 0.6660123 2.216378 0.7884156 1
1 2.155495 2.121633 0.6660123 2.216555 0.7884156 1
1 2.165459 2.160845 0.7783179 2.19428 0.6019438 1
1 2.165369 2.160754 0.7783179 2.194191 0.6019438 1
1 2.16157 2.146669 0.7048827 2.191246 0.7814769 1
1 2.16166 2.14676 0.7048827 2.191513 0.7814769 1
1 2.15095 2.14676 0.7048827 2.173759 0.6188918 1
1 2.152405 2.149129 0.7896379 2.173579 0.6188918 1
1 2.152678 2.149311 0.7896379 2.173759 0.6188918 1
1 2.120803 2.096392 0.7705014 2.159849 0.6607766 1
1 2.120895 2.096485 0.7705014 2.159758 0.6607766 1
1 2.125504 2.099284 0.752057 2.19071 0.843701 1
1 2.125688 2.099377 0.752057 2.190977 0.843701 1
1 2.05795 2.060231 0.6314046 2.111925 0.856796 1
1 2.05833 2.060516 0.6314046 2.112018 0.856796 1
1 2.088254 2.157854 0.8177792 2.061845 0.7065391 1
1 2.088067 2.157763 0.8177792 2.061845 0.7065391 1
1 2.168801 2.223696 0.7689122 2.144388 0.669169 1
1 2.168801 2.223608 0.7689122 2.14448 0.669169 1
1 2.183102 2.164827 0.8068807 2.23432 0.7452535 1
1 2.183192 2.164917 0.8068807 2.234583 0.7452535 1
1 2.188385 2.144023 0.8621616 2.276065 0.804855 1
1 2.188385 2.143932 0.8621616 2.275979 0.804855 1
1 2.313676 2.45575 0.8794028 2.219291 0.7701844 1
1 2.313338 2.45559 0.8794028 2.219203 0.7701844 1
1 2.709061 2.923489 0.8561541 2.515206 0.4123881 1
1 2.708772 2.923422 0.8561541 2.514972 0.4123881 1
1 2.939715 3.111812 0.831499 2.786215 0.6413791 1
1 2.939448 3.111435 0.831499 2.785864 0.6413791 1
1 3.026533 3.111497 0.831499 2.957706 0.6837488 1
1 3.054476 3.170274 0.7390215 2.957772 0.6837488 1
1 3.054412 3.170274 0.7390215 2.957838 0.6837488 1
1 3.169162 3.252692 0.7088122 3.106208 0.9080431 1
1 3.169286 3.252813 0.7088122 3.106334 0.9080431 1
1 3.200267 3.277456 0.7845497 3.134566 0.7556391 1
1 3.200145 3.277516 0.7845497 3.134628 0.7556391 1
1 3.265667 3.372665 0.7876893 3.174902 0.71247 1
1 3.265667 3.372549 0.7876893 3.17484 0.71247 1
1 3.289857 3.328784 0.7997056 3.264648 0.860055 1
1 3.289976 3.328961 0.7997056 3.264708 0.860055 1
1 3.220087 3.259366 0.7032661 3.196166 0.9005994 1
1 3.219723 3.259246 0.7032661 3.195982 0.9005994 1
1 3.156783 3.178476 0.8039954 3.147902 0.8290222 1
1 3.156473 3.17823 0.8039954 3.147654 0.8290222 1
1 3.09813 3.161431 0.7058088 3.045619 0.7239491 1
1 3.098004 3.161245 0.7058088 3.045619 0.7239491 1
1 3.061454 3.167185 0.7223099 2.972824 0.7672818 1
1 3.061454 3.167061 0.7223099 2.97256 0.7672818 1
1 3.06171 3.167185 0.7223099 2.972955 0.7672818 1
1 3.079878 3.194941 0.8092953 2.98721 0.7104623 1
1 3.079688 3.194757 0.8092953 2.987144 0.7104623 1
1 3.063436 3.161679 0.6318871 2.988193 0.7288384 1
1 3.06318 3.161493 0.6318871 2.987931 0.7288384 1
1 3.044976 3.058703 0.7205912 3.05127 0.707482 1
1 3.044911 3.058639 0.7205912 3.051141 0.707482 1
1 2.980124 3.062924 0.8008783 2.920139 0.6291828 1
1 2.98019 3.063052 0.8008783 2.920072 0.6291828 1
1 2.947496 3.000549 0.8035574 2.910738 0.7168783 1
1 2.947496 3.000614 0.8035574 2.910806 0.7168783 1
1 2.947828 3.000679 0.8035574 2.91094 0.7168783 1
1 2.870445 2.989961 0.7682377 2.761162 0.7070529 1
1 2.87024 2.989699 0.7682377 2.760878 0.7070529 1
1 2.884662 3.063436 0.8362305 2.717358 0.5903473 1
1 2.884594 3.06318 0.8362305 2.717214 0.5903473 1
1 2.862113 2.960683 0.7005331 2.777772 0.6964043 1
1 2.862113 2.960815 0.7005331 2.777772 0.6964043 1
1 2.834001 2.97032 0.7970359 2.712599 0.6454116 1
1 2.833863 2.970386 0.7970359 2.712599 0.6454116 1
1 2.833725 2.970254 0.7970359 2.712527 0.6454116 1
1 2.803026 2.936117 0.7639791 2.692028 0.8106607 1
1 2.802956 2.936117 0.7639791 2.692173 0.8106607 1
1 2.77601 2.943375 0.7498819 2.634479 0.669959 1
1 2.776151 2.943508 0.7498819 2.634702 0.669959 1
1 2.783404 2.933382 0.7608831 2.666751 0.7406811 1
1 15.52938 15.75189 0.7608831 15.31051 0.7406811 2
1 15.57183 15.75754 0.8194308 15.39165 0.7429187 2
1 15.57184 15.75754 0.8194308 15.39165 0.7429187 2
1 15.61592 15.77702 0.7583715 15.45965 0.7141801 2
1 15.61591 15.77701 0.7583715 15.45965 0.7141801 2
1 15.63603 15.78896 0.8077335 15.48754 0.6771541 2
1 15.63598 15.78896 0.8077335 15.48754 0.6771541 2
1 15.57034 15.71626 0.8264425 15.42913 0.8131766 2
1 15.57027 15.7162 0.8264425 15.42904 0.8131766 2
1 15.57022 15.71616 0.8264425 15.42901 0.8131766 2
1 15.43308 15.5489 0.8922153 15.32203 0.5968909 2
1 15.43292 15.54875 0.8922153 15.32191 0.5968909 2
1 14.79652 15.54882 0.8922153 14.10618 0.4488918 2
1 14.79663 15.54894 0.8922153 14.10625 0.4488918 2
1 3.788479 0.5344914 0 7.331601 0.4677649 2
1 3.788531 0.5344914 0 7.331735 0.4677649 2
1 5.146356 2.956249 0.99 7.331601 0.4677649 2
1 5.146775 2.956514 0.99 7.331896 0.4677649 2
1 3.403868 2.954726 1 4.053764 1 2
1 3.403811 2.954527 1 4.053668 1 2
1 3.444351 2.954527 1 4.110041 0.8686576 2
1 3.528254 3.096108 0.9607426 4.109898 0.8686576 2
1 3.528421 3.096424 0.9607426 4.110088 0.8686576 2
1 3.592323 3.216072 1 4.107944 0.865952 2
1 3.592105 3.215889 1 4.107753 0.865952 2
1 3.534076 3.207599 0.9928381 3.963633 0.8909934 2
1 3.534076 3.207416 0.9928381 3.963633 0.8909934 2
1 3.527144 3.30559 1 3.869587 0.874319 2
1 3.527144 3.305531 1 3.869486 0.874319 2
1 3.572647 3.399206 1 3.869486 0.874319 2
1 3.572757 3.399379 1 3.869637 0.874319 2
1 3.534353 3.380725 0.896796 3.787135 0.7499731 2
1 3.534464 3.380898 0.896796 3.787135 0.7499731 2
1 3.553965 3.430853 1 3.787083 0.7499731 2
1 3.53928 3.430853 1 3.755932 0.7967062 2
1 3.539114 3.430738 1 3.755671 0.7967062 2
1 3.577303 3.430738 0.9108082 3.836706 0.8251249 2
1 3.577358 3.430738 0.9108082 3.836706 0.8251249 2
1 3.745177 3.652162 0.8624033 3.949875 0.8324813 2
1 3.745125 3.652108 0.8624033 3.949726 0.8324813 2
1 3.849953 3.74366 1 4.057723 0.8472375 2
1 3.850004 3.743608 1 4.057772 0.8472375 2
1 3.850156 3.74366 1 4.057868 0.8472375 2
1 3.872217 3.731716 0.9957365 4.10699 0.8488613 2
1 3.872319 3.731769 0.9957365 4.107085 0.8488613 2
1 3.865942 3.718786 0.8986234 4.114136 0.7610944 2
1 3.865942 3.718733 0.8986234 4.114089 0.7610944 2
1 3.922263 3.707818 0.9679288 4.233968 0.9606605 2
1 3.922163 3.707818 0.9679288 4.234015 0.9606605 2
1 3.579491 3.171447 0.800344 4.080008 0.7654746 2
1 3.579491 3.17157 0.800344 4.07996 0.7654746 2
1 3.338885 2.666897 0.2347769 4.080008 0.7654746 2
1 3.338885 2.666897 0.2347769 4.07996 0.7654746 2
1 1.085164 2.152496 0.6169179 0.03426402 0 2
1 1.084983 2.152405 0.6169179 0.03426402 0 2
1 2.407291 2.152496 0.6169179 3.026145 0.6423467 2
1 2.290808 1.901046 0.8249964 2.994671 0.8478228 2
1 2.290722 1.901046 0.8249964 2.99441 0.8478228 2
1 2.140552 1.723742 0.8757987 2.915711 1 2
1 2.14046 1.723742 0.8757987 2.915845 1 2
1 2.159305 1.747085 1 2.881743 0.8912222 2
1 2.159124 1.746973 1 2.881947 0.8912222 2
1 2.155222 1.778283 0.9314636 2.876371 0.9519016 2
1 2.155313 1.778503 0.9314636 2.876439 0.9519016 2
1 2.216202 1.796023 0.9275703 2.935317 0.8404658 2
1 2.21629 1.796023 0.9275703 2.935517 0.8404658 2
1 2.180501 1.834297 0.995724 2.836142 0.937875 2
1 2.180321 1.834084 0.995724 2.836073 0.937875 2
1 2.180321 1.833977 0.995724 2.836073 0.937875 2
1 2.232831 1.873148 1 2.891034 0.880003 2
1 2.233094 1.873357 1 2.891373 0.880003 2
1 2.257848 1.945513 0.950065 2.869694 1 2
1 2.257934 1.945413 0.950065 2.869967 1 2
1 2.344016 2.036151 1 2.967749 0.8499926 2
1 2.343933 2.036151 1 2.967683 0.8499926 2
1 2.343849 2.035959 1 2.967551 0.8499926 2
1 2.322205 1.992429 0.9829419 2.957573 0.8529938 2
1 2.321952 1.992232 0.9829419 2.957375 0.8529938 2
1 2.234145 1.982285 0.9760648 2.823552 0.7155468 2
1 2.234408 1.982582 0.9760648 2.823691 0.7155468 2
1 2.217173 1.970502 0.9408631 2.787199 0.8745244 2
1 2.217085 1.970402 0.9408631 2.787269 0.8745244 2
1 2.153496 1.935125 1 2.720094 0.8460798 2
1 2.153314 1.934922 1 2.719949 0.8460798 2
1 2.117293 1.895375 1 2.684382 0.9469107 2
1 2.117386 1.895582 1 2.684455 0.9469107 2
1 2.07952 1.898161 0.9781767 2.60797 0.9125252 2
1 2.079708 1.898264 0.9781767 2.60797 0.9125252 2
1 2.080178 1.898058 0.9781767 2.619428 0.9182548 2
1 2.054047 1.844087 0.991509 2.619577 0.9182548 2
1 2.053761 1.843874 0.991509 2.619503 0.9182548 2
1 2.02294 1.854774 0.9534633 2.571159 0.8408079 2
1 2.02265 1.854774 0.9534633 2.571007 0.8408079 2
1 2.066112 1.941586 0.8981708 2.577926 0.9270976 2
1 2.066112 1.941889 0.8981708 2.578077 0.9270976 2
1 2.107844 2.020326 1 2.586264 0.9372463 2
1 2.108215 2.020423 1 2.58634 0.9372463 2
1 2.128908 2.036536 1 2.587021 0.872318 2
1 2.129092 2.036632 1 2.587097 0.872318 2
1 2.121449 2.003986 1 2.595406 0.6933949 2
1 2.121633 2.004181 1 2.59533 0.6933949 2
1 2.243586 2.205046 0.9796001 2.66146 0.8957037 2
1 2.243586 2.204957 0.9796001 2.66124 0.8957037 2
1 2.241055 2.20478 0.9796001 2.634851 0.9424594 2
1 2.270727 2.286361 0.9153399 2.635148 0.9424594 2
1 2.270468 2.286189 0.9153399 2.635 0.9424594 2
1 2.360657 2.401755 0.9471072 2.710217 0.8643808 2
1 2.360657 2.401674 0.9471072 2.710072 0.8643808 2
1 2.384662 2.449205 1 2.673056 0.8000867 2
1 2.384662 2.449365 1 2.673129 0.8000867 2
1 2.423578 2.554509 0.9877576 2.673056 0.8000867 2
1 2.423497 2.554586 0.9877576 2.673056 0.8000867 2
1 2.450483 2.528633 1 2.731655 0.7716237 2
1 2.450324 2.528633 1 2.731512 0.7716237 2
1 2.450643 2.52871 1 2.731583 0.7716237 2
1 2.36852 2.547143 1 2.541296 0.8799466 2
1 2.368603 2.547143 1 2.541296 0.8799466 2
1 2.350437 2.533505 1 2.535976 1 2
1 2.35052 2.533428 1 2.53613 1 2
1 2.327256 2.549601 1 2.486561 0.7189693 2
1 2.327256 2.549601 1 2.486561 0.7189693 2
1 2.327172 2.549601 1 2.486482 0.7189693 2
1 2.342345 2.53613 0.9957151 2.515439 0.9611001 2
1 2.342262 2.536207 0.9957151 2.515362 0.9611001 2
1 2.36364 2.537828 1 2.535899 0.7918451 2
1 2.363474 2.537673 1 2.535899 0.7918451 2
1 2.359828 2.553896 0.9205588 2.545067 0.9437469 2
1 2.359911 2.553896 0.9205588 2.54499 0.9437469 2
1 2.336154 2.493871 1 2.533273 0.7852919 2
1 2.336405 2.493949 1 2.533428 0.7852919 2
1 2.439757 2.381377 0.8641458 2.74602 0.8727641 2
1 2.439757 2.381212 0.8641458 2.746092 0.8727641 2
1 2.546067 2.359496 1 2.930511 0.5593594 2
1 2.545913 2.359579 1 2.930511 0.5593594 2
1 2.593821 2.364716 0.9152241 3.046518 0.7349322 2
1 2.593897 2.364634 0.9152241 3.046518 0.7349322 2
1 2.633588 2.364716 0.9152241 3.118599 0.719278 2
1 2.656455 2.401674 0.9842407 3.118787 0.719278 2
1 2.656381 2.401592 0.9842407 3.118662 0.719278 2
1 2.650406 2.390564 0.9693703 3.132254 0.8188986 2
1 2.650701 2.390646 0.9693703 3.132441 0.8188986 2
1 2.651144 2.35077 0.9629455 3.184568 0.8163734 2
1 2.650996 2.350687 0.9629455 3.184568 0.8163734 2
1 2.650996 2.36819 0.9095446 3.177984 0.9859959 2
1 2.650923 2.368107 0.9095446 3.17786 0.9859959 2
1 2.678761 2.383513 1 3.189298 0.9578547 2
1 2.678615 2.383513 1 3.189175 0.9578547 2
1 2.678761 2.383595 1 3.189175 0.9578547 2
1 2.611795 2.358002 1 3.131004 0.8956122 2
1 2.611795 2.357919 1 3.130816 0.8956122 2
1 2.559409 2.252119 1 3.092818 0.9811437 2
1 2.559561 2.252293 1 3.092944 0.9811437 2
1 2.583083 2.335148 1 3.051013 0.8964019 2
1 2.582856 2.334981 1 3.050884 0.8964019 2
1 2.582856 2.334897 1 3.050884 0.8964019 2
1 2.585659 2.351602 0.897745 3.033446 0.9303398 2
1 2.585583 2.351519 0.897745 3.033252 0.9303398 2
1 2.604741 2.364964 0.9326146 3.043111 0.8048371 2
1 2.604741 2.36513 0.9326146 3.043175 0.8048371 2
1 2.593595 2.406721 0.9649915 2.973811 0.9167171 2
1 2.593746 2.40664 0.9649915 2.973811 0.9167171 2
1 2.524837 2.314438 0.9568282 2.9192 0.7530695 2
1 2.524837 2.314691 0.9568282 2.919334 0.7530695 2
1 2.536362 2.351353 0.9510938 2.891914 1 2
1 2.536207 2.351269 0.9510938 2.891711 1 2
1 2.546374 2.383431 1 2.907105 0.9182577 2
1 2.546144 2.383431 1 2.90697 0.9182577 2
1 2.521812 2.357338 0.9326982 2.871058 0.9115373 2
1 2.52189 2.357504 0.9326982 2.871195 0.9115373 2
1 2.499359 2.357421 0.9326982 2.836901 0.8623284 2
1 2.490336 2.337662 1 2.837039 0.8623284 2
1 2.490493 2.337578 1 2.837108 0.8623284 2
1 2.419132 2.234846 0.9804297 2.769798 0.8624793 2
1 2.419132 2.234846 0.9804297 2.769798 0.8624793 2
1 2.415488 2.250206 1 2.778406 0.8668498 2
1 2.415488 2.25012 1 2.778265 0.8668498 2
1 2.362315 2.244371 1 2.684965 0.9358082 2
1 2.36248 2.244459 1 2.684965 0.9358082 2
1 2.346853 2.242103 0.957875 2.660946 0.8391084 2
1 2.346853 2.24219 0.957875 2.661019 0.8391084 2
1 2.292772 2.117755 1 2.678469 0.8489648 2
1 2.292686 2.117755 1 2.678177 0.8489648 2
1 2.32692 2.146122 1 2.712599 0.8400204 2
1 2.326668 2.146031 1 2.712455 0.8400204 2
1 2.326751 2.146031 1 2.712455 0.8400204 2
1 2.30605 2.125504 1 2.683069 0.7140105 2
1 2.305966 2.125596 1 2.683069 0.7140105 2
1 2.290124 2.1071 0.974907 2.657781 1 2
1 2.290038 2.1071 0.974907 2.657633 1 2
1 2.326163 2.147854 1 2.658002 0.9031733 2
1 2.326163 2.148127 1 2.658223 0.9031733 2
1 2.313845 2.102451 0.9640917 2.681756 0.9030544 2
1 2.314099 2.102823 0.9640917 2.682048 0.9030544 2
1 2.276237 2.049946 1 2.658296 1 2
1 2.276237 2.049946 1 2.658149 1 2
1 2.307917 2.105056 0.9380151 2.688462 1 2
1 2.308086 2.104963 0.9380151 2.688754 1 2
1 2.308002 2.105242 0.9380151 2.688608 1 2
1 2.366867 2.120711 1 2.770645 0.9379926 2
1 2.366702 2.120618 1 2.770645 0.9379926 2
1 2.379404 2.115629 0.9579408 2.78748 0.7670484 2
1 2.379239 2.115536 0.9579408 2.787409 0.7670484 2
1 2.337662 2.105428 0.9933875 2.735522 1 2
1 2.337662 2.105428 0.9933875 2.735522 1 2
1 2.295758 2.105428 0.9933875 2.642047 0.9984184 2
1 2.301718 2.107936 1 2.641973 0.9984184 2
1 2.301718 2.107936 1 2.642121 0.9984184 2
1 2.299165 2.130563 1 2.661975 0.8759428 2
1 2.298995 2.130287 1 2.661755 0.8759428 2
1 2.271934 2.119326 1 2.632398 0.9290718 2
1 2.272192 2.119603 1 2.63277 0.9290718 2
1 2.235721 2.100496 0.9768479 2.542066 1 2
1 2.235897 2.100496 0.9768479 2.542066 1 2
1 2.191156 2.042773 0.9781083 2.495832 0.8666134 2
1 2.191246 2.042773 0.9781083 2.495989 0.8666134 2
1 2.222816 2.08816 0.9232241 2.516062 0.97958 2
1 2.223079 2.088348 0.9232241 2.51614 0.97958 2
1 2.291405 2.132491 0.8857598 2.616138 0.7633048 2
1 2.291235 2.132674 0.8857598 2.616213 0.7633048 2
1 2.291149 2.132582 0.8857598 2.615914 0.7633048 2
1 2.256981 2.136158 0.9173276 2.551136 0.727172 2
1 2.256721 2.135975 0.9173276 2.550829 0.727172 2
1 2.271675 2.162746 0.8148716 2.557649 0.8382974 2
1 2.271675 2.162746 0.8148716 2.557725 0.8382974 2
1 2.307662 2.15731 0.9856141 2.600905 0.8478106 2
1 2.307662 2.157491 0.9856141 2.600755 0.8478106 2
1 2.362149 2.19071 1 2.659327 0.8269564 2
1 2.362232 2.190531 1 2.659327 0.8269564 2
1 2.392611 2.232129 1 2.708916 0.7275223 2
1 2.392692 2.232305 1 2.708916 0.7275223 2
1 2.376852 2.20948 0.9537989 2.70935 0.9476475 2
1 2.37677 2.20948 0.9537989 2.70935 0.9476475 2
1 2.38261 2.254117 1 2.681391 0.9952496 2
1 2.38261 2.25403 1 2.681318 0.9952496 2
1 2.384826 2.293284 1 2.63158 0.9838473 2
1 2.38458 2.293028 1 2.631357 0.9838473 2
1 2.317395 2.293199 1 2.52507 0.864245 2
1 2.299591 2.128816 0.8881145 2.52507 0.864245 2
1 2.299506 2.128724 0.8881145 2.524837 0.864245 2
1 2.3446 2.311645 0.6022327 2.418566 0.6922457 2
1 2.344851 2.311899 0.6022327 2.418808 0.6922457 2
1 1.257566 2.488764 0.2457124 0.01978234 0 2
1 1.258033 2.488764 0.2457124 0 0 2
1 1.320565 2.614566 0.2758652 0.01978234 0 2
1 1.320565 2.614491 0.2758652 0 0 2
1 3.362666 5.224048 0.4637819 2.062699 0.4269597 2
1 3.362608 5.223935 0.4637819 2.06251 0.4269597 2
1 3.38992 5.223935 0.4637819 2.074242 0.5222005 2
1 3.291166 4.867316 0.3348311 2.075563 0.6766806 2
1 3.291226 4.867276 0.3348311 2.075752 0.6766806 2
1 2.748443 3.702269 0.4115606 1.903206 0.7618002 2
1 2.748585 3.702216 0.4115606 1.903309 0.7618002 2
1 2.515206 3.351118 0.5907117 1.743945 0.5817642 2
1 2.515673 3.351352 0.5907117 1.744282 0.5817642 2
1 2.541373 3.351177 0.5907117 1.778833 0.6429088 2
1 2.541681 3.351293 0.5907117 1.779163 0.6429088 2
1 2.541373 3.35106 0.5907117 1.778943 0.6429088 2
1 2.385401 2.987406 0.5321345 1.783667 0.8342054 2
1 2.385483 2.987603 0.5321345 1.783557 0.8342054 2
1 2.257414 2.721532 1 1.804068 0.9048833 2
1 2.257501 2.721676 1 1.804176 0.9048833 2
1 2.220261 2.613143 1 1.86645 0.9279565 2
1 2.220172 2.613219 1 1.86645 0.9279565 2
1 2.241405 2.630464 1 1.92071 1 2
1 2.241492 2.630538 1 1.920812 1 2
1 2.236072 2.567502 1 1.985147 0.8475309 2
1 2.236247 2.567655 1 1.985245 0.8475309 2
1 2.234233 2.530335 1 2.0374 0.9512377 2
1 2.234058 2.530181 1 2.037592 0.9512377 2
1 2.265118 2.527394 1 2.097045 0.92889 2
1 2.264945 2.527162 1 2.096859 0.92889 2
1 2.265031 2.527239 1 2.097045 0.92889 2
1 2.218497 2.51785 1 2.04028 0.9330713 2
1 2.218673 2.518006 1 2.040376 0.9330713 2
1 2.204514 2.425596 1 2.106079 0.7750521 2
1 2.204514 2.425677 1 2.106171 0.7750521 2
1 2.210543 2.464184 1 2.13194 0.7686185 2
1 2.210543 2.464025 1 2.131848 0.7686185 2
1 2.16844 2.395472 1 2.104126 0.8495864 2
1 2.16844 2.395472 1 2.10394 0.8495864 2
1 2.102079 2.303163 0.9949982 2.087504 0.9009576 2
1 2.101707 2.302908 0.9949982 2.087317 0.9009576 2
1 2.070559 2.236072 0.9434764 2.085065 0.991023 2
1 2.070559 2.235897 0.9434764 2.085253 0.991023 2
1 2.032014 2.119326 0.9658226 2.128265 0.8405016 2
1 2.032399 2.11951 0.9658226 2.128816 0.8405016 2
1 1.994589 2.063079 1 2.111091 0.8961432 2
1 1.994589 2.062889 1 2.110905 0.8961432 2
1 2.052617 2.083657 1 2.204869 0.963454 2
1 2.052236 2.083187 1 2.204602 0.963454 2
1 2.052331 2.083375 1 2.20478 0.963454 2
1 2.105707 2.125688 0.9536476 2.272278 0.9601157 2
1 2.105893 2.125688 0.9536476 2.272192 0.9601157 2
1 2.147489 2.173849 1 2.323806 0.9318109 2
1 2.147672 2.174029 1 2.32389 0.9318109 2
1 2.151678 2.219732 0.9487434 2.282762 0.9448008 2
1 2.151587 2.219555 0.9487434 2.282591 0.9448008 2
1 2.227389 2.201849 0.9496291 2.417999 1 2
1 2.227653 2.201849 0.9496291 2.41808 1 2
1 2.187491 2.155949 0.9610305 2.418161 1 2
1 2.187222 2.155858 0.9610305 2.417999 1 2
1 2.187491 2.15613 0.9610305 2.418242 1 2
1 2.179603 2.16564 1 2.365461 0.9059803 2
1 2.179603 2.16564 1 2.365544 0.9059803 2
1 2.205668 2.231164 1 2.376852 0.8714531 2
1 2.205579 2.230989 1 2.376688 0.8714531 2
1 2.212401 2.287216 1 2.348021 0.9271089 2
1 2.212224 2.287131 1 2.347854 0.9271089 2
1 2.241754 2.287131 1 2.405582 0.8516084 2
1 2.241928 2.287302 1 2.405664 0.8516084 2
1 2.296355 2.341593 0.9059518 2.436787 0.7901682 2
1 2.296269 2.341593 0.9059518 2.436707 0.7901682 2
1 2.296184 2.34176 0.9059518 2.436707 0.7901682 2
1 2.322036 2.402733 0.9338406 2.419779 0.863179 2
1 2.322036 2.402814 0.9338406 2.41986 0.863179 2
1 2.439596 2.486797 1 2.548833 0.8148971 2
1 2.439757 2.486876 1 2.548986 0.8148971 2
1 2.418242 2.423416 0.9912812 2.565138 0.9297832 2
1 2.417999 2.423255 0.9912812 2.565214 0.9297832 2
1 2.409891 2.419779 0.9083384 2.559944 0.8354644 2
1 2.410053 2.41986 0.9083384 2.560173 0.8354644 2
1 2.456865 2.51754 1 2.570778 0.8802337 2
1 2.456865 2.517695 1 2.571007 0.8802337 2
1 2.425031 2.477887 1 2.547835 0.8473404 2
1 2.42495 2.477966 1 2.547681 0.8473404 2
1 2.480098 2.51855 0.9783604 2.609471 0.9318132 2
1 2.480019 2.518783 0.9783604 2.609621 0.9318132 2
1 2.442643 2.478835 0.990756 2.568569 1 2
1 2.442643 2.478519 0.990756 2.568722 1 2
1 2.461004 2.478598 0.990756 2.604139 0.9432806 2
1 2.465057 2.500455 1 2.604139 0.9432806 2
1 2.464978 2.50022 1 2.603989 0.9432806 2
1 2.492771 2.555276 1 2.608045 0.8622372 2
1 2.492693 2.555276 1 2.607895 0.8622372 2
1 2.57192 2.673641 0.9660698 2.648115 1 2
1 2.57192 2.673495 0.9660698 2.648189 1 2
1 2.601282 2.66271 1 2.70226 0.7114265 2
1 2.601056 2.662564 1 2.702188 0.7114265 2
1 2.714258 2.763855 1 2.82764 0.9325231 2
1 2.714114 2.763713 1 2.827501 0.9325231 2
1 2.799462 2.889408 0.9842023 2.855882 0.8414919 2
1 2.799462 2.889341 0.9842023 2.855882 0.8414919 2
1 2.807841 2.874465 0.9772958 2.902792 1 2
1 2.80791 2.874533 0.9772958 2.902657 1 2
1 2.800651 2.821402 0.9299037 2.898675 0.7832987 2
1 2.80079 2.821402 0.9299037 2.898675 0.7832987 2
1 2.866691 2.894418 1 2.973943 0.9880033 2
1 2.866965 2.894688 1 2.974206 0.9880033 2
1 2.866896 2.894621 1 2.97414 0.9880033 2
1 2.882286 2.885409 1 3.011814 0.9583379 2
1 2.882354 2.885409 1 3.011879 0.9583379 2
1 2.902657 2.960484 0.9772632 2.980846 1 2
1 2.902657 2.960352 0.9772632 2.980781 1 2
1 2.884391 2.972033 1 2.952472 0.9381599 2
1 2.884323 2.971902 1 2.952605 0.9381599 2
1 2.866555 2.938849 0.9707261 2.969134 0.9082498 2
1 2.866555 2.938915 0.9707261 2.969134 0.9082498 2
1 2.839591 2.829646 0.9832115 3.004786 0.881762 2
1 2.839797 2.829993 0.9832115 3.004982 0.881762 2
1 2.831237 2.838281 0.9812833 2.995063 0.8809429 2
1 2.831168 2.83835 0.9812833 2.995063 0.8809429 2
1 2.710433 2.752642 0.939927 2.855402 0.7625165 2
1 2.710578 2.752713 0.939927 2.855471 0.7625165 2
1 2.682194 2.725342 0.9175149 2.809861 0.9189533 2
1 2.682048 2.725414 0.9175149 2.809861 0.9189533 2
1 2.682194 2.725342 0.9175149 2.810001 0.9189533 2
1 2.718294 2.813899 1 2.787409 0.8820575 2
1 2.718438 2.814108 1 2.78755 0.8820575 2
1 2.705952 2.696314 0.9207249 2.874874 0.93828 2
1 2.705807 2.696169 0.9207249 2.874738 0.93828 2
1 2.634257 2.631878 0.944966 2.803375 0.8785137 2
1 2.634108 2.631878 0.944966 2.803305 0.8785137 2
1 2.594123 2.54068 0.9552225 2.816055 0.8935062 2
1 2.594048 2.540603 0.9552225 2.815777 0.8935062 2
1 2.57914 2.532269 0.9375337 2.77114 0.7511821 2
1 2.579368 2.532423 0.9375337 2.77114 0.7511821 2
1 2.579216 2.532346 0.9375337 2.770999 0.7511821 2
1 2.607294 2.532887 1 2.844481 0.7145187 2
1 2.607445 2.533041 1 2.84455 0.7145187 2
1 2.541219 2.373638 0.9492874 2.82168 0.8002754 2
1 2.541142 2.373638 0.9492874 2.82168 0.8002754 2
1 2.519249 2.346353 0.9774984 2.843793 0.8104627 2
1 2.519172 2.346353 0.9774984 2.843793 0.8104627 2
1 2.484907 2.334059 0.979336 2.800441 0.8449746 2
1 2.485065 2.334226 0.979336 2.800441 0.8449746 2
1 2.435823 2.333388 1 2.719086 0.7490876 2
1 2.435823 2.33322 1 2.719086 0.7490876 2
1 2.402163 2.289013 0.915901 2.707616 0.8524062 2
1 2.402081 2.288927 0.915901 2.707543 0.8524062 2
1 2.402081 2.288927 0.915901 2.707616 0.8524062 2
1 2.36695 2.228444 0.9263401 2.703057 0.9994583 2
1 2.367033 2.228532 0.9263401 2.703057 0.9994583 2
1 2.340757 2.220525 1 2.622415 0.7441583 2
1 2.340757 2.220613 1 2.622415 0.7441583 2
1 2.295587 2.229409 0.8029804 2.48538 0.8053696 2
1 2.295502 2.229322 0.8029804 2.485143 0.8053696 2
1 3.044011 3.758382 0.8656005 2.416056 0.5340079 2
1 3.044075 3.758277 0.8656005 2.416056 0.5340079 2
1 3.202591 3.92381 0.3447389 2.503271 0.427971 2
1 3.202529 3.92376 0.3447389 2.503349 0.427971 2
1 3.262908 4.017076 0.7722502 2.529097 0.6152177 2
1 3.262608 4.016735 0.7722502 2.528943 0.6152177 2
1 3.200083 3.865739 0.8072522 2.543452 0.6896732 2
1 3.200389 3.865942 0.8072522 2.54376 0.6896732 2
1 3.204791 3.865992 0.8072522 2.543606 0.7256146 2
1 3.069755 3.597661 0.9794549 2.543375 0.7256146 2
1 3.069628 3.597606 0.9794549 2.543221 0.7256146 2
1 2.894756 3.227435 0.9219453 2.566816 0.7180952 2
1 2.894891 3.227435 0.9219453 2.56674 0.7180952 2
1 2.89435 3.23289 0.9323888 2.576027 0.9525368 2
1 2.894418 3.23295 0.9323888 2.575951 0.9525368 2
1 2.873103 3.176628 0.9650118 2.594878 0.7768716 2
1 2.873239 3.176751 0.9650118 2.595029 0.7768716 2
1 2.838832 3.12487 0.9625478 2.592614 0.8473181 2
1 2.838901 3.124995 0.9625478 2.592765 0.8473181 2
1 2.844963 3.025109 1 2.705952 0.8140549 2
1 2.844894 3.025045 1 2.705807 0.8140549 2
1 2.803096 2.93218 1 2.741312 0.9274992 2
1 2.803166 2.932247 1 2.741454 0.9274992 2
1 2.760382 2.862386 0.9626184 2.722539 0.7689937 2
1 2.76024 2.862454 0.9626184 2.722611 0.7689937 2
1 2.748158 2.854991 1 2.730652 0.9613373 2
1 2.748016 2.854853 1 2.730437 0.9613373 2
1 2.755343 2.855059 1 2.742454 0.9302435 2
1 2.762792 2.896986 0.9451395 2.742668 0.9302435 2
1 2.76265 2.896919 0.9451395 2.742525 0.9302435 2
1 2.750721 2.834623 0.9083381 2.768808 0.9368258 2
1 2.750365 2.834416 0.9083381 2.768596 0.9368258 2
1 2.692827 2.70465 0.9825227 2.775657 0.9532185 2
1 2.692755 2.704505 0.9825227 2.775657 0.9532185 2
1 2.600529 2.609846 0.9878438 2.682048 0.8541843 2
1 2.600604 2.609921 0.9878438 2.681975 0.8541843 2
1 2.600604 2.609996 0.9878438 2.682194 0.8541843 2
1 2.630911 2.628529 0.9091063 2.734019 0.9130112 2
1 2.630762 2.628231 0.9091063 2.73366 0.9130112 2
1 2.65203 2.619503 0.9489485 2.778406 0.995119 2
1 2.651809 2.619353 0.9489485 2.778336 0.995119 2
1 2.660578 2.633439 1 2.788884 0.7852128 2
1 2.660578 2.633365 1 2.788884 0.7852128 2
1 2.584902 2.562313 1 2.715124 0.9307423 2
1 2.584523 2.562008 1 2.715051 0.9307423 2
1 2.588004 2.570855 0.8945066 2.739097 0.842198 2
1 2.587853 2.570626 0.8945066 2.739026 0.842198 2
1 2.594425 2.570626 0.8945066 2.755201 0.9817976 2
1 2.59435 2.570778 0.8945066 2.75513 0.9817976 2
1 2.59435 2.57055 0.8945066 2.75513 0.9817976 2
1 2.563306 2.549063 1 2.727783 0.9213961 2
1 2.563153 2.549063 1 2.727711 0.9213961 2
1 2.55696 2.50585 1 2.770221 0.8027243 2
1 2.556807 2.50585 1 2.770151 0.8027243 2
1 2.483883 2.456387 0.9584599 2.67803 0.8579028 2
1 2.483962 2.456307 0.9584599 2.67825 0.8579028 2
1 2.483647 2.508973 0.9414395 2.64138 0.8711877 2
1 2.483568 2.509051 0.9414395 2.641232 0.8711877 2
1 2.48136 2.486167 1 2.664548 0.7719374 2
1 2.481281 2.485931 1 2.664327 0.7719374 2
1 2.493478 2.536053 1 2.632101 0.9208854 2
1 2.493557 2.53613 1 2.632026 0.9208854 2
1 2.493321 2.535821 1 2.631952 0.9208854 2
1 2.493557 2.53613 1 2.632101 0.9208854 2
1 2.493557 2.536053 1 2.632101 0.9208854 2
1 2.493478 2.536053 1 2.631952 0.9208854 2
1 2.493557 2.536285 1 2.63225 0.9208854 2
1 2.375617 2.419051 1 2.585507 0.9465688 2
1 2.375452 2.419051 1 2.585204 0.9465688 2
1 2.397106 2.490965 1 2.592161 1 2
1 2.396861 2.490808 1 2.592085 1 2
1 2.393347 2.484986 1 2.605567 0.7950988 2
1 2.393347 2.485143 1 2.605717 0.7950988 2
1 2.376358 2.471243 0.9408383 2.565596 0.8126141 2
1 2.37644 2.471322 0.9408383 2.565748 0.8126141 2
1 2.376358 2.471243 0.9408383 2.565596 0.8126141 2
1 2.320518 2.374628 0.9386653 2.542066 0.8415877 2
1 2.320687 2.374875 0.9386653 2.542066 0.8415877 2
1 2.293113 2.369429 1 2.483174 0.9295346 2
1 2.293113 2.369512 1 2.483331 0.9295346 2
1 2.311391 2.415246 1 2.483174 0.9295346 2
1 2.311561 2.415488 1 2.483253 0.9295346 2
1 2.248292 2.413462 1 2.367281 0.9912766 2
1 2.248466 2.413462 1 2.367281 0.9912766 2
1 2.184357 2.345101 1 2.316889 0.8876152 2
1 2.184268 2.345185 1 2.316889 0.8876152 2
1 2.271072 2.342596 1 2.576179 0.6867142 2
1 2.271158 2.342513 1 2.57633 0.6867142 2
1 2.271072 2.342429 1 2.57633 0.6867142 2
1 2.636856 2.593293 0.8139743 2.923622 0.8770253 2
1 2.636856 2.593293 0.8139743 2.923622 0.8770253 2
1 2.746947 2.711805 0.9689469 2.995652 0.8317233 2
1 2.747018 2.71195 0.9689469 2.995717 0.8317233 2
1 2.724049 2.645675 1 3.050821 0.9801299 2
1 2.72412 2.645897 1 3.050884 0.9801299 2
1 2.723833 2.645527 1 3.050692 0.9801299 2
1 2.696895 2.580582 1 3.046068 0.9436571 2
1 2.697185 2.580961 1 3.04639 0.9436571 2
1 2.6594 2.563077 0.9605038 2.991794 0.8177777 2
1 2.659106 2.562924 0.9605038 2.991532 0.8177777 2
1 2.585129 2.47844 1 2.938383 1 2
1 2.584977 2.478598 1 2.938383 1 2
1 2.587172 2.539216 1 2.855265 0.8867943 2
1 2.586945 2.538984 1 2.855265 0.8867943 2
1 2.634257 2.721461 1 2.758041 0.8203896 2
1 2.634554 2.721748 1 2.758254 0.8203896 2
1 2.628007 2.958963 0.7336021 2.419132 0.8054203 2
1 2.628156 2.959029 0.7336021 2.419294 0.8054203 2
1 2.586416 2.959029 0.7336021 2.337745 0.2766827 2
1 2.710939 3.237731 0.4463743 2.337578 0.2766827 2
1 2.711011 3.237912 0.4463743 2.337662 0.2766827 2
1 1.698351 3.373884 0.3641945 0.02797646 0 2
1 1.698235 3.373768 0.3641945 0.01978234 0 2
1 1.72805 3.432336 0.3786185 0.03426402 0 2
1 1.727711 3.432108 0.3786185 0.01978234 0 2
1 1.727597 3.432222 0.3786185 0.03426402 0 2
1 1.740576 3.45706 0.3770903 0.01978234 0 2
1 1.740351 3.45706 0.3770903 0.03426402 0 2
1 3.032219 3.938505 0.4682767 2.166815 0.3411337 2
1 3.032284 3.938555 0.4682767 2.166815 0.3411337 2
1 3.04639 3.871054 0.6572361 2.236597 0.5802181 2
1 3.046325 3.871003 0.6572361 2.236684 0.5802181 2
1 3.046518 3.871104 0.6572361 2.236684 0.5802181 2
1 2.930043 3.704912 0.8883082 2.163922 0.5641037 2
1 2.930243 3.705123 0.8883082 2.164104 0.5641037 2
1 2.792742 3.496984 1 2.089753 0.6757416 2
1 2.792812 3.496872 1 2.089566 0.6757416 2
1 2.785583 3.420622 1 2.150586 0.8125331 2
1 2.785724 3.420737 1 2.150859 0.8125331 2
1 2.851149 3.433591 1 2.275205 0.9114554 2
1 2.85108 3.433534 1 2.275291 0.9114554 2
1 2.851149 3.43342 1 2.275119 0.9114554 2
1 2.952936 3.474742 1 2.435742 0.7095101 2
1 2.952936 3.474685 1 2.435823 0.7095101 2
1 2.990485 3.473784 1 2.526542 0.9008002 2
1 2.990485 3.47384 1 2.526619 0.9008002 2
1 2.943042 3.355905 0.9870784 2.555582 0.9391276 2
1 2.942976 3.355964 0.9870784 2.555582 0.9391276 2
1 2.916248 3.247391 1 2.615464 0.7485272 2
1 2.916315 3.247331 1 2.61554 0.7485272 2
1 2.916315 3.247391 1 2.615614 0.7485272 2
1 2.87174 3.127751 0.942066 2.67708 0.8906962 2
1 2.871604 3.127625 0.942066 2.676934 0.8906962 2
1 2.78748 3.121172 1 2.547143 0.920382 2
1 2.78748 3.121172 1 2.547297 0.920382 2
1 2.759034 3.133816 1 2.505538 0.7534608 2
1 2.758822 3.133691 1 2.50546 0.7534608 2
1 2.751717 3.084388 0.9587904 2.530335 0.8512986 2
1 2.751575 3.084452 0.9587904 2.530335 0.8512986 2
1 2.745521 3.084388 0.9587904 2.539601 0.8210131 2
1 2.745521 3.084388 0.9587904 2.539678 0.8210131 2
1 2.71743 3.041116 0.8822553 2.539601 0.8210131 2
1 2.600228 2.890763 1 2.472114 0.9699394 2
1 2.600228 2.890763 1 2.472272 0.9699394 2
1 2.583311 2.858965 1 2.449125 0.8515292 2
1 2.583235 2.859033 1 2.449205 0.8515292 2
1 2.593218 2.876644 0.9129618 2.487663 0.8222362 2
1 2.593142 2.876644 0.9129618 2.487663 0.8222362 2
1 2.527704 2.770221 1 2.441361 0.8285663 2
1 2.527627 2.77008 1 2.4412 0.8285663 2
1 17.41075 18.08475 0.870146 16.73864 0.7485791 3
1 17.4106 18.08457 0.870146 16.73846 0.7485791 3
1 17.39542 18.1202 1 16.67204 0.8674466 3
1 17.39532 18.1201 1 16.67196 0.8674466 3
1 17.37345 18.0711 0.9604641 16.67825 0.9516912 3
1 17.37343 18.0711 0.9604641 16.6782 0.9516912 3
1 17.40197 18.20805 1 16.59738 0.8545655 3
1 17.40193 18.20801 1 16.59735 0.8545655 3
1 17.40194 18.20797 1 16.59737 0.8545655 3
1 17.41273 18.12992 1 16.69693 0.8694518 3
1 17.41264 18.12982 1 16.69684 0.8694518 3
1 17.40347 18.1098 0.9944581 16.69854 1 3
1 17.40344 18.10977 0.9944581 16.69848 1 3
1 17.4466 18.20657 1 16.68806 0.8075539 3
1 17.4466 18.20657 1 16.68812 0.8075539 3
1 16.95787 17.41911 0.5917271 16.49719 0.6429518 3
1 16.95776 17.41903 0.5917271 16.49711 0.6429518 3
1 7.492424 5.649064 0.5269826 9.359669 0.7749262 3
1 7.492503 5.649098 0.5269826 9.359689 0.7749262 3
1 4.630539 5.131868 0.2489279 4.575859 0.6677844 3
1 4.630328 5.131677 0.2489279 4.575687 0.6677844 3
1 4.630455 5.131753 0.2489279 4.575773 0.6677844 3
1 4.472338 5.028041 0.3504389 4.330472 0.8285871 3
1 4.472382 5.028119 0.3504389 4.330427 0.8285871 3
1 4.297557 4.59653 0.3400905 4.287154 0.7691419 3
1 4.297466 4.596573 0.3400905 4.287062 0.7691419 3
1 4.053426 4.133655 0.4821278 4.131522 0.5869399 3
1 4.053522 4.133655 0.4821278 4.131617 0.5869399 3
1 3.852495 3.727569 1 4.131569 0.5869399 3
1 3.852343 3.727621 1 4.131427 0.5869399 3
1 3.635935 3.683392 0.9098801 3.718522 0.5723483 3
1 3.636043 3.683552 0.9098801 3.718628 0.5723483 3
1 3.635935 3.683498 0.9098801 3.71868 0.5723483 3
1 3.453661 3.289798 0.6397045 3.71868 0.5723483 3
1 3.453661 3.289917 0.6397045 3.718786 0.5723483 3
1 2.101893 3.289798 0.6397045 2.541296 0.6695284 3
1 2.101986 3.289798 0.6397045 2.541219 0.6695284 3
1 2.397106 2.290551 0.8467498 2.508504 0.8908914 3
1 2.397106 2.290466 0.8467498 2.508504 0.8908914 3
1 2.36364 2.334478 0.7369636 2.399717 0.9793128 3
1 2.363474 2.33431 0.7369636 2.399472 0.9793128 3
1 2.373144 2.37471 0.634221 2.376029 0.8649247 3
1 2.373144 2.374793 0.634221 2.376111 0.8649247 3
1 2.373309 2.374958 0.634221 2.376276 0.8649247 3
1 2.356176 2.409079 0.8875209 2.304607 0.8053527 3
1 2.356009 2.408997 0.8875209 2.304522 0.8053527 3
1 2.443124 2.536979 0.8479868 2.360243 0.8661039 3
1 2.443044 2.536902 0.8479868 2.360159 0.8661039 3
1 2.504287 2.620026 0.9525083 2.398004 0.8695282 3
1 2.504131 2.619876 0.9525083 2.398004 0.8695282 3
1 2.556118 2.666751 0.8153636 2.455829 0.9071998 3
1 2.555888 2.666604 0.8153636 2.45567 0.9071998 3
1 2.538522 2.696314 0.8449364 2.382527 1 3
1 2.538522 2.696387 0.8449364 2.382363 1 3
1 2.479545 2.606844 1 2.352185 0.9578173 3
1 2.479466 2.606694 1 2.352268 0.9578173 3
1 2.434537 2.549601 0.972776 2.320097 0.9470228 3
1 2.434456 2.549601 0.972776 2.319928 0.9470228 3
1 2.396371 2.54499 1 2.248814 1 3
1 2.396207 2.544837 1 2.248553 1 3
1 2.342262 2.469579 0.9944118 2.21523 0.9724665 3
1 2.342095 2.469341 0.9944118 2.214877 0.9724665 3
1 2.342429 2.469658 0.9944118 2.21523 0.9724665 3
1 2.309189 2.425112 0.9863336 2.192942 0.9320645 3
1 2.309019 2.425112 0.9863336 2.192853 0.9320645 3
1 2.274258 2.384252 0.9695049 2.164465 0.853555 3
1 2.274431 2.384334 0.9695049 2.164646 0.853555 3
1 2.228883 2.3249 0.9615055 2.133041 0.8884216 3
1 2.228883 2.324732 0.9615055 2.132949 0.8884216 3
1 2.289526 2.393101 1 2.18588 0.9833403 3
1 2.289526 2.393183 1 2.18588 0.9833403 3
1 2.252988 2.349354 0.9474544 2.156312 0.885183 3
1 2.252901 2.349437 0.9474544 2.156402 0.885183 3
1 2.223168 2.323553 0.8841218 2.123385 1 3
1 2.223168 2.323553 0.8841218 2.123385 1 3
1 2.205224 2.323469 0.8841218 2.08816 0.9117413 3
1 2.18588 2.284219 1 2.088254 0.9117413 3
1 2.18588 2.284134 1 2.088441 0.9117413 3
1 2.224928 2.366123 0.9398795 2.08544 1 3
1 2.224752 2.365875 0.9398795 2.08544 1 3
1 2.194191 2.325658 0.9164724 2.071032 0.9511347 3
1 2.194102 2.325742 0.9164724 2.070937 0.9511347 3
1 2.178166 2.319337 0.8748435 2.040568 0.8702764 3
1 2.178076 2.319253 0.8748435 2.040568 0.8702764 3
1 2.178166 2.319337 0.8748435 2.040472 0.8702764 3
1 2.155858 2.305032 0.9677038 2.011492 0.8897644 3
1 2.155858 2.305202 0.9677038 2.011492 0.8897644 3
1 2.074714 2.191335 0.8955498 1.968614 0.8991879 3
1 2.074809 2.191424 0.8955498 1.968713 0.8991879 3
1 1.990168 2.074148 0.8393025 1.920812 0.9381173 3
1 1.99007 2.074054 0.8393025 1.92071 0.9381173 3
1 1.950236 2.042198 1 1.873357 1 3
1 1.950135 2.042102 1 1.873148 1 3
1 1.917549 2.025841 0.9578786 1.827991 0.9527445 3
1 1.917344 2.025744 0.9578786 1.827777 0.9527445 3
1 1.828099 1.951239 0.9131862 1.735509 0.9480695 3
1 1.827991 1.951138 0.9131862 1.735396 0.9480695 3
1 2.110442 2.310375 0.4772015 1.915506 0.762322 3
1 2.110349 2.31029 0.4772015 1.915404 0.762322 3
1 2.110442 2.310375 0.4772015 1.915506 0.762322 3
1 2.459174 2.683069 0.6206275 2.235196 0.4456349 3
1 2.459095 2.68285 0.6206275 2.235284 0.4456349 3
1 2.731082 2.983078 0.5923865 2.48065 0.5847312 3
1 2.730938 2.983013 0.5923865 2.480492 0.5847312 3
1 2.870035 3.140929 0.8848848 2.599927 0.6027194 3
1 2.869967 3.140867 0.8848848 2.599927 0.6027194 3
1 2.947496 3.27381 0.758627 2.622341 0.6893727 3
1 2.947429 3.27375 0.758627 2.622341 0.6893727 3
1 3.047482 3.386222 1 2.709711 0.8852832 3
1 3.04761 3.386453 1 2.709856 0.8852832 3
1 3.115144 3.46368 0.837792 2.768101 0.9388328 3
1 3.115082 3.463737 0.837792 2.76803 0.9388328 3
1 3.135377 3.463624 0.837792 2.812438 0.9714329 3
1 3.227921 3.645347 1 2.812438 0.9714329 3
1 3.228042 3.645454 1 2.812647 0.9714329 3
1 3.176258 3.579382 0.9128421 2.776715 1 3
1 3.17632 3.579546 0.9128421 2.776926 1 3
1 3.173483 3.538561 0.9197383 2.817028 0.9615211 3
1 3.173483 3.538506 0.9197383 2.816889 0.9615211 3
1 3.154674 3.540774 0.9264704 2.771069 0.7209414 3
1 3.154612 3.540608 0.9264704 2.770928 0.7209414 3
1 3.126749 3.489922 0.8943591 2.767252 0.9177657 3
1 3.126874 3.489979 0.8943591 2.767252 0.9177657 3
1 3.134253 3.501852 0.9040408 2.766969 0.9405456 3
1 3.134191 3.501908 0.9040408 2.767111 0.9405456 3
1 3.09693 3.50174 0.9040408 2.693917 1 3
1 3.085721 3.482397 0.9765783 2.69399 1 3
1 3.085721 3.482397 0.9765783 2.69399 1 3
1 3.045233 3.434332 0.9877131 2.658812 0.9917579 3
1 3.045169 3.434332 0.9877131 2.658664 0.9917579 3
1 3.016945 3.39448 0.8797095 2.647302 1 3
1 3.01688 3.394595 0.8797095 2.647302 1 3
1 3.01701 3.394537 0.8797095 2.647376 1 3
1 3.000222 3.381709 0.8277299 2.626443 0.9017972 3
1 3.000157 3.381593 0.8277299 2.626443 0.9017972 3
1 3.059471 3.480541 0.8044438 2.649519 0.9554811 3
1 3.059407 3.480428 0.8044438 2.649445 0.9554811 3
1 2.992251 3.405421 0.8704188 2.588761 0.9152789 3
1 2.992317 3.405363 0.8704188 2.588685 0.9152789 3
1 3.018696 3.425256 1 2.621893 1 3
1 3.018891 3.425313 1 2.622117 1 3
1 3.048124 3.444749 0.8802963 2.661975 1 3
1 3.047932 3.444635 0.8802963 2.661902 1 3
1 3.117218 3.527255 0.8218837 2.720237 0.8249769 3
1 3.117218 3.5272 0.8218837 2.720237 0.8249769 3
1 3.14641 3.552973 0.803434 2.751575 0.9370173 3
1 3.146285 3.552863 0.803434 2.751504 0.9370173 3
1 3.151135 3.568041 0.8629314 2.743667 0.9505056 3
1 3.151011 3.567821 0.8629314 2.743382 0.9505056 3
1 3.150824 3.567602 0.8629314 2.743239 0.9505056 3
1 3.155418 3.673651 0.9076316 2.63886 0.9740719 3
1 3.155418 3.673651 0.9076316 2.638785 0.9740719 3
1 3.186965 3.704912 0.8696758 2.670052 1 3
1 3.186657 3.704595 0.8696758 2.669685 1 3
1 3.091235 3.541161 1 2.648263 1 3
1 3.091108 3.540995 1 2.648263 1 3
1 3.094843 3.535129 0.8483788 2.656528 1 3
1 3.094653 3.534907 0.8483788 2.656234 1 3
1 3.094273 3.622555 0.9175076 2.565291 0.9689859 3
1 3.0944 3.622663 0.9175076 2.565519 0.9689859 3
1 3.060302 3.533799 0.8739681 2.596009 0.8993844 3
1 3.060302 3.533799 0.8739681 2.596084 0.8993844 3
1 3.01915 3.454227 0.9000452 2.587626 0.8679371 3
1 3.019085 3.454114 0.9000452 2.587626 0.8679371 3
1 3.021937 3.531083 0.7781039 2.513338 0.8572646 3
1 3.021872 3.531083 0.7781039 2.51326 0.8572646 3
1 3.00635 3.531194 0.7781039 2.478835 0.898111 3
1 3.014153 3.549114 0.9528546 2.478756 0.898111 3
1 3.014283 3.549169 0.9528546 2.478993 0.898111 3
1 3.289203 4.25197 0.3810083 2.349771 0.7026529 3
1 3.289084 4.251925 0.3810083 2.349604 0.7026529 3
1 11.52525 16.93904 0 21.06447 0.781722 3
1 11.52525 16.93917 0 21.06442 0.781722 3
1 16.6755 16.93898 0 16.41254 0 3
1 16.67558 16.93909 0 16.41263 0 3
1 16.67557 16.93902 0 16.41262 0 3
1 16.67567 16.93918 0 16.41273 0 3
1 8.870307 16.93906 0 1.616284 0.4748422 3
1 8.870352 16.93908 0 1.615921 0.4748422 3
1 16.67568 16.93916 0 16.41273 0 3
1 16.67569 16.93918 0 16.41272 0 3
1 16.67569 16.93915 0 16.41271 0 3
1 16.67576 16.9392 0 16.41278 0 3
1 16.67573 16.9392 0 16.41272 0 3
1 6.303785 3.371794 0.669688 16.41281 0 3
1 6.303629 3.372027 0.669688 16.41263 0 3
1 3.102424 3.539667 0.4375961 2.80135 0 3
1 3.102613 3.539778 0.4375961 2.801489 0 3
1 3.046968 3.583755 0.4759866 2.638414 0.7377114 3
1 3.046839 3.583755 0.4759866 2.638414 0.7377114 3
1 2.991467 3.470795 0.3772949 2.586264 0.8312681 3
1 2.991663 3.470964 0.3772949 2.58634 0.8312681 3
1 2.991663 3.470908 0.3772949 2.586416 0.8312681 3
1 3.062157 3.485768 0.4119805 2.69508 0.8089534 3
1 3.061773 3.4856 0.4119805 2.694716 0.8089534 3
1 3.323958 3.934824 0.5316561 2.747588 0.8578758 3
1 3.324017 3.934923 0.5316561 2.747731 0.8578758 3
1 3.435244 4.1245 0.5603834 2.775234 0.573787 3
1 3.435586 4.124643 0.5603834 2.775587 0.573787 3
1 3.555507 4.309254 0.5838625 2.812368 0.8806536 3
1 3.555507 4.309299 0.5838625 2.812438 0.8806536 3
1 3.676795 4.499932 0.7543495 2.854511 0.8591455 3
1 3.676848 4.499932 0.7543495 2.854442 0.8591455 3
1 17.55097 27.28988 0.99 16.41262 0 3
1 17.55088 27.2898 0.99 16.4126 0 3
1 17.5509 27.28985 0.99 16.41267 0 3
1 16.67569 16.93922 0 16.41277 0 3
1 16.67577 16.93921 0 16.41275 0 3
1 16.67573 16.93922 0 16.4128 0 3
1 16.67557 16.93906 0 16.41262 0 3
1 17.3551 28.6876 0.8114914 16.41263 0 3
1 17.3551 28.68764 0.8114914 16.41263 0 3
1 16.6757 16.93917 0 16.41271 0 3
1 16.67557 16.93902 0 16.41262 0 3
1 3.205035 16.93901 0 9.09589 0.4474961 3
1 3.205096 16.93911 0 9.095695 0.4474961 3
1 16.67574 16.93922 0 16.41278 0 3
1 16.67573 16.9392 0 16.41279 0 3
1 16.67558 16.93904 0 16.41263 0 3
1 5.544326 16.9391 0 4.99073 0.4931163 3
1 5.544503 16.9392 0 4.990651 0.4931163 3
1 7.504122 16.93906 0 1.759363 0.7101719 3
1 7.504332 16.9392 0 1.75903 0.7101719 3
1 7.460088 16.93911 0 1.893619 0.768685 3
1 7.459957 16.93906 0 1.893826 0.768685 3
1 7.434372 16.93915 0 1.983963 0.7806723 3
1 7.434399 16.93913 0 1.984062 0.7806723 3
1 7.359968 16.93903 0 2.064312 0.6406938 3
1 7.360181 16.93929 0 2.063932 0.6406938 3
1 3.547458 4.949102 0.5130023 2.137441 0.8995392 3
1 3.547348 4.949062 0.5130023 2.137166 0.8995392 3
1 3.547292 4.948983 0.5130023 2.137166 0.8995392 3
1 3.212357 4.267051 0.5681729 2.173308 0.7000377 3
1 3.212296 4.267006 0.5681729 2.173398 0.7000377 3
1 3.019345 3.85153 0.6918651 2.209657 0.675706 3
1 3.019474 3.85158 0.6918651 2.209657 0.675706 3
1 2.932114 3.663991 0.6718347 2.214081 0.6550852 3
1 2.932247 3.664259 0.6718347 2.21417 0.6550852 3
1 2.886087 3.544034 0.6919535 2.236684 0.753603 3
1 2.886223 3.54409 0.6919535 2.236772 0.753603 3
1 2.886223 3.544145 0.6919535 2.236772 0.753603 3
1 2.859855 3.491829 0.7541192 2.228268 0.7164857 3
1 2.859786 3.491885 0.7541192 2.228444 0.7164857 3
1 2.850462 3.4431 0.7787198 2.255853 0.6871378 3
1 2.850462 3.442986 0.7787198 2.255766 0.6871378 3
1 2.826532 3.35468 0.7053503 2.295331 0.7537342 3
1 2.82667 3.35468 0.7053503 2.295417 0.7537342 3
1 2.790007 3.350475 0.8370237 2.227301 0.7192006 3
1 2.790007 3.350358 0.8370237 2.227214 0.7192006 3
1 3.047675 3.722627 0.5175745 2.373721 0.7600687 3
1 3.047867 3.722733 0.5175745 2.373721 0.7600687 3
1 3.423197 4.111089 0.7505084 2.912352 0.4867968 3
1 3.423254 4.111184 0.7505084 2.912487 0.4867968 3
1 3.423254 4.111184 0.7505084 2.912554 0.4867968 3
1 3.683126 4.462649 0.8298272 2.970386 0.6424885 3
1 3.683126 4.462561 0.8298272 2.970386 0.6424885 3
1 3.814697 4.565101 0.8489236 3.10255 0.7526836 3
1 3.8148 4.565187 0.8489236 3.102613 0.7526836 3
1 3.850156 4.512668 0.7023562 3.20204 0.8990601 3
1 3.850004 4.512581 0.7023562 3.201735 0.8990601 3
1 3.849088 4.476672 0.886754 3.229921 0.7154593 3
1 3.849292 4.476934 0.886754 3.230103 0.7154593 3
1 3.856407 4.460234 0.8702465 3.260627 0.8302189 3
1 3.856611 4.460366 0.8702465 3.260747 0.8302189 3
1 3.892946 4.476059 0.9237272 3.318712 0.8045282 3
1 3.893198 4.476322 0.9237272 3.319007 0.8045282 3
1 3.88484 4.447437 0.8461385 3.324311 1 3
1 3.884738 4.447393 0.8461385 3.324194 1 3
1 3.911764 4.425185 0.8711773 3.397478 1 3
1 3.911864 4.425318 0.8711773 3.39742 1 3
1 3.902442 4.425273 0.8711773 3.377364 1 3
1 3.907506 4.435353 0.7895758 3.377306 1 3
1 3.907557 4.435353 0.7895758 3.377248 1 3
1 3.863205 4.332913 0.7936547 3.39096 1 3
1 3.863459 4.33323 0.7936547 3.391248 1 3
1 3.841144 4.236835 0.8489741 3.444237 0.9268735 3
1 3.841297 4.236835 0.8489741 3.444237 0.9268735 3
1 3.803953 4.207147 0.7834073 3.399206 0.8448374 3
1 3.803902 4.207147 0.7834073 3.399264 0.8448374 3
1 3.742091 4.12374 0.7807491 3.362025 0.9077766 3
1 3.741882 4.123503 0.7807491 3.361734 0.9077766 3
1 3.742143 4.12374 0.7807491 3.361967 0.9077766 3
1 3.719575 4.103269 0.9511691 3.335776 0.9936426 3
1 3.719628 4.103221 0.9511691 3.335718 0.9936426 3
1 3.719049 4.101502 0.8128549 3.33736 0.8077729 3
1 3.718996 4.101551 0.8128549 3.337419 0.8077729 3
1 3.639057 4.023165 0.8150117 3.254377 0.9677532 3
1 3.639111 4.023214 0.8150117 3.254317 0.9677532 3
1 3.639218 4.023312 0.8150117 3.254497 0.9677532 3
1 3.586759 3.929246 0.8032933 3.243048 1 3
1 3.586541 3.929196 0.8032933 3.242927 1 3
1 3.574182 3.943225 0.8064257 3.205585 1 3
1 3.574127 3.943225 0.8064257 3.205524 1 3
1 3.631948 3.982117 0.7632513 3.28241 0.9126007 3
1 3.631948 3.982068 0.7632513 3.282351 0.9126007 3
1 3.718364 4.126731 0.847522 3.310443 1 3
1 3.718364 4.126684 0.847522 3.310384 1 3
1 3.711354 4.103889 0.7575577 3.320305 1 3
1 3.711196 4.103794 0.7575577 3.320128 1 3
1 3.734916 4.167016 0.8968132 3.310857 0.9914225 3
1 3.734758 4.166874 0.8968132 3.310679 0.9914225 3
1 3.748156 4.169928 0.9156315 3.334719 0.8676658 3
1 3.748208 4.169975 0.9156315 3.334778 0.8676658 3
1 3.72126 4.145812 0.8548831 3.299187 0.8978102 3
1 3.721523 4.145954 0.8548831 3.299424 0.8978102 3
1 3.721575 4.146049 0.8548831 3.299484 0.8978102 3
1 3.749357 4.141275 0.8490477 3.359928 0.8815695 3
1 3.749357 4.141275 0.8490477 3.35987 0.8815695 3
1 3.742143 4.123123 0.8072944 3.366216 0.9700251 3
1 3.7423 4.12317 0.8072944 3.366274 0.9700251 3
1 3.712515 4.10007 0.8147066 3.333545 0.9100194 3
1 3.712462 4.100118 0.8147066 3.333663 0.9100194 3
1 3.69581 4.059026 0.9084439 3.337537 0.9397106 3
1 3.695704 4.059123 0.9084439 3.337478 0.9397106 3
1 3.703485 4.054488 0.7590125 3.356547 0.7910545 3
1 3.703537 4.054634 0.7590125 3.356605 0.7910545 3
1 3.704172 4.03813 0.8842033 3.376553 0.9833558 3
1 3.704225 4.03813 0.8842033 3.376553 0.9833558 3
1 3.674344 4.032501 0.7905003 3.32543 1 3
1 3.674397 4.032549 0.7905003 3.325607 1 3
1 3.671625 4.032549 0.7905003 3.319243 1 3
1 3.648461 3.986443 1 3.319361 1 3
1 3.648407 3.986344 1 3.319361 1 3
1 3.58594 3.911063 0.9183896 3.266566 0.8643702 3
1 3.585995 3.911063 0.9183896 3.266626 0.8643702 3
1 3.560625 3.902793 0.7912035 3.225433 0.9648513 3
1 3.56068 3.902843 0.7912035 3.225554 0.9648513 3
1 3.543537 3.890833 0.8733265 3.210955 0.8279371 3
1 3.543592 3.890833 0.8733265 3.210955 0.8279371 3
1 3.473051 3.776935 0.9212067 3.189175 0.9245908 3
1 3.473277 3.777091 0.9212067 3.189421 0.9245908 3
1 3.48279 3.744759 0.9023556 3.233193 0.8548673 3
1 3.482565 3.744602 0.9023556 3.233011 0.8548673 3
1 3.482678 3.744654 0.9023556 3.233072 0.8548673 3
1 3.483746 3.776469 0.9593699 3.202224 0.9069412 3
1 3.483408 3.776158 0.9593699 3.201857 0.9069412 3
1 3.453377 3.714729 0.7760575 3.204852 0.7948639 3
1 3.453434 3.714677 0.7760575 3.204852 0.7948639 3
1 3.46238 3.772474 0.873509 3.168421 0.8491486 3
1 3.46238 3.772318 0.873509 3.168359 0.8491486 3
1 3.462437 3.772526 0.873509 3.168297 0.8491486 3
1 3.459382 3.750402 0.8462854 3.187211 0.9148628 3
1 3.459382 3.750349 0.8462854 3.187211 0.9148628 3
1 3.463341 3.750715 1 3.199655 0.8604167 3
1 3.463284 3.750767 1 3.199533 0.8604167 3
1 3.482228 3.773564 0.8629256 3.209552 0.7778691 3
1 3.48234 3.773616 0.8629256 3.209552 0.7778691 3
1 3.448952 3.718206 0.9913723 3.195492 0.981917 3
1 3.448838 3.718101 0.9913723 3.195369 0.981917 3
1 3.411797 3.651519 0.942409 3.183523 0.8446984 3
1 3.411682 3.651465 0.942409 3.183461 0.8446984 3
1 3.358063 3.619148 0.9081605 3.109861 0.7962496 3
1 3.358005 3.619148 0.9081605 3.109735 0.7962496 3
1 3.34954 3.618283 0.8731257 3.090158 0.9337243 3
1 3.349716 3.618499 0.8731257 3.090285 0.9337243 3
1 3.267884 3.535517 0.9275704 3.008953 0.8142526 3
1 3.267825 3.535517 0.9275704 3.008953 0.8142526 3
1 3.247693 3.535517 0.9275704 2.968145 0.8675203 3
1 3.230224 3.501013 0.8447533 2.968145 0.8675203 3
1 3.230164 3.501013 0.8447533 2.96821 0.8675203 3
1 3.20705 3.513852 1 2.918328 0.8151839 3
1 3.206806 3.513574 1 2.917993 0.8151839 3
1 3.202468 3.514131 0.9145222 2.902792 0.9820121 3
1 3.202346 3.514075 0.9145222 2.90259 0.9820121 3
1 3.178415 3.503417 0.8654377 2.86095 0.924491 3
1 3.178538 3.503529 0.8654377 2.861155 0.924491 3
1 3.189237 3.477558 0.8268782 2.906229 0.9626329 3
1 3.189114 3.477389 0.8268782 2.906162 0.9626329 3
1 3.227253 3.547017 0.7733984 2.912554 1 3
1 3.227496 3.547127 0.7733984 2.912822 1 3
1 3.266267 3.591124 0.9940032 2.946433 0.9867496 3
1 3.266267 3.591124 0.9940032 2.946499 0.9867496 3
1 3.215524 3.550548 0.7983219 2.881063 1 3
1 3.215281 3.550327 0.7983219 2.880791 1 3
1 3.215281 3.550437 0.7983219 2.88086 1 3
1 3.17823 3.542377 0.9189749 2.816472 1 3
1 3.178168 3.542211 0.9189749 2.816402 1 3
1 3.203935 3.572592 0.9008355 2.839729 1 3
1 3.203935 3.572647 0.9008355 2.839797 1 3
1 3.249621 3.670878 0.9560186 2.833587 0.9147711 3
1 3.249862 3.671092 0.9560186 2.833794 0.9147711 3
1 3.220817 3.612 0.9227412 2.832965 0.960438 3
1 3.220634 3.612 0.9227412 2.833034 0.960438 3
1 3.220756 3.612054 0.9227412 2.832965 0.960438 3
1 3.23404 3.6595 0.7654969 2.809513 0.9560692 3
1 3.234101 3.659606 0.7654969 2.809583 0.9560692 3
1 3.162855 3.718944 0.6174002 2.612245 0.902863 3
1 3.162731 3.718838 0.6174002 2.61217 0.902863 3
1 3.162731 3.718838 0.6174002 2.612245 0.902863 3
1 3.303635 3.718838 0.6174002 3.23077 0.5500089 3
1 3.303753 3.718944 0.6174002 3.23083 0.5500089 3
1 16.67551 16.93898 0 16.41255 0 3
1 16.67565 16.93914 0 16.41271 0 3
1 16.67561 16.93907 0 16.41263 0 3
1 16.67562 16.93909 0 16.4126 0 3
1 16.67568 16.93911 0 16.41269 0 3
1 4.30507 7.900999 0.5587734 16.41267 0 3
1 4.305116 7.9009 0.5587734 16.41277 0 3
1 4.262551 7.766272 0.3325985 16.41262 0 3
1 4.262689 7.76612 0.3325985 16.41282 0 3
1 4.262597 7.766171 0.3325985 16.41277 0 3
1 4.910394 7.803762 0.4020345 2.160392 0 3
1 4.910434 7.803711 0.4020345 2.160483 0 3
1 3.331548 4.339192 0.7620638 2.340423 0.7237685 3
1 3.331489 4.339237 0.7620638 2.340256 0.7237685 3
1 3.39765 4.305525 0.8077155 2.498183 0.5901225 3
1 3.397708 4.305661 0.8077155 2.49834 0.5901225 3
1 3.375335 4.201931 0.7581073 2.548833 0.8068519 3
1 3.375045 4.201651 0.7581073 2.548603 0.8068519 3
1 3.335952 4.100834 0.8011351 2.570855 0.7881045 3
1 3.336011 4.100834 0.8011351 2.570855 0.7881045 3
1 3.36255 4.100882 0.8011351 2.622042 0.8131768 3
1 3.345388 4.06799 0.8623591 2.622042 0.8131768 3
1 3.345271 4.067798 0.8623591 2.621893 0.8131768 3
1 3.377596 4.103937 0.6679128 2.652177 0.7222691 3
1 3.377712 4.103937 0.6679128 2.652325 0.7222691 3
1 3.321424 4.009367 0.8457938 2.632547 0.8687182 3
1 3.321424 4.009465 0.8457938 2.632696 0.8687182 3
1 3.324665 3.987622 0.7076175 2.660063 0.9038566 3
1 3.324665 3.987671 0.7076175 2.660063 0.9038566 3
1 3.318889 4.030849 0.9507587 2.605041 0.8164061 3
1 3.318948 4.030946 0.9507587 2.605191 0.8164061 3
1 3.31198 3.993069 0.6126945 2.627337 0.7469494 3
1 3.31198 3.993069 0.6126945 2.627486 0.7469494 3
1 3.32749 4.023165 0.8499445 2.627561 0.8421398 3
1 3.327431 4.023117 0.8499445 2.627486 0.8421398 3
1 3.316824 4.023312 0.8499445 2.606544 0.7681012 3
1 3.314285 4.018247 0.9939874 2.606619 0.7681012 3
1 3.314225 4.018198 0.9939874 2.606619 0.7681012 3
1 3.347318 3.990861 0.8337048 2.701753 0.6492534 3
1 3.347202 3.990665 0.8337048 2.701536 0.6492534 3
1 3.425598 4.059556 0.8093032 2.794213 0.7368796 3
1 3.425656 4.059508 0.8093032 2.794283 0.7368796 3
1 3.442304 4.140613 0.7469168 2.743667 0.8547064 3
1 3.442247 4.140518 0.7469168 2.743596 0.8547064 3
1 3.427084 4.141606 0.6973498 2.709205 0.6114725 3
1 3.427027 4.141559 0.6973498 2.709133 0.6114725 3
1 3.426913 4.141369 0.6973498 2.708844 0.6114725 3
1 3.383677 4.107467 0.8620929 2.654096 0.7567917 3
1 3.38414 4.107896 0.8620929 2.654759 0.7567917 3
1 3.408811 4.166969 0.9002787 2.643677 0.7254136 3
1 3.408754 4.166874 0.9002787 2.643528 0.7254136 3
1 3.354622 4.056179 0.770403 2.648189 0.8306002 3
1 3.35503 4.056517 0.770403 2.648633 0.8306002 3
1 3.354972 4.056468 0.770403 2.648559 0.8306002 3
1 3.344393 4.002425 0.9002877 2.682266 0.7360095 3
1 3.344276 4.002376 0.9002877 2.682194 0.7360095 3
1 3.398054 4.072801 0.8387348 2.718726 0.789201 3
1 3.398112 4.07285 0.8387348 2.718798 0.789201 3
1 3.375509 4.077991 0.9093523 2.666824 0.7003484 3
1 3.375683 4.078183 0.9093523 2.667044 0.7003484 3
1 3.319479 3.977591 0.811608 2.657044 0.7564616 3
1 3.319302 3.977492 0.811608 2.657044 0.7564616 3
1 3.294793 3.895712 0.9420852 2.690718 0.8585567 3
1 3.294615 3.895662 0.9420852 2.690646 0.8585567 3
1 3.294852 3.895863 0.9420852 2.690864 0.8585567 3
1 3.294793 3.895712 0.9420852 2.690791 0.8585567 3
1 3.294793 3.895712 0.9420852 2.690646 0.8585567 3
1 3.294555 3.895612 0.9420852 2.6905 0.8585567 3
1 3.296872 4.014297 0.5566852 2.579368 0.7024406 3
1 3.29705 4.014541 0.5566852 2.579595 0.7024406 3
1 3.296634 4.014199 0.5566852 2.579292 0.7024406 3
1 4.750689 16.93906 0 6.765005 0.6802145 3
1 4.750812 16.9392 0 6.764716 0.6802145 3
1 16.6757 16.9392 0 16.41272 0 3
1 16.67571 16.9392 0 16.41277 0 3
1 8.462668 24.83843 0.4324241 16.41284 0 3
1 8.462739 24.83849 0.4324241 16.41272 0 3
1 16.67558 16.93902 0 16.41256 0 3
1 16.67561 16.93908 0 16.41263 0 3
1 16.67555 16.93898 0 16.41257 0 3
1 16.67571 16.93916 0 16.41274 0 3
1 16.67561 16.93911 0 16.41266 0 3
1 16.67569 16.93917 0 16.41277 0 3
1 16.67568 16.93914 0 16.41269 0 3
1 16.67567 16.93915 0 16.41273 0 3
1 7.329273 11.46628 0.8969275 3.112567 0.6131576 3
1 7.329246 11.46625 0.8969275 3.112441 0.6131576 3
1 5.483372 11.46621 0.8969275 2.414678 0.5184272 3
1 8.769567 16.93897 0 2.414678 0.5184272 3
1 8.769835 16.93929 0 2.414678 0.5184272 3
1 4.417698 8.939911 0.6195336 2.19321 0.4280039 3
1 4.417654 8.939801 0.6195336 2.193299 0.4280039 3
1 2.984784 4.314886 0.5557523 2.154223 0.5199426 3
1 2.984981 4.314931 0.5557523 2.154223 0.5199426 3
1 3.025433 4.234847 0.6941859 2.124399 0.5139796 3
1 3.025368 4.234755 0.6941859 2.124214 0.5139796 3
1 3.059471 4.222249 0.6688247 2.144936 0.4863359 3
1 3.059279 4.222064 0.6688247 2.144936 0.4863359 3
1 3.059471 4.222203 0.6688247 2.144845 0.4863359 3
1 3.119227 4.210497 0.7874593 2.191513 0.4598875 3
1 3.119289 4.210637 0.7874593 2.191513 0.4598875 3
1 3.122802 4.164007 0.6652789 2.224312 0.4720766 3
1 3.122865 4.164053 0.6652789 2.224312 0.4720766 3
1 3.124369 4.052653 0.6083375 2.305796 0.4814567 3
1 3.124432 4.052653 0.6083375 2.305796 0.4814567 3
1 3.164526 4.052846 0.6083375 2.42858 0.5740478 3
1 3.164649 4.052846 0.6083375 2.42858 0.5740478 3
1 3.21881 4.151194 0.6784272 2.442964 0.5882703 3
1 3.239907 4.225819 0.6583215 2.442964 0.5882703 3
1 3.239665 4.225634 0.6583215 2.442724 0.5882703 3
1 3.253836 4.220115 0.8016928 2.378334 0.5554143 3
1 3.253956 4.220069 0.8016928 2.378416 0.5554143 3
1 3.286702 4.228414 0.8291975 2.433813 0.52886 3
1 3.28688 4.228599 0.8291975 2.433974 0.52886 3
1 3.314934 4.251049 0.7199054 2.433974 0.5439912 3
1 3.315407 4.251371 0.7199054 2.434456 0.5439912 3
1 3.325077 4.264572 0.7630792 2.410135 0.5245416 3
1 3.324959 4.264526 0.7630792 2.409972 0.5245416 3
1 3.339237 4.204307 0.6482295 2.473776 0.6820019 3
1 3.338944 4.204074 0.6482295 2.473539 0.6820019 3
1 3.338709 4.182449 0.7327262 2.493557 0.5984624 3
1 3.338475 4.182403 0.7327262 2.493321 0.5984624 3
1 3.366797 4.182262 0.7327262 2.546605 0.6493945 3
1 3.380146 4.209381 0.8600811 2.546759 0.6493945 3
1 3.380088 4.209428 0.8600811 2.546682 0.6493945 3
1 3.415123 4.187363 0.8292357 2.635668 0.7276308 3
1 3.414951 4.187223 0.8292357 2.635445 0.7276308 3
1 3.405248 4.174904 0.7769965 2.628305 0.7265013 3
1 3.405248 4.175045 0.7769965 2.628305 0.7265013 3
1 3.380203 4.124596 0.9459391 2.629199 0.7207027 3
1 3.38003 4.124548 0.9459391 2.62905 0.7207027 3
1 3.343924 4.051396 0.7378028 2.631506 0.8017966 3
1 3.343807 4.0513 0.7378028 2.63158 0.8017966 3
1 3.342695 4.057385 0.8720509 2.62249 0.7517384 3
1 3.342929 4.057627 0.8720509 2.622714 0.7517384 3
1 3.34287 4.057675 0.8720509 2.622789 0.7517384 3
1 3.35287 4.135123 0.7585029 2.563459 0.6888008 3
1 3.352754 4.135076 0.7585029 2.563382 0.6888008 3
1 3.285093 4.035268 0.802721 2.528788 0.7817187 3
1 3.285033 4.035316 0.802721 2.528865 0.7817187 3
1 3.290393 4.049172 0.8431211 2.524527 0.7419388 3
1 3.290274 4.049172 0.8431211 2.524527 0.7419388 3
1 3.266446 4.003159 0.7806529 2.524372 0.7419388 3
1 3.287476 4.017174 0.8147221 2.556884 0.7473666 3
1 3.287595 4.017272 0.8147221 2.557037 0.7473666 3
1 3.266566 3.973847 0.6668447 2.556424 0.7347811 3
1 3.266626 3.973946 0.6668447 2.556577 0.7347811 3
1 3.23295 3.954978 0.7447071 2.504913 0.7216962 3
1 3.233011 3.954829 0.7447071 2.504991 0.7216962 3
1 3.277097 3.966745 0.7947246 2.586037 0.7056438 3
1 3.276918 3.966547 0.7947246 2.58581 0.7056438 3
1 3.329902 4.064426 0.8152761 2.592765 0.7049668 3
1 3.330019 4.06433 0.8152761 2.592689 0.7049668 3
1 3.321543 4.031869 0.9196926 2.607895 0.754053 3
1 3.321366 4.031869 0.9196926 2.60782 0.754053 3
1 3.322309 4.031772 0.9196926 2.609321 0.8476346 3
1 3.314934 4.018393 0.7891197 2.609471 0.8476346 3
1 3.314994 4.018393 0.7891197 2.609545 0.8476346 3
1 3.268304 3.894556 0.9014285 2.646932 0.7505843 3
1 3.268124 3.894455 0.9014285 2.646784 0.7505843 3
1 3.269382 3.904799 0.8243 2.63277 0.763844 3
1 3.269442 3.905 0.8243 2.632844 0.763844 3
1 3.152625 3.774187 0.7599138 2.528943 0.7521735 3
1 3.15275 3.774394 0.7599138 2.529097 0.7521735 3
1 3.161741 3.808789 0.8906176 2.51684 0.8071592 3
1 3.161927 3.808892 0.8906176 2.517151 0.8071592 3
1 3.060111 3.675197 1 2.446887 0.8464826 3
1 3.060111 3.67525 1 2.447126 0.8464826 3
1 3.073898 3.660569 0.8594497 2.497714 0.8449772 3
1 3.073834 3.660462 0.8594497 2.497714 0.8449772 3
1 3.018437 3.576646 0.7970321 2.46593 0.8771429 3
1 3.018437 3.576646 0.7970321 2.466089 0.8771429 3
1 3.018502 3.5767 0.7970321 2.466089 0.8771429 3
1 3.02265 3.592977 0.7859527 2.454873 0.7876909 3
1 3.022714 3.593031 0.7859527 2.454873 0.7876909 3
1 3.051783 3.647548 0.9473307 2.45248 0.796076 3
1 3.05159 3.647495 0.9473307 2.45248 0.796076 3
1 3.084578 3.708926 1 2.456307 0.7136494 3
1 3.084515 3.708979 1 2.456307 0.7136494 3
1 3.139371 3.749044 0.805192 2.525535 0.7573804 3
1 3.139496 3.749201 0.805192 2.52569 0.7573804 3
1 3.088194 3.668531 0.8313162 2.507724 0.77227 3
1 3.08813 3.668424 0.8313162 2.507802 0.77227 3
1 3.120293 3.722733 0.967743 2.520104 0.7962223 3
1 3.120168 3.722575 0.967743 2.520026 0.7962223 3
1 3.119603 3.699464 0.920454 2.536825 0.793865 3
1 3.119854 3.699517 0.920454 2.536979 0.793865 3
1 3.119603 3.699358 0.920454 2.536748 0.793865 3
1 3.106397 3.711143 0.7970368 2.49834 0.6567884 3
1 3.106082 3.711038 0.7970368 2.498183 0.6567884 3
1 3.115899 3.736121 0.8679279 2.493007 0.8052219 3
1 3.115836 3.735964 0.8679279 2.493007 0.8052219 3
1 3.124682 3.758382 0.8709217 2.49285 0.8052219 3
1 3.124745 3.758434 0.8709217 2.49285 0.8052219 3
1 16.67567 16.93911 0 16.41268 0 3
1 16.67559 16.93908 0 16.41261 0 3
