11 22.26683 0
11 22.26677 0
11 22.32301 0
11 22.34759 0
11 22.34773 0
11 22.34766 0
11 22.54369 0
11 22.54375 0
11 22.54375 0
11 22.86452 0
11 22.86439 0
11 22.86431 0
11 22.86449 0
11 22.99776 0
11 22.99775 0
11 22.99774 0
11 22.99772 0
11 22.87691 0
11 22.87689 0
11 22.87696 0
11 22.81533 0
11 22.81537 0
11 22.81539 0
11 22.81553 0
11 22.20145 0
11 22.20144 0
11 22.20143 0
11 21.11403 0
11 18.71855 0
11 18.71866 0
11 18.71861 0
11 17.61672 0
11 13.70975 0
11 13.70985 0
11 13.70981 0
11 13.43745 0
11 13.43737 0
11 13.43739 0
11 13.43732 0
11 13.82355 0
11 13.82355 0
11 13.82353 0
11 14.09493 0
11 14.09487 0
11 14.09501 0
11 14.095 0
11 14.27295 0
11 14.27302 0
11 14.27302 0
11 14.36542 0
11 17.97126 0
11 17.9712 0
11 17.97106 0
11 6.437666 0
11 6.437575 0
11 6.437696 0
11 6.437666 0
11 6.493409 0
11 6.49353 0
11 6.493439 0
11 6.374768 0
11 6.374799 0
11 6.374891 0
11 6.374799 0
11 6.15103 0
11 6.151126 0
11 6.151126 0
11 6.151221 0
11 6.118306 0
11 6.118306 0
11 6.118306 0
11 5.935575 0
11 5.935575 0
11 5.935543 0
11 5.93551 0
11 5.817902 0
11 5.817801 0
11 5.817834 0
11 5.818003 0
11 5.443377 0
11 5.443342 0
11 5.443198 0
11 5.420578 0
11 5.420614 0
11 5.42065 0
11 5.420614 0
11 4.860429 0
11 4.860348 0
11 4.860348 0
11 4.860429 0
11 4.596786 0
11 4.596829 0
11 4.596786 0
11 4.461332 0
11 4.461332 0
11 4.461376 0
11 4.461552 0
11 4.367402 0
11 4.367402 0
11 4.367491 0
11 4.367402 0
11 4.378911 0
11 4.378911 0
11 4.378822 0
11 4.378867 0
11 15.57511 0
11 15.5752 0
11 15.57515 0
11 15.57517 0
11 15.57508 0
11 15.57515 0
11 15.57526 0
11 15.57513 0
11 14.03996 0
11 14.03996 0
11 14.03998 0
11 14.15017 0
11 14.12909 0
11 14.12913 0
11 14.12905 0
11 13.34309 0
11 13.3431 0
11 13.34307 0
11 4.983501 0
11 5.008637 0
11 5.008677 0
11 5.00852 0
11 4.820401 0
11 4.82032 0
11 4.82032 0
11 4.820442 0
11 4.905963 0
11 4.906003 0
11 4.906044 0
11 4.906003 0
11 5.127972 0
11 5.12801 0
11 5.127972 0
11 5.163916 0
11 5.164143 0
11 5.164029 0
11 5.163991 0
11 5.199083 0
11 5.199045 0
11 5.199083 0
11 5.199045 0
11 5.17309 0
11 5.173165 0
11 5.173165 0
11 4.546226 0
11 4.546269 0
11 4.546226 0
11 4.546312 0
11 4.408156 0
11 4.408067 0
11 4.408112 0
11 4.4082 0
11 4.443913 0
11 4.443956 0
11 4.443913 0
11 4.444045 0
11 4.519694 0
11 4.519694 0
11 4.519694 0
11 4.519694 0
11 4.536089 0
11 4.536089 0
11 4.536133 0
11 4.575345 0
11 4.575345 0
11 4.57543 0
11 4.57543 0
11 4.49732 0
11 4.497407 0
11 4.497363 0
11 4.504631 0
11 4.504631 0
11 4.504544 0
11 4.504631 0
11 4.474746 0
11 4.474791 0
11 4.474791 0
11 4.455357 0
11 4.455313 0
11 4.455357 0
11 4.455225 0
11 4.441091 0
11 4.441134 0
11 4.441134 0
11 4.441091 0
11 4.438664 0
11 4.438753 0
11 4.438797 0
11 4.438797 0
11 4.348345 0
11 4.348345 0
11 4.3483 0
11 4.317245 0
11 4.71879 0
11 4.71879 0
11 4.718748 0
11 4.687301 0
11 4.687175 0
11 4.687133 0
11 4.687301 0
11 9.201674 0
11 9.201737 0
11 9.201546 0
11 4.744788 0
11 4.74483 0
11 4.744706 0
11 4.744788 0
11 4.413085 0
11 4.413174 0
11 4.413085 0
11 4.827467 0
11 4.827508 0
11 4.827467 0
11 4.827427 0
11 4.905045 0
11 4.905085 0
11 4.905165 0
11 4.905045 0
11 10.76964 0
11 10.76953 0
11 10.76964 0
11 4.784873 0
11 4.78475 0
11 4.784709 0
11 4.784873 0
11 4.791501 0
11 4.79146 0
11 4.79142 0
11 4.791542 0
11 4.830915 0
11 4.831078 0
11 4.830956 0
11 4.831078 0
11 4.830997 0
11 4.830956 0
11 4.831119 0
11 4.830956 0
11 4.820117 0
11 4.820035 0
11 4.820076 0
11 4.820239 0
11 4.82028 0
11 4.820239 0
11 4.820158 0
11 5.843182 0
11 5.843149 0
11 5.843115 0
11 5.843082 0
11 7.915346 0
11 7.915395 0
11 7.915247 0
11 4.834888 0
11 4.834766 0
11 4.83501 0
11 4.834807 0
11 4.399839 0
11 4.399795 0
11 4.399884 0
11 7.708233 0
11 7.70831 0
11 7.708412 0
11 7.70831 0
11 5.079872 0
11 5.079834 0
11 5.079795 0
11 5.079718 0
11 4.893929 0
11 4.894009 0
11 4.893889 0
11 4.893969 0
11 4.87331 0
11 4.873109 0
11 4.873109 0
11 4.873068 0
11 4.927162 0
11 4.927083 0
11 4.927083 0
11 4.927162 0
11 4.277824 0
11 4.277641 0
11 4.277687 0
11 4.823286 0
11 4.823368 0
11 4.823205 0
11 4.823408 0
11 4.775325 0
11 4.775407 0
11 4.775325 0
11 4.812877 0
11 4.812837 0
11 4.812837 0
11 4.812715 0
11 4.830713 0
11 4.830632 0
11 4.830673 0
11 4.830632 0
11 10.13558 0
11 10.13549 0
11 10.13557 0
11 4.872706 0
11 4.872706 0
11 4.872787 0
11 4.872586 0
11 4.719246 0
11 4.719329 0
11 4.719246 0
11 4.719288 0
11 4.860549 0
11 4.860549 0
11 4.860549 0
11 4.885676 0
11 4.909397 0
11 4.909237 0
11 4.909357 0
11 4.968737 0
11 4.968658 0
11 4.968658 0
11 4.968737 0
11 4.969841 0
11 4.969801 0
11 4.96992 0
11 4.96988 0
11 4.922389 0
11 4.922508 0
11 4.922428 0
11 4.922389 0
11 10.38878 0
11 10.38891 0
11 10.38876 0
11 10.15408 0
11 10.15399 0
11 10.15406 0
11 10.15402 0
11 8.401978 0
11 8.401861 0
11 8.401931 0
11 8.401931 0
11 8.400108 0
11 8.400108 0
11 8.400154 0
11 8.3871 0
11 8.395712 0
11 8.395735 0
11 8.395852 0
11 8.320672 0
11 8.320649 0
11 8.32072 0
11 8.320555 0
11 8.251073 0
11 8.251026 0
11 8.250978 0
11 8.143626 0
11 8.143602 0
11 8.14365 0
11 8.143626 0
11 8.104549 0
11 8.104452 0
11 8.104647 0
11 8.104549 0
11 8.074432 0
11 8.074456 0
11 8.074456 0
11 8.047178 0
11 8.00408 0
11 8.00408 0
11 8.003982 0
11 7.811907 0
11 7.811907 0
11 7.811932 0
11 7.811932 0
11 7.727102 0
11 7.727154 0
11 7.727154 0
11 7.757396 0
11 7.783866 0
11 7.783842 0
11 7.783816 0
11 7.723495 0
11 7.72347 0
11 7.72347 0
11 7.742809 0
11 7.628589 0
11 7.628589 0
11 7.628563 0
11 7.601709 0
11 7.601709 0
11 7.601684 0
11 7.601581 0
11 7.61056 0
11 7.610585 0
11 7.610534 0
11 7.610637 0
11 15.57507 0
11 15.57517 0
11 15.57513 0
11 15.57515 0
11 15.57513 0
11 15.5751 0
11 15.57504 0
11 15.5751 0
11 15.57513 0
11 15.57503 0
11 15.57512 0
11 5.593594 0
11 5.593489 0
11 5.593524 0
11 5.439848 0
11 5.439848 0
11 5.439884 0
11 5.43974 0
11 5.056561 0
11 5.0566 0
11 5.056561 0
11 5.056639 0
11 4.080584 0
11 4.080535 0
11 4.080487 0
11 4.080535 0
11 4.001838 0
11 4.001985 0
11 4.002033 0
11 3.959827 0
11 3.962892 0
11 3.962892 0
11 3.962892 0
11 3.871155 0
11 3.871257 0
11 3.871054 0
11 3.871206 0
11 3.779164 0
11 3.779164 0
11 3.779216 0
11 3.746432 0
11 3.746327 0
11 3.746379 0
11 3.746327 0
11 3.760986 0
11 3.727621 0
11 3.727621 0
11 3.727621 0
11 15.57508 0
11 15.57508 0
11 15.57511 0
11 15.57512 0
11 15.57512 0
11 15.57515 0
11 15.57521 0
11 5.721595 0
11 5.72163 0
11 5.721663 0
11 5.721561 0
11 5.866015 0
11 5.866049 0
11 5.866216 0
11 5.866082 0
11 15.57526 0
11 15.57511 0
11 15.57511 0
11 15.57515 0
11 15.57512 0
11 15.57506 0
11 15.57507 0
11 8.065845 0
11 8.065868 0
11 8.065845 0
11 8.065747 0
11 4.521254 0
11 4.521211 0
11 4.521211 0
11 4.521167 0
11 4.492309 0
11 4.492309 0
11 4.492221 0
11 4.456544 0
11 4.456632 0
11 4.456764 0
11 4.456676 0
11 4.968342 0
11 4.968461 0
11 4.96854 0
11 4.681907 0
11 4.68199 0
11 4.68199 0
11 4.681907 0
11 4.674914 0
11 4.674872 0
11 4.674872 0
11 4.674747 0
11 4.625757 0
11 4.625799 0
11 4.625757 0
11 4.625714 0
11 4.662032 0
11 4.662075 0
11 4.662075 0
11 4.661948 0
11 4.712766 0
11 4.712766 0
11 4.712725 0
11 4.759628 0
11 4.759628 0
11 4.759546 0
11 4.759587 0
11 4.766455 0
11 4.766538 0
11 4.766455 0
11 4.76662 0
11 4.782089 0
11 4.78213 0
11 4.782048 0
11 4.804974 0
11 4.804893 0
11 4.756128 0
11 4.756211 0
11 4.772452 0
11 4.772329 0
11 4.772411 0
11 4.77237 0
11 4.742558 0
11 4.742352 0
11 4.742517 0
11 4.742476 0
11 4.745077 0
11 4.74516 0
11 4.74516 0
11 4.752626 0
11 4.908439 0
11 4.908518 0
11 4.908399 0
11 4.905644 0
11 4.905684 0
11 4.905644 0
11 4.905604 0
11 4.950526 0
11 4.950526 0
11 4.950566 0
11 5.73388 0
11 5.733948 0
11 5.734051 0
11 5.733982 0
11 5.709902 0
11 5.709971 0
11 5.710005 0
11 5.710588 0
11 5.613914 0
11 5.613844 0
11 5.613809 0
11 4.989512 0
11 4.98963 0
11 4.989512 0
11 4.989512 0
11 3.351177 0
11 3.351235 0
11 3.351118 0
11 3.35106 0
11 3.217898 0
11 3.217837 0
11 3.217837 0
11 3.217776 0
11 5.075705 0
11 5.075743 0
11 5.075666 0
11 3.456267 0
11 3.456211 0
11 3.456267 0
11 3.456211 0
11 5.064421 0
11 5.064305 0
11 5.064421 0
11 5.024143 0
11 5.024299 0
11 5.023948 0
11 5.024143 0
11 5.015947 0
11 5.015791 0
11 5.015869 0
11 3.370285 0
11 3.370285 0
11 3.370342 0
11 3.370285 0
11 3.216133 0
11 3.216377 0
11 3.216133 0
11 3.216377 0
11 3.216254 0
11 3.242867 0
11 3.242746 0
11 3.242867 0
11 5.123844 0
11 5.123806 0
11 5.123768 0
11 5.123844 0
11 5.142547 0
11 5.142433 0
11 5.142509 0
11 5.085038 0
11 5.084999 0
11 5.085192 0
11 5.085153 0
11 5.035128 0
11 5.035128 0
11 5.035089 0
11 5.034972 0
11 3.224036 0
11 3.224036 0
11 3.223915 0
11 3.224036 0
11 4.943477 0
11 4.943477 0
11 4.943477 0
11 4.943398 0
11 4.919203 0
11 4.919243 0
11 4.919323 0
11 3.402372 0
11 3.4022 0
11 3.4022 0
11 3.4022 0
11 5.008755 0
11 5.008912 0
11 5.008794 0
11 5.008716 0
11 4.974805 0
11 4.974884 0
11 4.974845 0
11 4.974963 0
11 5.017978 0
11 5.017744 0
11 5.017783 0
11 3.482734 0
11 3.482565 0
11 3.482734 0
11 3.482565 0
11 3.496312 0
11 3.496368 0
11 3.496088 0
11 3.496256 0
11 3.489193 0
11 3.489193 0
11 3.489249 0
11 3.538395 0
11 3.53834 0
11 3.53834 0
11 3.538395 0
11 3.533023 0
11 3.533023 0
11 3.533023 0
11 3.533079 0
11 3.625743 0
11 3.625581 0
11 3.625634 0
11 3.625634 0
11 3.602772 0
11 3.602664 0
11 3.602609 0
11 3.665594 0
11 3.665487 0
11 3.665434 0
11 3.665541 0
11 3.694168 0
11 3.694221 0
11 3.694115 0
11 3.69438 0
11 3.755932 0
11 3.756036 0
11 3.756193 0
11 3.803696 0
11 3.803696 0
11 3.803593 0
11 3.803747 0
11 3.782427 0
11 3.782427 0
11 3.782323 0
11 3.782375 0
11 3.753429 0
11 3.753272 0
11 3.753376 0
11 3.710246 0
11 3.678285 0
11 3.678232 0
11 3.678072 0
11 3.684136 0
11 3.684083 0
11 3.684083 0
11 3.683977 0
11 3.732608 0
11 3.732661 0
11 3.732661 0
11 3.757391 0
11 3.757287 0
11 3.757339 0
11 3.757391 0
11 3.827457 0
11 3.827611 0
11 3.827508 0
11 3.827559 0
11 3.799163 0
11 3.799111 0
11 3.79906 0
11 3.799111 0
11 3.32596 0
11 3.326078 0
11 3.32596 0
11 3.326137 0
11 3.163412 0
11 3.163412 0
11 3.163474 0
11 3.124432 0
11 2.981897 0
11 2.981897 0
11 2.982028 0
11 2.984062 0
11 2.983997 0
11 2.984062 0
11 2.983932 0
11 3.004395 0
11 3.004461 0
11 3.004591 0
11 3.004526 0
11 3.063755 0
11 3.063627 0
11 3.063627 0
11 3.063755 0
11 3.165639 0
11 3.165577 0
11 3.165639 0
11 3.133629 0
11 3.133566 0
11 3.133566 0
11 3.133566 0
11 3.151321 0
11 3.151321 0
11 3.151321 0
11 3.151197 0
11 3.214793 0
11 3.214793 0
11 3.214793 0
11 3.277337 0
11 3.277337 0
11 3.277456 0
11 3.277277 0
11 3.298534 0
11 23.97087 1
11 23.9709 1
11 23.97268 1
11 23.944 1
11 23.9441 1
11 23.94402 1
11 23.96391 1
11 23.96394 1
11 23.96383 1
11 23.96384 1
11 23.91493 1
11 23.91481 1
11 23.91499 1
11 23.91508 1
11 23.90913 1
11 23.90906 1
11 23.90915 1
11 27.20488 1
11 27.20487 1
11 27.20484 1
11 27.20494 1
11 25.68219 1
11 25.6822 1
11 25.6822 1
11 25.68229 1
11 25.68224 1
11 25.68228 1
11 25.68228 1
11 25.68231 1
11 25.68219 1
11 25.68218 1
11 25.68222 1
11 25.68227 1
11 14.87723 1
11 14.87717 1
11 14.87721 1
11 14.86236 1
11 14.86249 1
11 14.86252 1
11 14.86249 1
11 14.87741 1
11 14.87738 1
11 14.87743 1
11 15.01036 1
11 15.01041 1
11 15.0104 1
11 15.01038 1
11 15.15457 1
11 15.15444 1
11 15.15449 1
11 15.15452 1
11 14.96862 1
11 14.96858 1
11 14.96854 1
11 1.216918 1
11 1.216757 1
11 1.216918 1
11 1.216918 1
11 1.230829 1
11 1.231147 1
11 1.231306 1
11 1.231306 1
11 1.391705 1
11 1.391705 1
11 1.391423 1
11 1.447938 1
11 1.54611 1
11 1.545983 1
11 1.54611 1
11 1.655167 1
11 1.655049 1
11 1.654812 1
11 1.655049 1
11 1.862881 1
11 1.862671 1
11 1.862881 1
11 1.930872 1
11 1.930872 1
11 1.930872 1
11 1.931075 1
11 2.020133 1
11 2.019939 1
11 2.020036 1
11 2.110534 1
11 2.110627 1
11 2.110534 1
11 2.110627 1
11 2.008668 1
11 2.008571 1
11 2.008571 1
11 2.008571 1
11 1.982285 1
11 1.982088 1
11 1.982088 1
11 2.05833 1
11 2.05852 1
11 2.058425 1
11 2.05852 1
11 14.18754 1
11 14.18742 1
11 14.18752 1
11 25.68234 1
11 25.68222 1
11 25.68228 1
11 25.68228 1
11 25.68226 1
11 25.68226 1
11 25.68224 1
11 25.68235 1
11 2.844412 1
11 2.844343 1
11 2.844481 1
11 2.844275 1
11 14.218 1
11 14.21802 1
11 14.218 1
11 14.21809 1
11 3.026403 1
11 3.026468 1
11 3.02621 1
11 3.038476 1
11 3.038476 1
11 3.03854 1
11 3.038604 1
11 3.092312 1
11 3.092122 1
11 3.092122 1
11 3.092185 1
11 3.133504 1
11 3.133629 1
11 3.133566 1
11 3.136189 1
11 3.131004 1
11 3.131004 1
11 3.131066 1
11 3.130878 1
11 2.497478 1
11 2.497635 1
11 2.497478 1
11 2.49285 1
11 2.464422 1
11 2.464184 1
11 2.464184 1
11 2.230287 1
11 2.230287 1
11 2.230199 1
11 2.230375 1
11 2.289269 1
11 2.289184 1
11 2.289184 1
11 2.261832 1
11 2.261832 1
11 2.261832 1
11 2.262005 1
11 2.21576 1
11 2.215495 1
11 2.215495 1
11 2.236159 1
11 2.236422 1
11 2.236422 1
11 2.236334 1
11 2.263735 1
11 2.263994 1
11 2.263821 1
11 2.263821 1
11 2.343014 1
11 2.343264 1
11 2.343014 1
11 2.342429 1
11 2.342262 1
11 2.342429 1
11 2.342429 1
11 2.209037 1
11 2.209126 1
11 2.209126 1
11 2.216114 1
11 2.216025 1
11 2.215937 1
11 2.216025 1
11 2.323385 1
11 2.323469 1
11 2.3233 1
11 2.323385 1
11 2.159033 1
11 2.159124 1
11 2.159305 1
11 2.157582 1
11 2.157582 1
11 2.157582 1
11 2.157673 1
11 2.03211 1
11 2.03211 1
11 2.032014 1
11 2.03211 1
11 2.106079 1
11 2.106265 1
11 2.106265 1
11 2.106079 1
11 1.928438 1
11 1.928337 1
11 1.928032 1
11 1.928438 1
11 1.958147 1
11 1.958447 1
11 1.958147 1
11 14.31214 1
11 14.31204 1
11 14.31214 1
11 14.31214 1
11 2.108586 1
11 2.108586 1
11 2.108401 1
11 2.108586 1
11 2.140278 1
11 2.14046 1
11 2.140186 1
11 2.14046 1
11 14.26549 1
11 14.26556 1
11 14.26556 1
11 14.27447 1
11 14.27446 1
11 14.27442 1
11 14.27442 1
11 14.25543 1
11 14.25548 1
11 14.2555 1
11 14.25539 1
11 1.945715 1
11 1.945513 1
11 1.945513 1
11 1.960145 1
11 14.17224 1
11 14.17224 1
11 14.17223 1
11 4.397257 1
11 4.397257 1
11 4.397257 1
11 4.386598 1
11 4.448758 1
11 4.448934 1
11 4.448934 1
11 4.340185 1
11 4.34005 1
11 4.34023 1
11 4.34005 1
11 4.334947 1
11 4.334947 1
11 4.334902 1
11 4.335037 1
11 4.350867 1
11 4.350732 1
11 4.350552 1
11 4.339779 1
11 4.29286 1
11 4.292769 1
11 4.292906 1
11 4.215193 1
11 4.215146 1
11 4.21524 1
11 4.215193 1
11 4.203282 1
11 4.203282 1
11 4.203375 1
11 4.203328 1
11 4.312979 1
11 4.312933 1
11 4.312888 1
11 4.312797 1
11 4.313705 1
11 4.31366 1
11 4.31366 1
11 4.333998 1
11 4.333863 1
11 4.333908 1
11 4.333817 1
11 4.264067 1
11 4.263975 1
11 4.264067 1
11 4.263975 1
11 4.082695 1
11 4.082695 1
11 4.082599 1
11 4.105845 1
11 4.10575 1
11 4.105702 1
11 4.105797 1
11 4.054006 1
11 4.054006 1
11 4.053957 1
11 3.997186 1
11 3.997235 1
11 3.997235 1
11 3.997186 1
11 3.997235 1
11 3.890883 1
11 3.890833 1
11 3.890883 1
11 3.782013 1
11 3.782013 1
11 3.782168 1
11 3.782116 1
11 3.721102 1
11 3.721207 1
11 3.72126 1
11 3.721207 1
11 3.710826 1
11 3.710773 1
11 3.710721 1
11 3.710668 1
11 3.758017 1
11 3.758069 1
11 3.758017 1
11 3.758121 1
11 3.739107 1
11 3.73916 1
11 3.739055 1
11 3.765877 1
11 3.76572 1
11 3.765877 1
11 3.76572 1
11 3.783514 1
11 3.783462 1
11 3.783514 1
11 3.794057 1
11 3.828532 1
11 3.82848 1
11 3.828582 1
11 3.733447 1
11 3.733342 1
11 3.733395 1
11 3.733395 1
11 3.622122 1
11 3.622177 1
11 3.622231 1
11 3.622285 1
11 3.629035 1
11 3.628927 1
11 3.629089 1
11 3.686315 1
11 3.686368 1
11 3.686368 1
11 3.686262 1
11 3.623257 1
11 3.623257 1
11 3.623365 1
11 3.623365 1
11 3.690137 1
11 3.690084 1
11 3.690031 1
11 3.679775 1
11 3.679882 1
11 3.679775 1
11 3.679669 1
11 3.670452 1
11 3.670238 1
11 3.670345 1
11 3.631193 1
11 3.663136 1
11 3.663083 1
11 3.663029 1
11 3.578397 1
11 3.578288 1
11 3.578452 1
11 3.657198 1
11 3.657037 1
11 3.657091 1
11 3.657145 1
11 3.622987 1
11 3.622933 1
11 3.622987 1
11 3.622987 1
11 3.639702 1
11 3.639541 1
11 3.639649 1
11 3.639649 1
11 3.666609 1
11 3.666395 1
11 3.666502 1
11 3.747895 1
11 3.747947 1
11 3.74779 1
11 3.747999 1
11 3.829043 1
11 3.82935 1
11 3.829043 1
11 3.829299 1
11 3.745125 1
11 3.744968 1
11 3.744915 1
11 12.5327 1
11 12.53267 1
11 12.53287 1
11 12.53281 1
11 25.6822 1
11 25.68232 1
11 25.68231 1
11 25.68218 1
11 11.43966 1
11 11.43961 1
11 11.43969 1
11 11.43967 1
11 13.19371 1
11 13.19365 1
11 13.19376 1
11 13.37087 1
11 13.37076 1
11 13.37079 1
11 13.37085 1
11 13.6416 1
11 13.64137 1
11 13.64156 1
11 13.6416 1
11 13.78236 1
11 13.78227 1
11 13.78237 1
11 13.79351 1
11 4.257632 1
11 4.25754 1
11 4.257586 1
11 4.302931 1
11 4.302794 1
11 4.302886 1
11 4.30284 1
11 4.302794 1
11 4.302794 1
11 4.302794 1
11 4.396989 1
11 4.396945 1
11 4.396945 1
11 4.397123 1
11 4.08303 1
11 4.083127 1
11 4.08303 1
11 4.083174 1
11 4.118799 1
11 4.118846 1
11 4.118846 1
11 4.118941 1
11 4.09108 1
11 4.091128 1
11 4.091224 1
11 4.109374 1
11 4.109326 1
11 4.109326 1
11 4.109278 1
11 4.234708 1
11 4.234708 1
11 4.23457 1
11 4.19512 1
11 4.19498 1
11 4.195073 1
11 4.195073 1
11 4.229803 1
11 4.229803 1
11 4.229896 1
11 4.24464 1
11 4.244687 1
11 4.244687 1
11 4.244687 1
11 4.194232 1
11 4.194232 1
11 4.194139 1
11 4.194093 1
11 4.16269 1
11 4.162784 1
11 4.16269 1
11 4.162642 1
11 4.081208 1
11 4.081159 1
11 4.081255 1
11 4.050961 1
11 4.009611 1
11 4.009758 1
11 4.009562 1
11 3.981035 1
11 3.980937 1
11 3.980839 1
11 3.980839 1
11 4.076838 1
11 4.076694 1
11 4.076646 1
11 4.076646 1
11 4.064667 1
11 4.064619 1
11 4.064523 1
11 4.051396 1
11 4.0513 1
11 4.051348 1
11 4.0513 1
11 4.038566 1
11 4.038324 1
11 4.038421 1
11 4.070493 1
11 4.074051 1
11 4.074244 1
11 4.074051 1
11 4.060135 1
11 4.060039 1
11 4.060184 1
11 4.060135 1
11 4.126731 1
11 4.126637 1
11 4.126731 1
11 4.102887 1
11 4.134791 1
11 4.134886 1
11 4.134791 1
11 4.120558 1
11 4.120558 1
11 4.120368 1
11 4.120558 1
11 4.11366 1
11 4.113565 1
11 4.113708 1
11 4.113565 1
11 4.138531 1
11 4.138531 1
11 4.138578 1
11 4.11347 1
11 4.127017 1
11 4.126968 1
11 4.126921 1
11 4.054923 1
11 4.055068 1
11 4.055068 1
11 4.054972 1
11 4.130953 1
11 4.131001 1
11 4.131048 1
11 4.131001 1
11 4.137632 1
11 4.137585 1
11 4.137774 1
11 4.137632 1
11 4.213938 1
11 4.213845 1
11 4.213892 1
11 4.213984 1
11 4.120605 1
11 4.120748 1
11 4.1207 1
11 4.120748 1
11 4.081111 1
11 4.081016 1
11 4.081159 1
11 14.29036 1
11 14.29039 1
11 14.2904 1
11 14.29057 1
11 22.00682 2
11 22.0068 2
11 22.0069 2
11 22.0068 2
11 21.98999 2
11 21.98996 2
11 21.99008 2
11 21.97607 2
11 21.9761 2
11 21.97599 2
11 21.97605 2
11 21.95333 2
11 21.95337 2
11 21.95333 2
11 21.95324 2
11 21.89718 2
11 21.89714 2
11 21.8972 2
11 21.854 2
11 21.85381 2
11 21.6455 2
11 21.64561 2
11 21.64552 2
11 7.586955 2
11 7.586877 2
11 7.586904 2
11 7.586929 2
11 3.813927 2
11 3.814029 2
11 3.813824 2
11 3.813927 2
11 4.320102 2
11 4.320012 2
11 4.319966 2
11 4.319921 2
11 4.373675 2
11 4.32821 2
11 4.32821 2
11 4.328165 2
11 4.328165 2
11 4.238684 2
11 4.238822 2
11 4.23873 2
11 7.149405 2
11 7.563121 2
11 7.563121 2
11 7.563043 2
11 1.921321 2
11 1.921423 2
11 1.921117 2
11 1.921219 2
11 1.99007 2
11 1.990365 2
11 1.99007 2
11 1.990365 2
11 2.000271 2
11 2.000174 2
11 2.000174 2
11 2.167086 2
11 2.167266 2
11 2.167266 2
11 2.167086 2
11 2.256634 2
11 2.256634 2
11 2.256721 2
11 2.256547 2
11 2.359247 2
11 2.359081 2
11 2.359081 2
11 2.493086 2
11 2.493007 2
11 2.492929 2
11 2.493007 2
11 2.542374 2
11 2.542374 2
11 2.542374 2
11 2.542451 2
11 2.530645 2
11 2.530722 2
11 2.530877 2
11 2.514583 2
11 2.471005 2
11 2.471084 2
11 2.471005 2
11 2.122463 2
11 2.122371 2
11 2.122463 2
11 7.246084 2
11 7.246192 2
11 7.246003 2
11 7.246192 2
11 7.587058 2
11 7.586826 2
11 7.586955 2
11 7.586877 2
11 0.8406988 2
11 0.8409316 2
11 0.840466 2
11 0.6464956 2
11 0.6471007 2
11 0.6467983 2
11 0.6474031 2
11 3.483521 2
11 3.483521 2
11 3.483296 2
11 3.483296 2
11 3.322132 2
11 3.322132 2
11 3.322014 2
11 3.322132 2
11 3.066118 2
11 3.066246 2
11 3.066246 2
11 3.066437 2
11 3.037831 2
11 3.037767 2
11 3.037767 2
11 3.089398 2
11 3.089208 2
11 3.089208 2
11 3.089335 2
11 3.128064 2
11 3.127813 2
11 3.127876 2
11 3.127938 2
11 3.237066 2
11 3.236945 2
11 3.236945 2
11 3.181247 2
11 3.181062 2
11 3.181123 2
11 3.181062 2
11 3.099773 2
11 3.099583 2
11 3.09971 2
11 3.101667 2
11 3.101541 2
11 3.10173 2
11 3.10173 2
11 3.185674 2
11 3.185797 2
11 3.185674 2
11 3.185736 2
11 3.209308 2
11 3.209369 2
11 3.209247 2
11 3.209308 2
11 3.246004 2
11 3.246065 2
11 3.246065 2
11 3.373884 2
11 3.373826 2
11 3.373884 2
11 3.373942 2
11 3.307307 2
11 3.307425 2
11 3.307366 2
11 3.086165 2
11 3.086228 2
11 3.086165 2
11 3.086292 2
11 3.003027 2
11 3.002831 2
11 3.002897 2
11 3.002897 2
11 2.769303 2
11 2.769373 2
11 2.769161 2
11 2.769303 2
11 2.606243 2
11 2.606093 2
11 2.606168 2
11 2.663078 2
11 2.663005 2
11 2.663152 2
11 2.663152 2
11 2.665062 2
11 2.665062 2
11 2.664988 2
11 2.664915 2
11 2.703274 2
11 2.703202 2
11 2.70313 2
11 2.688754 2
11 2.688754 2
11 2.688826 2
11 2.688972 2
11 2.573822 2
11 2.573898 2
11 2.57405 2
11 2.57405 2
11 2.470292 2
11 2.470371 2
11 2.470213 2
11 2.488135 2
11 2.498027 2
11 2.498027 2
11 2.498027 2
11 2.497949 2
11 2.43767 2
11 2.43767 2
11 2.437751 2
11 2.441842 2
11 2.441681 2
11 2.441681 2
11 2.441681 2
11 2.449525 2
11 2.449605 2
11 2.449844 2
11 2.449764 2
11 2.522821 2
11 2.522588 2
11 2.522743 2
11 2.537519 2
11 2.564298 2
11 2.564298 2
11 2.564451 2
11 2.662122 2
11 2.661902 2
11 2.661902 2
11 2.662049 2
11 2.780589 2
11 2.780519 2
11 2.780519 2
11 2.683798 2
11 2.683872 2
11 2.683944 2
11 2.683798 2
11 2.629794 2
11 2.62972 2
11 2.62972 2
11 2.629571 2
11 2.575951 2
11 2.575875 2
11 2.576027 2
11 2.576027 2
11 2.526 2
11 2.525922 2
11 2.526 2
11 2.555046 2
11 2.554893 2
11 2.554816 2
11 2.554893 2
11 2.55719 2
11 2.557266 2
11 2.557113 2
11 2.557113 2
11 2.619129 2
11 2.619129 2
11 2.619204 2
11 2.619054 2
11 2.589895 2
11 2.589895 2
11 2.589895 2
11 2.589743 2
11 2.603989 2
11 2.603914 2
11 2.603839 2
11 2.629943 2
11 2.629869 2
11 2.629794 2
11 2.629794 2
11 2.727352 2
11 2.72728 2
11 2.727424 2
11 2.734735 2
11 2.73452 2
11 2.734591 2
11 2.73452 2
11 2.670711 2
11 2.670638 2
11 2.670565 2
11 2.670491 2
11 2.685475 2
11 2.685403 2
11 2.685403 2
11 2.675325 2
11 2.675398 2
11 2.675251 2
11 2.675398 2
11 2.578457 2
11 2.578533 2
11 2.578685 2
11 2.578533 2
11 2.515128 2
11 2.51505 2
11 2.515206 2
11 2.515206 2
11 2.505147 2
11 2.504991 2
11 2.505069 2
11 2.569484 2
11 2.569407 2
11 2.569331 2
11 2.569179 2
11 2.585053 2
11 2.585204 2
11 2.58528 2
11 2.520415 2
11 2.520415 2
11 2.52057 2
11 2.520337 2
11 2.562848 2
11 2.562848 2
11 2.562848 2
11 2.562924 2
11 2.667925 2
11 2.667925 2
11 2.667851 2
11 2.648115 2
11 2.647967 2
11 2.648189 2
11 2.648115 2
11 2.582098 2
11 2.582326 2
11 2.582326 2
11 2.582326 2
11 2.531263 2
11 2.531263 2
11 2.531418 2
11 2.494734 2
11 2.494969 2
11 2.494812 2
11 2.494734 2
11 2.467121 2
11 2.467121 2
11 2.466962 2
11 2.421477 2
11 2.393101 2
11 2.393183 2
11 2.392856 2
11 2.302908 2
11 2.302993 2
11 2.302823 2
11 2.302738 2
11 2.280017 2
11 2.279931 2
11 2.279759 2
11 2.288243 2
11 2.2885 2
11 2.288329 2
11 2.288157 2
11 2.323469 2
11 2.323469 2
11 2.323469 2
11 2.323469 2
11 2.313676 2
11 2.313761 2
11 2.313676 2
11 2.318915 2
11 2.318831 2
11 2.318915 2
11 2.318662 2
11 2.195261 2
11 2.195172 2
11 2.195083 2
11 2.195083 2
11 2.171687 2
11 2.171777 2
11 2.171507 2
11 2.182654 2
11 2.025357 2
11 2.025261 2
11 2.025164 2
11 2.020617 2
11 2.02052 2
11 2.020423 2
11 7.586929 2
11 7.586851 2
11 7.586955 2
11 7.58698 2
11 2.164013 2
11 2.164104 2
11 2.164013 2
11 2.163832 2
11 2.889679 2
11 2.889815 2
11 2.889883 2
11 3.434389 2
11 3.434332 2
11 3.434389 2
11 3.434275 2
11 3.512124 2
11 3.512124 2
11 3.512069 2
11 3.44776 2
11 3.387031 2
11 3.387147 2
11 3.387205 2
11 3.231133 2
11 3.231073 2
11 3.230952 2
11 3.231133 2
11 3.176012 2
11 3.176135 2
11 3.176073 2
11 3.176012 2
11 3.109483 2
11 3.109483 2
11 3.109546 2
11 3.017723 2
11 3.017788 2
11 3.017723 2
11 3.017723 2
11 2.989241 2
11 2.989372 2
11 2.989372 2
11 2.989306 2
11 3.004526 2
11 3.004526 2
11 3.004395 2
11 3.004591 2
11 2.978415 2
11 2.978415 2
11 2.978547 2
11 2.970123 2
11 2.904342 2
11 2.904275 2
11 2.904342 2
11 2.797224 2
11 2.797224 2
11 2.797224 2
11 2.797224 2
11 1.346684 2
11 1.346684 2
11 1.346975 2
11 1.583256 2
11 1.562102 2
11 1.561851 2
11 1.561851 2
11 1.635422 2
11 1.635542 2
11 1.635542 2
11 1.635542 2
11 1.68818 2
11 1.688296 2
11 1.688064 2
11 1.864037 2
11 1.863932 2
11 1.863932 2
11 1.863932 2
11 1.926407 2
11 2.621893 2
11 2.621968 2
11 2.621818 2
11 7.586799 2
11 7.586851 2
11 7.586877 2
11 7.58698 2
11 0.8118062 2
11 0.8118062 2
11 0.8115651 2
11 7.586826 2
11 7.586877 2
11 7.586904 2
11 7.586904 2
11 2.940913 2
11 2.940713 2
11 2.940913 2
11 2.940847 2
11 2.821125 2
11 2.820778 2
11 2.821055 2
11 2.832965 2
11 2.73101 2
11 2.731225 2
11 2.73101 2
11 2.538984 2
11 2.538984 2
11 2.539216 2
11 2.539061 2
11 0.1083524 2
11 0.1119058 2
11 0.1101434 2
11 0.1083524 2
11 0.3102743 2
11 0.3102743 2
11 0.3102743 2
11 0.309643 2
11 2.559256 2
11 2.559256 2
11 2.559179 2
11 2.597893 2
11 2.557113 2
11 2.557037 2
11 2.55719 2
11 2.49834 2
11 2.498497 2
11 2.498419 2
11 2.498262 2
11 2.498262 2
11 2.590197 2
11 2.590272 2
11 2.590348 2
11 2.590272 2
11 2.646415 2
11 2.646562 2
11 2.646562 2
11 2.745878 2
11 2.745878 2
11 2.745878 2
11 2.745806 2
11 2.746448 2
11 2.746377 2
11 2.746377 2
11 2.681683 2
11 2.681683 2
11 2.681756 2
11 2.681828 2
11 2.704505 2
11 2.704505 2
11 2.704433 2
11 2.704433 2
11 2.696387 2
11 2.696387 2
11 2.696387 2
11 2.696532 2
11 2.814317 2
11 2.814247 2
11 2.814178 2
11 2.932581 2
11 2.932648 2
11 2.932581 2
11 2.932581 2
11 2.825493 2
11 2.825562 2
11 2.825285 2
11 2.825493 2
11 2.957242 2
11 2.957309 2
11 2.957242 2
11 2.566053 2
11 2.56613 2
11 2.56613 2
11 2.566053 2
11 2.593972 2
11 2.593972 2
11 2.594048 2
11 2.594048 2
11 2.651735 2
11 2.651809 2
11 2.651809 2
11 2.687297 2
11 2.687079 2
11 2.687224 2
11 2.687224 2
11 2.565901 2
11 2.565977 2
11 2.565977 2
11 2.565901 2
11 2.512948 2
11 2.51287 2
11 2.512792 2
11 2.545221 2
11 2.545298 2
11 2.545221 2
11 2.558261 2
11 2.558261 2
11 2.558338 2
11 2.558108 2
11 2.571387 2
11 2.571387 2
11 2.571235 2
11 2.571311 2
11 2.519405 2
11 2.519638 2
11 2.51956 2
11 2.519638 2
11 2.460209 2
11 2.460447 2
11 2.460527 2
11 2.460368 2
11 2.517462 2
11 2.517462 2
11 2.517306 2
11 2.484828 2
11 2.484592 2
11 2.484513 2
11 2.484592 2
11 2.441441 2
11 2.441521 2
11 2.441602 2
11 2.441441 2
11 2.43003 2
11 2.430111 2
11 2.43003 2
11 2.430111 2
11 2.485458 2
11 2.485537 2
11 2.485695 2
11 2.485537 2
11 2.562084 2
11 2.562008 2
11 2.562008 2
11 2.434054 2
11 2.433974 2
11 2.434135 2
11 2.433974 2
11 7.217001 2
11 7.217082 2
11 7.217027 2
11 7.217001 2
11 7.182339 2
11 7.182203 2
11 7.18223 2
11 7.240422 2
11 7.237224 2
11 7.237251 2
11 7.23717 2
11 1.513361 2
11 1.51349 2
11 1.513749 2
11 1.512197 2
11 1.512067 2
11 1.460453 2
11 1.460453 2
11 1.460453 2
11 1.409449 2
11 1.409172 2
11 1.409172 2
11 1.377288 2
11 1.37743 2
11 1.37743 2
11 1.377288 2
11 1.329721 2
11 1.329868 2
11 1.329868 2
11 1.329868 2
11 1.474721 2
11 1.474986 2
11 1.474721 2
11 1.495409 2
11 1.495279 2
11 1.495409 2
11 1.495279 2
11 1.484772 2
11 1.484772 2
11 1.48464 2
11 1.484508 2
11 1.486879 2
11 1.487011 2
11 1.487274 2
11 1.47724 2
11 1.4143 2
11 1.414439 2
11 1.4143 2
11 1.34392 2
11 1.344503 2
11 1.344066 2
11 1.337937 2
11 1.337937 2
11 1.337791 2
11 1.337937 2
11 1.288615 2
11 1.288767 2
11 1.288312 2
11 1.288615 2
11 1.343629 2
11 1.34392 2
11 1.343629 2
11 1.267331 2
11 1.267331 2
11 1.267486 2
11 1.26764 2
11 1.20561 2
11 1.205934 2
11 1.20561 2
11 1.20561 2
11 1.0093 2
11 1.009494 2
11 1.009688 2
11 1.009688 2
11 1.008912 2
11 1.009106 2
11 1.0093 2
11 1.068811 2
11 1.135739 2
11 1.135739 2
11 1.135566 2
11 1.944709 2
11 1.944709 2
11 1.944608 2
11 1.944608 2
11 2.111925 2
11 2.111832 2
11 2.111925 2
11 1.947926 2
11 1.899398 2
11 1.899398 2
11 1.899192 2
11 1.966823 2
11 1.972388 2
11 1.972388 2
11 1.972388 2
11 1.946016 2
11 1.945916 2
11 1.946016 2
11 1.864351 2
11 1.864561 2
11 1.864561 2
11 1.864561 2
11 1.826813 2
11 1.826706 2
11 1.826599 2
11 1.826813 2
11 1.811321 2
11 1.811537 2
11 1.811753 2
11 1.795587 2
11 1.795696 2
11 1.795805 2
11 1.796023 2
11 1.759475 2
11 1.759586 2
11 1.759475 2
11 1.759475 2
11 1.649956 2
11 1.649956 2
11 1.649956 2
11 1.649719 2
11 1.631349 2
11 1.631229 2
11 1.631469 2
11 1.655994 2
11 1.656231 2
11 1.655994 2
11 1.655876 2
11 1.592007 2
11 1.592253 2
11 1.592253 2
11 1.502329 2
11 1.502329 2
11 1.502199 2
11 1.502069 2
11 1.564355 2
11 1.56448 2
11 1.564731 2
11 1.56423 2
11 1.515428 2
11 1.515299 2
11 1.515557 2
11 1.13125 2
11 1.13125 2
11 1.131423 2
11 1.13125 2
11 1.085705 2
11 1.085705 2
11 1.085344 2
11 1.085705 2
11 7.586929 2
11 7.586955 2
11 7.586929 2
11 7.587007 2
11 7.58698 2
11 7.586799 2
11 7.586877 2
11 7.586826 2
11 7.586877 2
11 7.586826 2
11 7.586904 2
11 7.586826 2
11 7.586877 2
11 7.586929 2
11 7.58698 2
11 7.586904 2
11 7.586877 2
11 7.586799 2
11 7.586904 2
11 7.586955 2
11 7.586799 2
11 7.587032 2
11 7.586851 2
11 7.586877 2
11 7.586721 2
11 7.586929 2
11 7.586929 2
11 7.586929 2
11 7.587007 2
11 7.586929 2
11 7.586929 2
11 7.586877 2
11 7.586851 2
11 7.586773 2
11 7.586851 2
11 7.586877 2
11 7.586851 2
11 7.586826 2
11 7.58698 2
11 7.586826 2
11 7.586799 2
11 7.586904 2
11 7.586877 2
11 7.58698 2
11 7.586904 2
11 7.587007 2
11 7.587032 2
11 7.586904 2
11 7.586851 2
11 7.586904 2
11 7.586851 2
11 7.586877 2
11 7.586877 2
11 7.586826 2
11 7.586929 2
11 7.586799 2
11 7.587007 2
11 7.586826 2
11 7.58711 2
11 7.586851 2
11 21.28227 2
11 21.40524 2
11 21.40527 2
11 21.40524 2
11 21.40522 2
11 21.40531 2
11 7.587007 2
11 7.586877 2
11 7.586877 2
11 7.586826 2
11 7.586851 2
11 7.586904 2
11 7.586826 2
11 7.586929 2
11 7.586955 2
11 23.82762 2
11 23.82752 2
11 23.82757 2
11 23.82759 2
11 23.82751 2
11 22.61057 2
11 22.61062 2
11 22.61059 2
11 22.61062 2
11 22.6107 2
11 22.61062 2
11 17.11287 2
11 17.11301 2
11 17.11289 2
11 17.11301 2
11 17.11293 2
11 7.586799 2
11 7.58698 2
11 7.586799 2
11 7.586929 2
11 7.586877 2
11 7.586904 2
11 7.586904 2
11 7.586877 2
11 7.586904 2
11 14.31605 2
11 14.31594 2
11 14.31605 2
11 14.31599 2
11 14.31594 2
11 12.80854 2
11 12.80845 2
11 12.80845 2
11 12.8084 2
11 12.52502 2
11 12.52492 2
11 12.52491 2
11 12.525 2
11 12.40338 2
11 12.40332 2
11 12.4034 2
11 12.40334 2
11 12.40342 2
11 12.32211 2
11 12.32194 2
11 12.32202 2
11 12.32203 2
11 9.210958 2
11 9.210938 2
11 9.210916 2
11 9.211001 2
11 15.0969 2
11 16.17945 2
11 16.17947 2
11 16.17937 2
11 16.17941 2
11 17.71735 2
11 17.71742 2
11 17.71733 2
11 17.71738 2
11 18.70902 2
11 18.70907 2
11 18.70906 2
11 18.70911 2
11 19.25254 2
11 19.25261 2
11 19.25262 2
11 19.25257 2
11 7.586851 2
11 7.586929 2
11 7.586904 2
11 7.586877 2
11 7.587007 2
11 5.854007 2
11 5.853974 2
11 5.85394 2
11 5.854041 2
11 28.82914 2
11 28.82905 2
11 28.82908 2
