9 17.92196
9 17.92193
9 17.92202
9 17.92192
9 17.92201
9 18.40081
9 18.40075
9 18.40075
9 18.4008
9 18.40071
9 18.82155
9 18.82159
9 18.82162
9 18.8216
9 18.8216
9 19.43702
9 19.43698
9 19.43701
9 19.43708
9 19.50354
9 19.69785
9 19.69779
9 19.69779
9 19.69782
9 19.69786
9 20.24429
9 20.24423
9 20.24429
9 20.24426
9 20.24419
9 20.47065
9 20.47058
9 20.47053
9 20.47062
9 20.47064
9 20.59211
9 20.59219
9 20.59212
9 20.5921
9 20.5921
9 20.61053
9 20.61053
9 20.61051
9 20.61051
9 20.59714
9 20.47227
9 20.47227
9 20.47229
9 20.47227
9 20.47221
9 16.6759
9 16.676
9 16.676
9 16.67595
9 16.676
9 16.67596
9 5.454813
9 5.45485
9 5.454813
9 5.454778
9 5.45485
9 5.12629
9 5.126253
9 5.126329
9 5.126367
9 4.984916
9 4.871621
9 4.871581
9 4.87146
9 4.871541
9 4.871581
9 8.367949
9 8.36809
9 8.36809
9 8.367926
9 8.367949
9 8.288516
9 8.288516
9 8.288588
9 8.288634
9 8.323905
9 8.326335
9 8.326382
9 8.32631
9 8.326499
9 8.339177
9 8.505145
9 8.505169
9 8.50526
9 8.505192
9 8.54585
9 8.545965
9 8.545873
9 8.545873
9 8.545897
9 8.490286
9 8.490332
9 8.490238
9 8.490309
9 8.510985
9 11.43091
9 11.43082
9 11.43096
9 11.43077
9 11.43072
9 5.970283
9 5.970217
9 5.970283
9 5.970151
9 5.970348
9 5.809912
9 5.809946
9 5.809912
9 5.809844
9 5.809912
9 5.643579
9 5.643545
9 5.643475
9 5.643545
9 5.614228
9 5.518747
9 5.518853
9 5.518782
9 5.518818
9 5.518818
9 5.596781
9 5.596676
9 5.596746
9 5.596851
9 5.596676
9 5.680686
9 5.680651
9 5.680651
9 5.680686
9 5.680686
9 5.785842
9 5.785808
9 5.785842
9 5.785808
9 5.785706
9 5.863409
9 5.863475
9 5.863509
9 5.863509
9 5.71275
9 5.712716
9 5.712579
9 5.712682
9 5.712648
9 5.409033
9 5.34082
9 5.34093
9 5.340857
9 5.34082
9 5.012587
9 4.881504
9 4.881463
9 4.881463
9 4.881504
9 4.881463
9 4.846503
9 4.846463
9 4.846543
9 4.846503
9 4.986567
9 5.188369
9 5.188256
9 5.188293
9 5.188293
9 5.188331
9 5.484872
9 5.484837
9 5.484837
9 5.484801
9 5.599582
9 5.599687
9 5.599687
9 5.599617
9 5.599757
9 5.678339
9 5.678408
9 5.678442
9 5.678408
9 5.678339
9 5.678373
9 5.542346
9 5.542453
9 5.542275
9 5.542311
9 5.542382
9 5.5625
9 5.56243
9 5.562465
9 5.562465
9 5.562359
9 5.5625
9 5.639549
9 5.639515
9 5.639619
9 5.639584
9 5.682307
9 5.630089
9 5.630089
9 5.630054
9 5.630019
9 5.630054
9 5.653606
9 5.653468
9 5.653502
9 5.653468
9 5.653572
9 5.610736
9 5.610806
9 5.610841
9 5.610736
9 5.610736
9 5.630437
9 5.630472
9 5.630507
9 5.630402
9 5.630332
9 5.630332
9 5.643649
9 5.643614
9 5.643649
9 5.643649
9 5.643649
9 5.685031
9 5.684893
9 5.684997
9 5.685031
9 5.628592
9 5.628557
9 5.628557
9 5.628592
9 5.628627
9 11.50138
9 11.50145
9 11.50145
9 11.50146
9 11.50129
9 11.4157
9 11.41572
9 11.41561
9 11.41558
9 11.41572
9 3.690774
9 3.690986
9 3.690827
9 3.690774
9 3.690721
9 3.635019
9 3.635019
9 3.635019
9 3.634912
9 3.634912
9 3.620122
9 3.620122
9 3.620013
9 3.620122
9 3.620013
9 3.581788
9 3.581897
9 3.581733
9 3.581897
9 3.581679
9 3.743399
9 3.743608
9 3.743504
9 3.743399
9 3.743451
9 3.919566
9 3.919466
9 3.919466
9 3.919416
9 4.016979
9 4.092995
9 4.092947
9 4.092995
9 4.092995
9 4.092995
9 4.171008
9 4.171102
9 4.171008
9 4.171055
9 4.050478
9 4.050333
9 4.050333
9 4.050381
9 4.050333
9 4.041911
9 4.041959
9 4.042008
9 4.042008
9 4.042008
9 4.214775
9 4.214635
9 4.214682
9 4.214728
9 4.214682
9 4.428459
9 4.428459
9 4.428459
9 4.428415
9 4.428459
9 4.555179
9 4.555222
9 4.555308
9 4.555179
9 4.555179
9 4.416412
9 4.41659
9 4.416545
9 4.416412
9 4.416412
9 4.382354
9 4.382265
9 4.38222
9 4.382175
9 4.38222
9 12.23891
9 12.23899
9 12.23899
9 12.23909
9 12.23889
9 12.28747
9 12.28736
9 12.28734
9 12.2874
9 12.28744
9 12.18652
9 12.18661
9 12.18659
9 12.18657
9 12.18662
9 12.18664
9 12.21267
9 12.21259
9 12.21254
9 12.21264
9 12.21253
9 1.810997
9 1.810997
9 1.810565
9 1.810781
9 1.810781
9 1.957847
9 1.957748
9 1.957647
9 1.957548
9 2.220789
9 2.22123
9 2.221054
9 2.221142
9 2.221054
9 2.256634
9 2.256634
9 2.256721
9 28.78047
9 28.78049
9 28.71929
9 28.71923
9 28.71935
9 28.71931
9 28.67334
9 28.62907
9 28.62904
9 28.62906
9 28.62903
9 28.62898
9 28.6734
9 28.67338
9 28.67333
9 28.67335
9 28.67334
9 28.58895
9 28.58899
9 28.58904
9 28.58905
9 28.58899
9 28.53381
9 14.53553
9 14.53542
9 14.5356
9 14.53554
9 14.53548
9 14.53553
9 5.218644
9 5.218681
9 5.218719
9 5.218719
9 5.218681
9 5.120018
9 5.11998
9 5.11998
9 5.11998
9 5.119942
9 4.952861
9 4.952742
9 4.95294
9 4.952782
9 4.928514
9 4.817312
9 4.81723
9 4.817108
9 4.817353
9 4.81719
9 4.719454
9 4.71962
9 4.719412
9 4.71962
9 4.719495
9 11.46487
9 11.46477
9 11.46487
9 11.46482
9 11.46491
9 11.50732
9 11.5073
9 11.50732
9 11.50725
9 11.50725
9 8.478991
9 8.479059
9 8.479013
9 8.47892
9 8.479082
9 6.005638
9 6.005606
9 6.005606
9 6.005573
9 6.005606
9 5.872228
9 5.872327
9 5.872361
9 5.872327
9 5.872261
9 5.7566
9 5.756532
9 5.756532
9 5.7566
9 5.756635
9 5.771766
9 5.771698
9 5.77163
9 5.771698
9 5.771732
9 5.773735
9 5.773837
9 5.773803
9 5.773735
9 5.773769
9 5.913905
9 5.914004
9 5.913938
9 5.914071
9 5.913971
9 5.970053
9 5.970118
9 5.970085
9 5.970053
9 5.970151
9 6.007988
9 6.008086
9 6.008053
9 6.007923
9 6.025939
9 6.031857
9 6.031792
9 6.031825
9 6.031695
9 6.031727
9 5.986874
9 5.986841
9 5.986939
9 5.987004
9 5.986874
9 6.023467
9 6.023597
9 6.023531
9 6.023434
9 6.023369
9 5.943133
9 5.9431
9 5.943034
9 5.9431
9 5.942968
9 5.935311
9 5.935344
9 5.935476
9 5.935377
9 5.850423
9 5.850423
9 5.850457
9 5.850557
9 5.850457
9 5.826991
9 5.827025
9 5.826957
9 5.826991
9 5.826924
9 5.753331
9 5.753263
9 5.753399
9 5.753331
9 5.753399
9 5.676992
9 5.676958
9 5.676889
9 5.676785
9 5.676785
9 5.719231
9 5.719402
9 5.719299
9 5.719299
9 5.719265
9 5.769423
9 5.76949
9 5.769423
9 5.769354
9 5.769354
9 5.737161
9 5.737058
9 5.737161
9 5.737126
9 5.737161
9 6.157019
9 6.156923
9 6.156923
9 6.156923
9 6.156923
9 6.368182
9 6.36809
9 6.368275
9 6.368244
9 6.398347
9 6.398285
9 6.398224
9 6.398254
9 6.398316
9 6.48773
9 6.487669
9 6.48779
9 6.48773
9 6.48773
9 6.529427
9 6.529397
9 6.529397
9 6.529427
9 6.522275
9 6.522185
9 6.522305
9 6.522245
9 6.522125
9 6.525131
9 6.525281
9 6.525191
9 6.525131
9 6.525131
9 6.495915
9 6.496006
9 6.496006
9 6.495945
9 6.496066
9 6.553588
9 6.553588
9 6.553648
9 6.553618
9 6.553679
9 6.551494
9 6.551344
9 6.551464
9 6.551464
9 6.551404
9 6.450781
9 6.450811
9 6.450872
9 6.450841
9 6.450963
9 6.454032
9 6.453911
9 6.453972
9 6.454002
9 6.454032
9 6.362175
9 6.362175
9 6.362144
9 6.362206
9 6.362144
9 6.359586
9 6.359617
9 6.359586
9 6.359524
9 6.359556
9 6.333109
9 6.333264
9 6.333171
9 6.333202
9 6.333264
9 6.342854
9 6.342792
9 6.342792
9 6.342823
9 6.342823
9 6.414018
9 6.413987
9 6.414018
9 6.413957
9 6.414048
9 6.418755
9 6.418724
9 6.418694
9 6.418785
9 6.418663
9 6.471963
9 6.471933
9 6.471872
9 6.471812
9 6.471933
9 6.53402
9 6.53399
9 6.53402
9 6.53405
9 6.53396
9 6.481379
9 6.481198
9 6.481318
9 6.481318
9 6.525071
9 6.525221
9 6.525131
9 6.525251
9 6.525281
9 6.525281
9 6.467296
9 6.467296
9 6.467326
9 6.467326
9 6.467296
9 6.527835
9 6.527775
9 6.527715
9 6.527745
9 6.527775
9 6.624363
9 6.624452
9 6.624482
9 6.624422
9 6.624422
9 6.626642
9 6.626731
9 6.626672
9 6.626672
9 6.626583
9 6.617669
9 6.61764
9 6.617521
9 21.78609
9 21.78608
9 21.68359
9 21.68356
9 21.68363
9 21.68361
9 21.68365
9 21.65897
9 21.65903
9 21.65905
9 21.65896
9 21.65894
9 21.66399
9 21.66405
9 21.66408
9 21.66413
9 21.66402
9 21.66405
9 21.64322
9 21.64312
9 21.64308
9 21.64322
9 21.64321
9 5.252924
9 5.252924
9 5.253073
9 5.253036
9 5.252961
9 9.872431
9 9.87255
9 9.87241
9 9.87247
9 9.872371
9 2.215849
9 2.215672
9 2.215407
9 2.215584
9 2.215849
9 2.215672
9 1.783228
9 1.783338
9 1.783338
9 1.783448
9 1.783338
9 1.723855
9 1.723742
9 1.723855
9 1.723628
9 1.723742
9 1.729409
9 1.729296
9 1.729522
9 1.729635
9 1.729522
9 1.673861
9 1.673744
9 1.673744
9 1.673744
9 1.673744
9 1.494755
9 1.494755
9 1.494493
9 1.494755
9 1.494755
9 1.340859
9 1.341297
9 1.341005
9 1.340859
9 1.340859
9 1.337937
9 1.337937
9 1.338083
9 1.338083
9 1.337791
9 1.427659
9 1.427796
9 1.427385
9 1.427796
9 1.427522
9 1.595078
9 1.595323
9 1.5952
9 1.5952
9 1.5952
9 1.513878
9 1.513878
9 1.513749
9 1.514007
9 1.513878
9 1.495148
9 1.495279
9 1.495409
9 1.495409
9 1.495279
9 1.46567
9 1.465803
9 1.46607
9 1.46567
9 1.465937
9 1.703643
9 1.703643
9 1.703528
9 1.703643
9 1.703758
9 1.849491
9 1.849491
9 1.849597
9 1.849597
9 1.84928
9 1.930872
9 1.930771
9 1.930872
9 1.930771
9 1.930771
9 1.909264
9 1.909366
9 1.909264
9 1.909161
9 1.909161
9 1.823167
9 1.823167
9 1.823167
9 1.82306
9 1.82306
9 1.780262
9 1.780372
9 1.780482
9 1.780482
9 1.780592
9 1.706971
9 1.707085
9 1.706856
9 1.706971
9 1.706742
9 1.71589
9 1.71589
9 1.716004
9 1.715776
9 1.716004
9 1.724877
9 1.724877
9 1.72465
9 1.724877
9 1.724763
9 1.644848
9 1.644848
9 1.644848
9 1.644848
9 1.644848
9 1.478035
9 1.477902
9 1.477902
9 1.477902
9 1.478035
9 1.245055
9 1.245055
9 1.245055
9 1.245055
9 1.245055
9 1.271186
9 1.27134
9 1.27134
9 1.27134
9 1.27134
9 1.379133
9 1.378992
9 1.37885
9 1.37885
9 1.378708
9 1.356673
9 1.356673
9 1.356529
9 1.356673
9 1.356818
9 1.356818
9 1.185642
9 1.185477
9 1.185477
9 1.185642
9 1.185642
9 1.088405
9 1.088225
9 1.088225
9 1.088225
9 1.088585
9 1.088045
9 1.322638
9 1.322638
9 1.322934
9 1.322934
9 1.322638
9 1.368021
9 1.367735
9 1.368021
9 1.368021
9 1.368021
9 1.401932
9 1.402071
9 1.402071
9 1.402211
9 1.402071
9 1.412223
9 1.412223
9 1.411946
9 1.411946
9 1.411946
9 1.413332
9 1.413332
9 1.413332
9 1.41347
9 1.413193
9 1.390861
9 1.390861
9 1.391001
9 1.39072
9 1.487932
9 1.487932
9 1.487932
9 1.488063
9 1.488195
9 1.487932
9 1.531613
9 1.531868
9 1.531996
9 1.531613
9 1.531996
9 1.448344
9 1.448479
9 1.448209
9 1.448209
9 1.448209
9 1.285575
9 1.285727
9 1.285727
9 1.285727
9 1.285879
9 1.235431
9 1.235431
9 1.235114
9 1.235272
9 1.235589
9 1.15216
9 1.15216
9 1.15233
9 1.15233
9 1.15216
9 1.203498
9 1.203335
9 1.203498
9 1.203498
9 1.203335
9 1.330457
9 1.330604
9 1.330604
9 1.33031
9 1.33031
9 1.330457
9 1.330604
9 1.330457
9 1.330457
9 1.284052
9 1.284052
9 1.283899
9 1.284052
9 1.284204
9 1.249918
9 1.250075
9 1.250075
9 1.249762
9 1.250075
9 1.239226
9 1.239542
9 1.239542
9 1.239542
9 1.239384
9 1.235272
9 1.235431
9 1.235272
9 1.235272
9 1.235272
9 1.276562
9 1.276716
9 1.276716
9 1.276869
9 1.276716
9 1.252889
9 1.252889
9 1.253045
9 1.253045
9 1.26424
9 1.26424
9 1.264085
9 1.264549
9 1.26424
9 1.299353
9 1.299503
9 1.299353
9 1.299353
9 1.299353
9 1.423816
9 1.423953
9 1.423816
9 1.423953
9 1.423953
9 1.413885
9 1.413747
9 1.413885
9 1.414024
9 1.413885
9 1.348282
9 1.348136
9 1.348427
9 1.348136
9 1.348136
9 1.240962
9 1.240962
9 1.240805
9 1.240962
9 1.240805
9 1.249448
9 1.249448
9 1.249605
9 1.249448
9 1.249605
9 1.18399
9 1.18399
9 1.18366
9 1.183825
9 1.183825
9 1.042677
9 1.043052
9 1.042865
9 1.043052
9 1.042865
9 0.1119058
9 0.1136409
9 0.1119058
9 0.1153499
9 0.1153499
9 0.2733977
9 0.272681
9 0.272681
9 0.2733977
9 0.2741124
9 0.315279
9 0.3146578
9 0.315279
9 19.73583
9 19.73584
9 19.76735
9 19.76728
9 19.76723
9 19.76718
9 19.76728
9 19.8098
9 19.80998
9 19.80979
9 19.80979
9 19.8098
9 19.62623
9 19.62639
9 19.62638
9 19.62634
9 19.62634
9 19.52229
9 19.52229
9 19.52242
9 19.5224
9 19.5224
9 19.508
9 19.0732
9 19.07342
9 19.07333
9 19.07347
9 19.07332
9 10.62093
9 10.6209
9 10.62088
9 10.6209
9 10.62093
9 15.28159
9 15.28152
9 15.28148
9 15.28146
9 15.28161
9 38.01675
9 38.01672
9 38.01671
9 38.0167
9 38.01664
9 38.01671
9 15.34638
9 15.34627
9 15.34633
9 15.34619
9 15.3464
9 15.33366
9 15.33355
9 15.33368
9 15.33362
9 15.33354
9 15.33351
9 15.34998
9 15.35011
9 15.35007
9 15.3502
9 15.35005
9 35.08941
9 35.08932
9 35.08916
9 35.08921
9 35.08929
9 2.624057
9 2.623908
9 2.623982
9 2.623982
9 2.624057
9 2.627113
9 2.748087
9 2.748087
9 2.748158
9 2.748016
9 2.748158
9 2.758964
9 2.88846
9 2.888392
9 2.888324
9 2.888324
9 2.888324
9 2.979401
9 2.979467
9 2.979401
9 2.97927
9 2.979467
9 3.00648
9 3.00648
9 3.00648
9 3.00648
9 3.006545
9 2.996436
9 2.996566
9 2.996566
9 2.996436
9 2.996632
9 3.014153
9 3.002114
9 3.002114
9 3.002049
9 3.002114
9 3.001984
9 2.999309
9 2.999309
9 2.999374
9 2.999374
9 2.999309
9 3.032219
9 3.084007
9 3.08388
9 3.08388
9 3.084007
9 3.083944
9 3.268064
9 3.268064
9 3.268184
9 3.268184
9 3.267944
9 3.33695
9 3.337008
9 3.337067
9 3.33695
9 3.337008
9 3.337008
9 3.258886
9 3.258886
9 3.258946
9 3.258886
9 3.258946
9 3.231012
9 3.231012
9 3.231012
9 3.231012
9 3.230952
9 3.402488
9 3.40243
9 3.402545
9 3.40243
9 3.402488
9 3.473615
9 3.473389
9 3.473446
9 3.473446
9 3.469949
9 3.46978
9 3.46978
9 3.469893
9 3.46978
9 3.469836
9 3.287714
9 3.287595
9 3.287536
9 3.287655
9 3.287476
9 3.123805
9 3.123742
9 3.12368
9 3.123742
9 3.123805
9 3.033575
9 3.033446
9 3.033381
9 3.033381
9 3.03351
9 3.056718
9 3.056654
9 3.056462
9 3.05659
9 3.056462
9 3.083118
9 3.093894
9 3.093831
9 3.093831
9 3.093831
9 3.093894
9 3.149457
9 3.149581
9 3.149519
9 3.149457
9 3.149457
9 3.188377
9 3.1885
9 3.1885
9 3.1885
9 3.188316
9 3.362608
9 3.362608
9 3.36255
9 3.36255
9 3.362666
9 3.36575
9 3.365634
9 3.365576
9 3.365634
9 3.36575
9 3.255881
9 3.256001
9 3.256061
9 3.256061
9 3.21455
9 3.224583
9 3.224644
9 3.224462
9 3.224462
9 3.224583
9 3.287238
9 3.287297
9 3.287417
9 3.287417
9 3.287357
9 3.370865
9 3.370865
9 3.370923
9 3.370923
9 3.370981
9 3.440256
9 3.440427
9 3.440427
9 3.440427
9 3.44054
9 3.413518
9 3.413518
9 3.413575
9 3.413518
9 3.413575
9 3.504423
9 3.504255
9 3.504367
9 3.504311
9 3.504367
9 3.395114
9 3.395114
9 3.395172
9 3.395172
9 3.395229
9 3.380783
9 3.380609
9 3.380783
9 3.380725
9 3.380783
9 3.355205
9 3.355147
9 3.355205
9 3.355205
9 3.355205
9 3.40243
9 3.402603
9 3.40243
9 3.40243
9 3.40243
9 3.334309
9 3.334309
9 3.334309
9 3.334191
9 3.334367
9 3.389689
9 3.389516
9 3.389574
9 3.389632
9 3.389574
9 3.493959
9 3.493959
9 3.493903
9 3.494071
9 3.493847
9 3.554736
9 3.554681
9 3.554516
9 3.554626
9 3.554626
9 3.666075
9 3.665968
9 3.666182
9 3.666128
9 3.666075
9 3.716574
9 3.716626
9 3.716574
9 3.716521
9 3.716521
9 3.716574
9 3.73523
9 3.889675
9 3.889776
9 3.889726
9 3.889776
9 3.889726
9 4.429388
9 4.429388
9 4.429432
9 4.429255
9 4.429299
9 4.558703
9 4.558746
9 4.558746
9 4.558661
9 4.558703
9 4.380342
9 4.380298
9 4.380298
9 4.380298
9 4.380342
9 4.297238
9 4.297284
9 4.297147
9 4.297466
9 4.297192
9 4.368433
9 4.368433
9 4.368343
9 4.368523
9 4.368433
9 4.434249
9 4.434116
9 4.434161
9 4.434161
9 4.434161
9 4.524285
9 4.524372
9 4.524459
9 4.524459
9 4.524415
9 4.524719
9 4.524675
9 4.524762
9 4.524719
9 4.524675
9 4.497668
9 4.497755
9 4.497668
9 4.497668
9 4.497712
9 4.497189
9 4.497015
9 4.497232
9 4.497232
9 4.497189
9 4.48052
9 4.480477
9 4.48039
9 4.48039
9 4.480477
9 5.734597
9 5.734666
9 5.734632
9 5.734597
9 5.734666
9 5.675853
9 5.67575
9 5.675784
9 5.675784
9 5.675784
9 4.452323
9 4.452323
9 4.452279
9 4.452367
9 4.452235
9 4.281394
9 4.281394
9 4.281394
9 4.281348
9 4.281302
9 4.207798
9 4.207892
9 4.207938
9 4.207845
9 4.207845
9 4.097442
9 4.09749
9 4.097394
9 4.09749
9 4.097442
9 4.097538
9 4.694609
9 4.694567
9 4.694776
9 4.694609
9 4.694692
9 4.517136
9 4.517136
9 4.517136
9 4.51718
9 4.517136
9 4.473739
9 4.473652
9 4.473739
9 4.473739
9 4.473739
9 4.473739
9 4.473696
9 4.517787
9 4.517743
9 4.517743
9 4.517873
9 4.517743
9 4.517873
9 4.482793
9 4.482924
9 4.482924
9 4.482881
9 4.482968
9 4.482837
9 4.585052
9 4.585095
9 4.585138
9 4.585095
9 4.585095
9 4.454478
9 4.454522
9 4.45461
9 4.454478
9 4.454566
9 4.454566
9 4.283223
9 4.283269
9 4.283177
9 4.283132
9 4.283132
9 4.283223
9 4.340771
9 4.340771
9 4.340771
9 4.340726
9 4.340682
9 4.340682
9 4.482269
9 4.482269
9 4.482313
9 4.482313
9 4.482182
9 4.482225
9 4.535009
9 4.534924
9 4.534924
9 4.534924
9 4.535009
9 4.721197
9 4.72128
9 4.721238
9 4.721238
9 4.721238
9 4.857405
9 4.857445
9 4.857445
9 4.857445
9 4.857485
9 4.910155
9 4.939473
9 4.939433
9 4.939433
9 4.939513
9 4.939433
9 4.798283
9 4.798243
9 4.798202
9 4.798202
9 4.798324
9 4.774627
9 4.774586
9 4.774668
9 4.774586
9 4.774545
9 4.746439
9 4.746398
9 4.746439
9 4.746398
9 4.746398
9 4.739542
9 4.739501
9 4.739501
9 4.739501
9 4.739377
9 4.811004
9 4.811045
9 4.811086
9 4.810923
9 4.810923
9 4.80632
9 4.806442
9 4.806401
9 4.80632
9 4.80632
9 4.80632
9 5.894583
9 5.894649
9 5.894616
9 5.894483
9 5.894516
9 5.918875
9 5.918742
9 5.918775
9 5.918908
9 5.918742
9 5.918841
9 4.51965
9 4.519564
9 4.51965
9 4.519608
9 4.574445
9 4.57436
9 4.574531
9 4.574317
9 4.574531
9 4.499671
9 4.556253
9 4.556253
9 4.556253
9 4.556211
9 4.556253
9 5.855313
9 5.855313
9 5.855313
9 5.855279
9 5.855246
9 5.855079
9 37.23663
9 37.23672
9 37.23665
9 37.23662
9 37.23665
9 36.33565
9 36.33583
9 36.33584
9 36.33576
9 36.33567
9 36.33567
9 36.64581
9 36.64577
9 36.64581
9 36.6457
9 36.64575
9 36.31302
9 36.31308
9 36.31308
9 36.31307
9 36.31295
9 32.90285
9 32.90285
9 32.9029
9 32.90281
9 32.9029
9 32.90287
9 16.9551
9 16.95518
9 16.95512
9 16.95514
9 16.95516
9 23.78834
9 23.78834
9 23.78828
9 23.78831
9 23.7884
9 9.596324
9 9.596201
9 9.596201
9 9.596365
9 9.596365
9 9.5466
9 9.546476
9 9.546537
9 9.546537
9 9.546537
9 3.16434
9 3.164402
9 3.164464
9 3.164526
9 3.16434
9 14.45893
9 14.45905
9 14.45894
9 14.45893
9 14.45882
9 14.45893
9 23.78834
9 23.78822
9 23.7883
9 23.78833
9 23.78839
9 23.78823
9 23.78843
9 23.78835
9 23.78823
9 23.78811
9 23.7882
9 23.78821
9 23.78832
9 23.78834
9 23.78839
9 23.78838
9 14.77499
9 14.77488
9 14.77483
9 14.77487
9 14.77479
9 31.53269
9 31.5328
9 31.53276
9 31.53277
9 31.53274
9 31.60592
9 31.60579
9 31.60581
9 31.60588
9 31.60596
9 31.77748
9 31.77745
9 31.77735
9 31.77745
9 31.77749
9 31.8801
9 31.88
9 31.87998
9 31.88008
9 31.88011
9 31.7631
9 31.76305
9 31.763
9 31.76301
9 31.76295
9 31.80422
9 31.80434
9 31.80436
9 31.80417
9 31.80425
9 31.75653
9 31.75661
9 31.75653
9 31.75648
9 31.7565
9 23.78836
9 23.78843
9 23.78829
9 23.78834
9 23.78824
9 23.78839
9 22.22927
9 22.22926
9 22.22922
9 22.22926
9 22.22927
9 22.22926
9 23.78834
9 23.78828
9 23.78835
9 23.78841
9 23.78843
9 21.64467
9 21.64474
9 21.64465
9 21.64466
9 21.64472
9 21.64472
9 20.23059
9 20.23061
9 20.23064
9 20.23067
9 20.2307
9 19.91824
9 19.9183
9 19.91817
9 19.91834
9 19.91825
9 19.29085
9 19.29091
9 19.29085
9 19.29078
9 19.20296
9 19.14531
9 19.14545
9 19.14554
9 19.1454
9 19.14538
9 19.23815
9 19.28747
9 19.2875
9 19.28748
9 19.28741
9 19.28744
9 19.26975
9 19.26966
9 19.26972
9 19.26986
9 19.26967
9 19.15935
9 19.15941
9 19.15937
9 19.15934
9 19.13258
9 18.95094
9 18.95094
9 18.95093
9 18.95093
9 18.95087
9 1.759697
9 1.759919
9 1.759697
9 1.759697
9 1.759808
9 34.13872
9 34.13873
9 34.13871
9 34.1388
9 34.13878
9 34.72754
9 34.72759
9 34.72762
9 34.72754
9 34.72759
9 34.8245
9 34.82438
9 34.82446
9 34.82443
9 34.82447
9 35.04285
9 35.04284
9 35.0429
9 35.04288
9 35.04287
9 15.98789
9 15.98772
9 15.98784
9 15.98792
9 15.98771
9 23.78847
9 23.78831
9 23.78821
9 23.78839
9 23.7883
9 23.78832
9 23.78833
9 23.78839
9 23.78845
9 23.78835
9 23.78833
9 23.78839
9 27.66332
9 27.66324
9 27.66319
9 27.6633
9 27.66332
9 25.08329
9 25.08327
9 25.08309
9 25.0832
9 25.08324
9 25.08853
9 25.08846
9 25.08846
9 25.08862
9 25.08849
9 25.09369
9 25.09364
9 25.09376
9 25.09368
9 25.09369
9 25.0527
9 25.05288
9 25.0527
9 25.05282
9 25.05271
9 24.86508
9 24.86508
9 24.86512
9 24.86491
9 24.86507
9 23.78827
9 23.78827
9 23.78825
9 23.78834
9 23.78823
9 8.029522
9 8.029375
9 8.029473
9 8.029571
9 8.029497
9 27.27439
9 27.27432
9 27.27435
9 27.27427
9 27.27444
9 27.27433
9 23.4443
9 23.44433
9 23.44431
9 23.44432
9 23.44435
9 22.8654
9 22.86541
9 22.86546
9 22.86534
9 22.86541
9 21.92338
9 21.92329
9 21.92333
9 21.92339
9 21.59773
9 21.59773
9 21.59777
9 21.59781
9 21.5977
9 21.36495
9 21.36491
9 21.36492
9 21.36496
9 21.36495
9 20.62693
9 20.62695
9 20.62685
9 20.62694
9 20.62687
9 17.32267
9 17.32278
9 17.32284
9 17.32277
9 17.32267
9 29.61667
9 29.61665
9 29.6167
9 29.61667
9 29.61671
9 5.277152
9 5.277115
9 5.277152
9 5.277152
9 5.277115
9 23.78822
9 23.78837
9 23.7883
9 23.78835
9 23.78844
9 23.78834
9 23.78832
9 23.78827
9 23.78841
9 23.78844
9 23.78825
9 30.20745
9 30.20754
9 30.20743
9 30.20739
9 30.20741
9 29.82959
9 29.82956
9 29.82947
9 29.82961
9 29.82962
9 29.69011
9 29.69001
9 29.6901
9 29.69013
9 29.69007
9 31.29526
9 31.29526
9 31.29528
9 31.29524
9 31.29518
9 29.22478
9 29.22482
9 29.22469
9 29.22484
9 29.22484
9 28.71325
9 28.71328
9 28.71326
9 28.71328
9 28.71342
9 29.22831
9 29.22825
9 29.22827
9 29.22835
9 29.22838
9 29.21971
9 29.21967
9 29.21962
9 29.21967
9 29.21965
9 20.5726
9 20.57253
9 20.57263
9 20.57259
9 20.57268
9 20.57269
9 7.033747
9 7.033803
9 7.034027
9 7.033943
9 7.033887
9 9.572654
9 9.572531
9 9.572531
9 9.572551
9 9.572572
9 4.575602
9 4.575559
9 4.575516
9 4.575516
9 4.575516
9 4.575516
9 3.435757
9 3.435814
9 3.435757
9 3.435814
9 3.4357
9 3.46057
9 3.460513
9 3.460513
9 3.460627
9 3.460457
9 3.341113
9 3.341172
9 3.341172
9 3.341054
9 3.061198
9 3.061262
9 3.061326
9 3.061198
9 3.061326
9 9.669184
9 9.669184
9 9.669103
9 9.669143
9 9.669143
9 3.542156
9 3.541935
9 3.5421
9 3.54199
9 3.54199
9 12.90095
9 12.90098
9 12.90095
9 12.90104
9 12.90103
9 12.81036
9 12.7939
9 12.79398
