pcIndex middleAcc leftAcc leftCon rightAcc rightCon caliIndex
13 14.93719 19.25987 0.3782024 12.31139 0.7589788 0
13 14.81144 18.93295 0.3888511 12.34081 0.6823627 0
13 14.81158 18.93313 0.3888511 12.3409 0.6823627 0
13 14.81154 18.93302 0.3888511 12.34089 0.6823627 0
13 14.98479 19.27041 0.3620872 12.30443 0.743017 0
13 14.98479 19.27046 0.3620872 12.30445 0.743017 0
13 15.1739 19.6693 0.2914944 12.23237 0.8357175 0
13 15.17405 19.66952 0.2914944 12.23243 0.8357175 0
13 15.19955 19.64569 0.3669291 12.25308 0.7908168 0
13 15.1995 19.64556 0.3669291 12.253 0.7908168 0
13 15.4225 20.02396 0.4122134 12.31116 0.7185254 0
13 15.42222 20.0237 0.4122134 12.31099 0.7185254 0
13 15.42244 20.02395 0.4122134 12.31111 0.7185254 0
13 15.26156 19.61197 0.3235133 12.40295 0.8181158 0
13 15.26158 19.61202 0.3235133 12.40299 0.8181158 0
13 15.11154 19.23289 0.2399629 12.50118 0.7723079 0
13 15.11152 19.23277 0.2399629 12.50118 0.7723079 0
13 15.33837 19.67845 0.3191664 12.49103 0.7945259 0
13 15.33825 19.67838 0.3191664 12.49099 0.7945259 0
13 15.37576 19.68206 0.295182 12.57997 0.7732639 0
13 15.37574 19.682 0.295182 12.57997 0.7732639 0
13 15.37578 19.68208 0.295182 12.58003 0.7732639 0
13 15.45963 19.86179 0.2828902 12.54149 0.8334428 0
13 15.45963 19.86177 0.2828902 12.54148 0.8334428 0
13 23.72018 16.17361 0.8534867 34.63915 0 0
13 23.72003 16.17344 0.8534867 34.63898 0 0
13 23.63171 15.99409 0.2120662 34.63921 0 0
13 23.63165 15.99409 0.2120662 34.63911 0 0
13 23.63153 15.9939 0.2120662 34.63899 0 0
13 10.64205 15.82555 0.2862837 5.435416 0.49012 0
13 10.64187 15.82539 0.2862837 5.435343 0.49012 0
13 10.64732 15.93879 0.2741498 5.298903 0.7697449 0
13 10.64731 15.93877 0.2741498 5.298829 0.7697449 0
13 10.6378 16.09916 0.3672122 5.115922 0.6913883 0
13 10.63778 16.09908 0.3672122 5.115884 0.6913883 0
13 10.68857 16.36085 0.2019574 4.952346 0.6000433 0
13 10.68865 16.36091 0.2019574 4.952386 0.6000433 0
13 10.68867 16.3609 0.2019574 4.952386 0.6000433 0
13 10.36563 16.13414 0.2637233 4.53868 0.765492 0
13 10.36584 16.13439 0.2637233 4.538939 0.765492 0
13 10.36576 16.13434 0.2637233 4.538896 0.765492 0
13 9.987551 15.52985 0.20157 4.395163 0.6636077 0
13 9.987551 15.52983 0.20157 4.395118 0.6636077 0
13 9.768694 15.22714 0.3301189 4.267281 0.5531104 0
13 9.768754 15.22714 0.3301189 4.26719 0.5531104 0
13 9.580885 15.01093 0.4958504 4.109087 0.7220712 0
13 9.580905 15.01095 0.4958504 4.109087 0.7220712 0
13 9.506424 14.91587 0.2297486 4.048059 0.7865047 0
13 9.506424 14.91579 0.2297486 4.048156 0.7865047 0
13 9.381419 14.77681 0.3199808 3.934525 0.8959303 0
13 9.381441 14.77678 0.3199808 3.934575 0.8959303 0
13 9.381398 14.77678 0.3199808 3.934575 0.8959303 0
13 9.269764 14.68617 0.3059031 3.800658 0.8060868 0
13 9.269721 14.68616 0.3059031 3.800554 0.8060868 0
13 9.107009 14.51047 0.3049354 3.65184 0.818395 0
13 9.10703 14.51042 0.3049354 3.65168 0.818395 0
13 9.159034 14.56879 0.2553669 3.693426 0.911584 0
13 9.159077 14.56883 0.2553669 3.693373 0.911584 0
13 9.134822 14.56168 0.1556079 3.663136 0.8642119 0
13 9.134715 14.5615 0.1556079 3.663029 0.8642119 0
13 9.134736 14.56159 0.1556079 3.662922 0.8642119 0
13 9.09105 14.44394 0.2444698 3.696023 0.8262622 0
13 9.090941 14.44381 0.2444698 3.69581 0.8262622 0
13 9.121627 14.5492 0.2327729 3.660944 0.7401534 0
13 9.121669 14.54924 0.2327729 3.660891 0.7401534 0
13 9.150877 14.53322 0.1956046 3.770034 0.7999481 0
13 9.150877 14.53326 0.1956046 3.770034 0.7999481 0
13 9.150899 14.53326 0.1956046 3.770086 0.7999481 0
13 9.252872 14.49726 0.1912883 3.976064 0.8832667 0
13 9.252894 14.4973 0.1912883 3.976163 0.8832667 0
13 9.215033 14.40406 0.2911116 3.976852 0.7750689 0
13 9.214841 14.40387 0.2911116 3.976704 0.7750689 0
13 9.245054 14.57727 0.2559906 3.845526 0.7253247 0
13 9.245032 14.57738 0.2559906 3.845526 0.7253247 0
13 7.6246 11.74236 0.6614311 3.864726 0.8811288 0
13 7.624832 11.74261 0.6614311 3.864928 0.8811288 0
13 7.656348 11.90887 0.5202435 3.867512 0.8018354 0
13 7.656245 11.90868 0.5202435 3.867461 0.8018354 0
13 7.656527 11.90903 0.5202435 3.867764 0.8018354 0
13 7.649808 11.84264 0.4546219 3.987769 0.7993417 0
13 7.649732 11.84255 0.4546219 3.987671 0.7993417 0
13 7.77915 11.99179 0.4760217 4.062113 1 0
13 7.779049 11.99174 0.4760217 4.062113 1 0
13 7.74732 11.94294 0.4744788 4.11266 0.8233567 0
13 7.747345 11.94299 0.4744788 4.112708 0.8233567 0
13 7.760432 12.10605 0.4748426 4.09553 0.8427999 0
13 7.760381 12.10597 0.4748426 4.095482 0.8427999 0
13 7.760432 12.10602 0.4748426 4.095625 0.8427999 0
13 7.484851 11.63647 0.3685266 4.082119 0.7932894 0
13 7.484931 11.63657 0.3685266 4.082119 0.7932894 0
13 7.545222 11.73215 0.2788873 4.105416 0.8190218 0
13 7.545066 11.73207 0.2788873 4.105416 0.8190218 0
13 7.545118 11.73205 0.2788873 4.105416 0.8190218 0
13 7.495933 11.75923 0.385443 3.943722 0.930584 0
13 7.496142 11.75939 0.385443 3.943921 0.930584 0
13 7.290973 11.53789 0.2904631 3.729932 0.8135778 0
13 7.290973 11.53787 0.2904631 3.729879 0.8135778 0
13 7.16897 11.48333 0.389464 3.51725 0.8061749 0
13 7.169052 11.4834 0.389464 3.517416 0.8061749 0
13 7.068217 11.27957 0.3436545 3.385586 0.8072789 0
13 7.068245 11.27966 0.3436545 3.385528 0.8072789 0
13 7.068356 11.27969 0.3436545 3.385759 0.8072789 0
13 7.070576 11.204 0.3307675 3.446169 0.8590788 0
13 7.101278 11.2755 0.197711 3.446113 0.8590788 0
13 7.222788 11.27557 0.197711 3.505652 0.5668606 0
13 7.222653 11.27543 0.197711 3.505373 0.5668606 0
13 7.503835 11.65437 0.2982224 3.569632 0.6159764 0
13 7.503677 11.65422 0.2982224 3.569522 0.6159764 0
13 7.503677 11.65425 0.2982224 3.569577 0.6159764 0
13 7.854604 12.0247 0.3645644 3.848885 0.8897368 0
13 7.85443 12.02457 0.3645644 3.848732 0.8897368 0
13 8.092962 17.72832 0 3.744079 0.955127 0
13 8.093011 17.72841 0 3.744027 0.955127 0
13 8.092962 17.72835 0 3.744079 0.955127 0
13 7.993796 17.72837 0 3.562824 0.7594621 0
13 7.993796 17.72836 0 3.562879 0.7594621 0
13 3.94799 4.322187 0 3.588996 0.823852 0
13 3.948089 4.322278 0 3.588996 0.823852 0
13 4.024528 4.369464 0.3912079 3.691463 0.8980075 0
13 4.024479 4.369419 0.3912079 3.69141 0.8980075 0
13 3.905752 4.187363 0.3210263 3.633403 0.8649904 0
13 3.905752 4.187363 0.3210263 3.633457 0.8649904 0
13 3.929695 4.254825 0.4076877 3.613842 0.8572944 0
13 3.929744 4.254917 0.4076877 3.613897 0.8572944 0
13 3.929695 4.254871 0.4076877 3.613897 0.8572944 0
13 3.956611 4.275671 0.4682691 3.64728 0.9208586 0
13 3.95676 4.275764 0.4682691 3.647333 0.9208586 0
13 3.903696 4.275809 0.4682691 3.543095 0.9014966 0
13 3.936814 4.334495 0.4462888 3.54315 0.9014966 0
13 3.936665 4.33436 0.4462888 3.54315 0.9014966 0
13 3.703749 4.308481 0.4382875 3.113699 0.8302006 0
13 3.703749 4.30839 0.4382875 3.113825 0.8302006 0
13 3.726255 4.224522 0.4379172 3.234282 0.9375258 0
13 3.726202 4.224475 0.4379172 3.234222 0.9375258 0
13 3.673385 4.052315 0.5184395 3.296516 0.8566491 0
13 3.673331 4.052217 0.5184395 3.296337 0.8566491 0
13 3.703062 4.101312 0.533153 3.305471 0.847648 0
13 3.703062 4.101359 0.533153 3.305471 0.847648 0
13 3.703115 4.101407 0.533153 3.305471 0.847648 0
13 3.662922 4.034248 0.5773019 3.292058 0.902696 0
13 3.663083 4.0342 0.5773019 3.292177 0.902696 0
13 3.700046 4.049559 0.5598476 3.352987 0.8936353 0
13 3.699888 4.049317 0.5598476 3.352754 0.8936353 0
13 3.757965 4.050913 0.6363489 3.469328 0.8837326 0
13 3.757808 4.050719 0.6363489 3.469159 0.8837326 0
13 3.739945 3.992186 0.5602647 3.4962 0.8356566 0
13 3.739893 3.992235 0.5602647 3.496312 0.8356566 0
13 3.739997 3.992284 0.5602647 3.496256 0.8356566 0
13 3.734653 3.957502 0.5391181 3.51647 0.8250501 0
13 3.734706 3.957502 0.5391181 3.51647 0.8250501 0
13 3.734811 3.957552 0.5391181 3.516637 0.8250501 0
13 3.794986 4.018685 0.5266272 3.591832 0.8736526 0
13 3.794883 4.018685 0.5266272 3.591778 0.8736526 0
13 3.869739 4.101168 0.4512042 3.667623 0.5752783 0
13 3.869789 4.101312 0.4512042 3.667783 0.5752783 0
13 3.918966 4.175795 0.5782702 3.694168 0.5518032 0
13 3.918866 4.175701 0.5782702 3.694115 0.5518032 0
13 3.943225 4.174716 0.6387958 3.734758 0.5795062 0
13 3.943275 4.17481 0.6387958 3.734811 0.5795062 0
13 4.079623 4.349696 0.6297535 3.826383 0.6593499 0
13 4.079432 4.349516 0.6297535 3.826331 0.6593499 0
13 4.07948 4.349696 0.6297535 3.826331 0.6593499 0
13 4.093904 4.435044 0.4887896 3.7665 0.8089913 0
13 4.093712 4.434867 0.4887896 3.766344 0.8089913 0
13 4.103937 4.481089 0.6816171 3.743085 0.7270293 0
13 4.104176 4.481264 0.6816171 3.743294 0.7270293 0
13 4.104176 4.481307 0.6816171 3.743294 0.7270293 0
13 4.134412 4.600024 0.5504785 3.686315 0.7583582 0
13 4.134412 4.599981 0.5504785 3.686155 0.7583582 0
13 4.115183 4.563556 0.6013821 3.686262 0.7583582 0
13 4.16443 4.57406 0.6462658 3.769722 0.758774 0
13 4.164477 4.574232 0.6462658 3.769878 0.758774 0
13 4.108087 4.489038 0.6825644 3.738217 0.697113 0
13 4.107991 4.488993 0.6825644 3.73806 0.697113 0
13 4.052507 4.471682 0.4993741 3.649641 0.8796585 0
13 4.052604 4.471813 0.4993741 3.649695 0.8796585 0
13 3.996255 4.433675 0.7009877 3.585394 0.8581534 0
13 3.996305 4.433719 0.7009877 3.585449 0.8581534 0
13 3.936167 4.399616 0.6349826 3.504982 0.7553284 0
13 3.936267 4.39975 0.6349826 3.505037 0.7553284 0
13 3.936217 4.399661 0.6349826 3.504982 0.7553284 0
13 3.868524 4.221785 0.7188218 3.534187 0.7713011 0
13 3.868524 4.221785 0.7188218 3.534187 0.7713011 0
13 3.868524 4.221785 0.7188218 3.534298 0.7713011 0
13 3.871408 4.217051 0.5417039 3.545305 0.7274005 0
13 3.871408 4.217097 0.5417039 3.54536 0.7274005 0
13 3.805806 4.29546 0.7244711 3.333604 0.7719976 0
13 3.805909 4.29546 0.7244711 3.333663 0.7719976 0
13 3.72636 4.191337 0.6774884 3.282351 0.820885 0
13 3.72657 4.191571 0.6774884 3.282589 0.820885 0
13 3.739003 4.213938 0.5612458 3.282529 0.820885 0
13 3.792457 4.213892 0.5612458 3.395633 0.87251 0
13 3.792663 4.213984 0.5612458 3.395806 0.87251 0
13 3.805806 4.216587 0.6511955 3.419993 0.7077253 0
13 3.806012 4.216772 0.6511955 3.420107 0.7077253 0
13 3.854985 4.203375 0.6383638 3.526145 0.7845143 0
13 3.855036 4.203375 0.6383638 3.526256 0.7845143 0
13 4.077991 4.316156 0.6309724 3.8666 0.691044 0
13 4.078087 4.316202 0.6309724 3.866701 0.691044 0
13 4.248146 4.448714 0.6142867 4.077607 0.6015028 0
13 4.248146 4.448802 0.6142867 4.077655 0.6015028 0
13 4.248191 4.448846 0.6142867 4.077703 0.6015028 0
13 4.261678 4.473126 0.5303608 4.109612 0.7078998 0
13 4.261632 4.473083 0.5303608 4.109564 0.7078998 0
13 4.268199 4.514968 0.7151611 4.062932 0.7602671 0
13 4.268153 4.514881 0.7151611 4.062932 0.7602671 0
13 4.248146 4.572732 0.6787172 3.956414 0.7043598 0
13 4.248238 4.572732 0.6787172 3.956562 0.7043598 0
13 4.248284 4.572904 0.6787172 3.956611 0.7043598 0
13 4.097394 4.500367 0.629561 3.727043 0.7418816 0
13 4.09749 4.500411 0.629561 3.727201 0.7418816 0
13 3.964176 4.283955 0.5932292 3.677647 0.8508314 0
13 3.964325 4.284092 0.5932292 3.677753 0.8508314 0
13 3.839206 4.103221 0.6192544 3.611566 0.734288 0
13 3.839359 4.103269 0.6192544 3.611675 0.734288 0
13 3.789874 4.032743 0.5228543 3.57336 0.8733492 0
13 3.789874 4.032743 0.5228543 3.57336 0.8733492 0
13 3.789874 4.032938 0.5228543 3.573469 0.8733492 0
13 3.77429 3.867359 0.5667313 3.725835 0.8033433 0
13 3.774342 3.86741 0.5667313 3.725992 0.8033433 0
13 3.737117 3.910963 0.544844 3.604837 0.8242013 0
13 3.737326 3.911063 0.544844 3.604946 0.8242013 0
13 3.695493 3.897572 0.7456049 3.533688 0.9009626 0
13 3.695493 3.897572 0.7456049 3.533744 0.9009626 0
13 3.69544 3.897572 0.7456049 3.533633 0.9009626 0
13 3.541935 3.742039 0.5892762 3.387436 0.8051493 0
13 3.542045 3.742143 0.5892762 3.387378 0.8051493 0
13 3.365808 3.448044 0.6639451 3.328667 0.8446218 0
13 3.365808 3.44793 0.6639451 3.32849 0.8446218 0
13 3.33143 3.447987 0.6639451 3.255941 0.9128871 0
13 3.429883 3.513295 0.5896424 3.373072 0.79525 0
13 3.429883 3.51335 0.5896424 3.37313 0.79525 0
13 3.608203 3.620013 0.7612108 3.626714 0.7158836 0
13 3.608203 3.620068 0.7612108 3.626769 0.7158836 0
13 3.939301 3.870497 0.444802 4.046656 0.6517962 0
13 3.939251 3.870396 0.444802 4.046753 0.6517962 0
13 4.083366 3.922163 0.5883133 4.271135 0.596876 0
13 4.083366 3.922113 0.5883133 4.271226 0.596876 0
13 4.240578 4.057241 0.6170243 4.446864 0.8459064 0
13 4.240531 4.057144 0.6170243 4.44682 0.8459064 0
13 4.240531 4.057144 0.6170243 4.44682 0.8459064 0
13 4.270722 4.098159 0.6625833 4.466685 0.626301 0
13 4.270538 4.097872 0.6625833 4.466465 0.626301 0
13 4.283452 4.179217 0.585732 4.425318 0.7975823 0
13 4.283315 4.179123 0.585732 4.425318 0.7975823 0
13 4.278465 4.160948 0.7414619 4.431687 0.7451978 0
13 4.278373 4.160902 0.7414619 4.431643 0.7451978 0
13 4.273014 4.124785 0.5889464 4.457379 0.8769999 0
13 4.273014 4.124738 0.5889464 4.457379 0.8769999 0
13 4.272968 4.12469 0.5889464 4.457335 0.8769999 0
13 4.209335 4.012296 0.6503893 4.433057 0.735207 0
13 4.209335 4.012296 0.6503893 4.433101 0.735207 0
13 4.216447 3.964325 0.6501025 4.493485 0.7756252 0
13 4.216494 3.964226 0.6501025 4.493442 0.7756252 0
13 4.178936 3.964424 0.6501025 4.420446 0.8596315 0
13 4.242102 4.052798 0.6716765 4.460234 0.70413 0
13 4.242102 4.052943 0.6716765 4.460366 0.70413 0
13 4.238407 4.017125 0.6363603 4.480083 0.8018039 0
13 4.238452 4.017223 0.6363603 4.480127 0.8018039 0
13 4.241317 4.061245 0.6297568 4.440253 0.8310762 0
13 4.241317 4.061341 0.6297568 4.440253 0.8310762 0
13 4.223084 4.04835 0.7725056 4.417388 0.7669492 0
13 4.22313 4.04835 0.7725056 4.417344 0.7669492 0
13 4.223223 4.048398 0.7725056 4.417433 0.7669492 0
13 4.220254 3.962101 0.6205117 4.490608 0.8263668 0
13 4.220394 3.962151 0.6205117 4.490738 0.8263668 0
13 4.232118 4.030995 0.7094363 4.44497 0.6028365 0
13 4.232164 4.030995 0.7094363 4.445014 0.6028365 0
13 4.27448 4.064137 0.6169801 4.493791 0.7771854 0
13 4.274572 4.064234 0.6169801 4.493921 0.7771854 0
13 4.278968 4.011857 0.6528941 4.554405 0.6939387 0
13 4.30152 4.058737 0.6518282 4.554619 0.6939387 0
13 4.301429 4.05864 0.6518282 4.554448 0.6939387 0
13 4.29546 4.05502 0.700536 4.537946 0.6736332 0
13 4.295414 4.054972 0.700536 4.537946 0.6736332 0
13 4.333411 4.131759 0.5954701 4.537903 0.6736332 0
13 4.377346 4.131759 0.5954701 4.630158 0.7411225 0
13 4.377301 4.131759 0.5954701 4.630158 0.7411225 0
13 4.348075 4.099163 0.6821724 4.602025 0.7303495 0
13 4.348165 4.09921 0.6821724 4.602067 0.7303495 0
13 4.270217 3.97503 0.7491867 4.570247 0.8312325 0
13 4.270355 3.975226 0.7491867 4.570418 0.8312325 0
13 4.236188 3.928 0.661294 4.549026 0.7117028 0
13 4.236188 3.92805 0.661294 4.549111 0.7117028 0
13 4.157181 3.866245 0.6530589 4.453247 0.8007166 0
13 4.157228 3.866347 0.6530589 4.453335 0.8007166 0
13 4.133939 3.915717 0.6357304 4.361343 0.7739629 0
13 4.133797 3.915667 0.6357304 4.361298 0.7739629 0
13 4.100977 3.854833 0.6838683 4.352892 0.4986605 0
13 4.10112 3.855087 0.6838683 4.353027 0.4986605 0
13 4.101168 3.855036 0.6838683 4.353027 0.4986605 0
13 4.085619 3.816647 0.5017596 4.359366 0.6125125 0
13 4.085619 3.816647 0.5017596 4.359231 0.6125125 0
13 4.050961 3.81757 0.6599525 4.287154 0.7429875 0
13 4.051009 3.817519 0.6599525 4.287062 0.7429875 0
13 4.023603 3.76416 0.706151 4.287245 0.7429875 0
13 3.928349 3.701475 0.7308296 4.161372 0.8076506 0
13 3.928099 3.70121 0.7308296 4.161137 0.8076506 0
13 3.917417 3.674983 0.760805 4.161748 0.7628717 0
13 3.917317 3.674983 0.760805 4.161701 0.7628717 0
13 3.88252 3.620987 0.7874351 4.147182 0.6563419 0
13 3.88257 3.620933 0.7874351 4.14723 0.6563419 0
13 3.877069 3.610482 0.5718831 4.147182 0.6563419 0
13 3.870042 3.610698 0.5718831 4.131759 0.7363417 0
13 3.86989 3.610482 0.5718831 4.131617 0.7363417 0
13 3.844354 3.583537 0.7010301 4.107514 0.803253 0
13 3.844252 3.583428 0.7010301 4.107514 0.803253 0
13 3.84975 3.621312 0.6823614 4.082359 0.762681 0
13 3.849495 3.62115 0.6823614 4.082263 0.762681 0
13 3.854426 3.544974 0.7152973 4.16758 0.7782235 0
13 3.854325 3.544974 0.7152973 4.16758 0.7782235 0
13 3.854477 3.545029 0.7152973 4.167532 0.7782235 0
13 3.901689 3.631085 0.7861944 4.174435 0.773077 0
13 3.90179 3.631085 0.7861944 4.174435 0.773077 0
13 3.877928 3.603425 0.5926113 4.152939 0.6965988 0
13 3.878079 3.603425 0.5926113 4.152939 0.6965988 0
13 3.812283 3.510674 0.625474 4.116087 0.7455752 0
13 3.812232 3.510507 0.625474 4.115993 0.7455752 0
13 3.812232 3.510563 0.625474 4.115993 0.7455752 0
13 3.913015 3.630869 0.550257 4.197313 0.7321711 0
13 3.912966 3.630869 0.550257 4.197267 0.7321711 0
13 3.901689 3.688757 0.6968018 4.114803 0.6387329 0
13 3.901639 3.688757 0.6968018 4.114755 0.6387329 0
13 3.890531 3.728777 0.7746987 4.052653 0.7768018 0
13 3.890632 3.729039 0.7746987 4.052749 0.7768018 0
13 3.89033 3.728724 0.7746987 4.052556 0.7768018 0
13 3.892896 3.70047 0.6796622 4.086339 0.6836321 0
13 3.892846 3.700364 0.6796622 4.086147 0.6836321 0
13 3.905552 3.760725 0.6165382 4.050913 0.6760426 0
13 3.905301 3.760465 0.6165382 4.050719 0.6760426 0
13 3.902894 3.789874 0.6006126 4.015955 0.7812573 0
13 3.902843 3.789823 0.6006126 4.015955 0.7812573 0
13 3.929645 3.750715 0.7004622 4.109231 0.7884767 0
13 3.929545 3.750663 0.7004622 4.109135 0.7884767 0
13 3.929794 3.750819 0.7004622 4.109278 0.7884767 0
13 3.928897 3.683126 0.7879244 4.178655 0.7960918 0
13 3.928847 3.683073 0.7879244 4.178608 0.7960918 0
13 3.909811 3.784704 0.6766002 4.035413 0.7886722 0
13 3.909761 3.784808 0.6766002 4.035462 0.7886722 0
13 3.909761 3.784704 0.6766002 4.03551 0.7886722 0
13 3.934824 3.844456 0.6482258 4.025355 0.7444125 0
13 3.934973 3.844609 0.6482258 4.025453 0.7444125 0
13 3.948387 3.844711 0.5523098 4.052749 0.7067693 0
13 3.948436 3.84466 0.5523098 4.052653 0.7067693 0
13 3.948337 3.84466 0.5523098 4.052507 0.7067693 0
13 3.948188 3.844558 0.5523098 4.052411 0.7067693 0
13 3.948288 3.844609 0.5523098 4.052411 0.7067693 0
13 3.948337 3.844558 0.5523098 4.052556 0.7067693 0
13 3.933928 3.79576 0.660733 4.07285 0.7542889 0
13 3.853715 3.739212 0.6440643 3.968324 0.873589 0
13 3.853766 3.739264 0.6440643 3.968324 0.873589 0
13 3.853207 3.782013 0.7314863 3.924708 0.7473651 0
13 3.853055 3.781961 0.7314863 3.924708 0.7473651 0
13 18.60602 3.641693 0.4934648 34.63906 0 0
13 18.60603 3.641585 0.4934648 34.63905 0 0
13 21.90948 17.72835 0 34.63904 0 0
13 21.90952 17.7284 0 34.63918 0 0
13 21.90941 17.72836 0 34.63897 0 0
13 21.90941 17.72839 0 34.639 0 0
13 21.9095 17.7284 0 34.63917 0 0
13 23.85249 28.99954 0.4231911 18.7618 0.5411549 0
13 23.85255 28.99961 0.4231911 18.76178 0.5411549 0
13 23.85246 28.9995 0.4231911 18.76174 0.5411549 0
13 23.876 28.93539 0.2594636 18.84184 0.6815547 0
13 23.87613 28.93553 0.2594636 18.84189 0.6815547 0
13 23.73847 28.83177 0.2278388 18.65242 0.8957008 0
13 23.73861 28.83194 0.2278388 18.65254 0.8957008 0
13 23.72962 28.89953 0.1788305 18.57179 0.8185883 0
13 23.7297 28.89956 0.1788305 18.57183 0.8185883 0
13 23.54874 28.71112 0.3828264 18.39229 0.8188533 0
13 23.54881 28.71123 0.3828264 18.39238 0.8188533 0
13 23.5488 28.7112 0.3828264 18.39234 0.8188533 0
13 23.54877 28.78783 0.1968886 18.31339 0.8435336 0
13 23.54889 28.78797 0.1968886 18.3135 0.8435336 0
13 16.32015 17.72836 0 18.27846 0.7528592 0
13 16.32014 17.72835 0 18.27847 0.7528592 0
13 16.32091 17.72837 0 18.26699 0.8378455 0
13 16.32091 17.72837 0 18.26699 0.8378455 0
13 16.31821 17.72841 0 18.25507 0.9297285 0
13 16.31821 17.72838 0 18.25502 0.9297285 0
13 15.76748 14.89279 0.9719102 18.19328 0.9023036 0
13 15.76741 14.89274 0.9719102 18.19326 0.9023036 0
13 15.76742 14.8927 0.9719102 18.19326 0.9023036 0
13 15.78189 15.08204 0.2927459 18.11332 0.9386075 0
13 15.78177 15.08186 0.2927459 18.11322 0.9386075 0
13 15.73461 15.19466 0.2124587 17.9296 0.8534274 0
13 15.73483 15.19486 0.2124587 17.92975 0.8534274 0
13 15.62029 20.04161 0.2124587 12.00068 0.8534274 1
13 11.2138 10.44727 0.6224941 11.98703 0.8781151 1
13 11.2137 10.44721 0.6224941 11.98689 0.8781151 1
13 11.33899 10.46305 0.4434119 12.22848 0.4954591 1
13 11.3389 10.463 0.4434119 12.2284 0.4954591 1
13 14.17244 3.176073 0 31.03806 0 1
13 14.17228 3.176073 0 31.03799 0 1
13 14.17228 3.176196 0 31.03793 0 1
13 6.567428 3.176196 0 16.44737 0.7797371 1
13 6.567518 3.176258 0 16.44745 0.7797371 1
13 6.5357 3.176135 0 16.38381 0.6335971 1
13 6.535551 3.176073 0 16.38356 0.6335971 1
13 6.535671 3.176073 0 16.38375 0.6335971 1
13 6.535551 3.176073 0 16.38364 0.6335971 1
13 6.382699 3.176073 0 16.07791 0.677314 1
13 6.382637 3.176258 0 16.07785 0.677314 1
13 6.323783 3.176196 0 15.96248 0.638285 1
13 6.323814 3.176196 0 15.96253 0.638285 1
13 6.340319 3.176073 0 16.0236 0.7424015 1
13 6.340164 3.176196 0 16.02349 0.7424015 1
13 6.295848 3.176196 0 15.94625 0.7031094 1
13 6.296066 3.176012 0 15.94643 0.7031094 1
13 6.295755 3.176196 0 15.94619 0.7031094 1
13 13.5085 11.21968 0.4574141 15.81193 0.6262426 1
13 13.50851 11.21967 0.4574141 15.81187 0.6262426 1
13 6.152719 3.176012 0 15.68279 0.5571362 1
13 6.15256 3.176196 0 15.68274 0.5571362 1
13 14.1723 3.176196 0 31.03798 0 1
13 14.17234 3.176073 0 31.03801 0 1
13 3.841449 2.524527 0 5.344488 0.5481084 1
13 3.841501 2.524527 0 5.344562 0.5481084 1
13 2.949886 6.330198 0.5871704 5.344415 0.5481084 1
13 0.8893346 3.176196 0 5.041505 0.514684 1
13 0.8891146 3.176135 0 5.041428 0.514684 1
13 0.8941622 3.176135 0 5.036956 0.4704518 1
13 0.8943809 3.176196 0 5.036918 0.4704518 1
13 0.8855863 3.176135 0 4.994144 0.539419 1
13 0.8853652 3.176135 0 4.994026 0.539419 1
13 0.8860281 3.17595 0 4.994222 0.539419 1
13 0.8654715 3.176135 0 4.910793 0.5546753 1
13 0.8656976 3.176073 0 4.910833 0.5546753 1
13 5.514697 3.940891 0.5139366 7.444448 0.5521178 1
13 5.514555 3.940791 0.5139366 7.44429 0.5521178 1
13 5.075087 3.967831 0.3892505 7.444421 0.5521178 1
13 5.075048 3.967831 0.3892505 7.444448 0.5521178 1
13 2.349021 3.176135 0 6.455035 0.5607198 1
13 2.348854 3.176073 0 6.455004 0.5607198 1
13 3.312571 2.061655 0.3200693 6.393227 0.621943 1
13 3.31263 2.06175 0.3200693 6.393257 0.621943 1
13 7.136138 8.7328 0.4936017 5.814768 0.5622279 1
13 7.136084 8.732777 0.4936017 5.814768 0.5622279 1
13 7.071103 8.729447 0.2294584 5.75609 0.5223882 1
13 7.071131 8.729447 0.2294584 5.756124 0.5223882 1
13 7.071131 8.729402 0.2294584 5.755988 0.5223882 1
13 7.060609 8.819133 0.2763207 5.634369 0.6356919 1
13 7.060609 8.819155 0.2763207 5.634334 0.6356919 1
13 6.903364 8.66168 0.2022527 5.483872 0.5776223 1
13 6.903364 8.661748 0.2022527 5.483943 0.5776223 1
13 6.903336 8.661726 0.2022527 5.483872 0.5776223 1
13 6.812875 8.642906 0.2993048 5.287687 0.4800813 1
13 6.812904 8.642929 0.2993048 5.287761 0.4800813 1
13 6.796071 8.657869 0.2829677 5.238318 0.5331121 1
13 6.796071 8.657869 0.2829677 5.238394 0.5331121 1
13 6.802705 8.655646 0.336965 5.234389 0.5727881 1
13 6.802734 8.655714 0.336965 5.234502 0.5727881 1
13 1.671521 3.176135 0 5.167481 0.5598776 1
13 1.671404 3.17595 0 5.167481 0.5598776 1
13 1.6458 3.176135 0 5.128125 0.4539009 1
13 5.57313 6.13437 0.4561163 5.127934 0.4539009 1
13 5.573201 6.134498 0.4561163 5.128048 0.4539009 1
13 1.665069 3.176196 0 5.15955 0.5065183 1
13 1.665187 3.176196 0 5.159512 0.5065183 1
13 1.660479 3.176073 0 5.191842 0.5028853 1
13 1.660715 3.176135 0 5.19188 0.5028853 1
13 3.219844 1.547881 0.5344885 5.106262 0.4709563 1
13 3.219844 1.547755 0.5344885 5.106224 0.4709563 1
13 3.189728 1.589547 0.3754831 5.005272 0.5490428 1
13 3.189666 1.589547 0.3754831 5.005311 0.5490428 1
13 3.268903 1.774206 0.4864368 5.005351 0.5490428 1
13 3.239242 1.773875 0.4864368 4.944824 0.5603039 1
13 3.239484 1.774427 0.4864368 4.944983 0.5603039 1
13 3.275604 1.905262 0.488026 4.910035 0.575457 1
13 3.275663 1.90557 0.488026 4.910115 0.575457 1
13 3.264348 1.98268 0.450339 4.834564 0.5089718 1
13 3.264288 1.98268 0.450339 4.834645 0.5089718 1
13 3.306182 2.046793 0.341536 4.82621 0.5543314 1
13 3.3063 2.046793 0.341536 4.826169 0.5543314 1
13 3.306241 2.046601 0.341536 4.82621 0.5543314 1
13 3.310088 2.080461 0.3317304 4.835942 0.4850701 1
13 3.310029 2.080461 0.3317304 4.835901 0.4850701 1
13 3.335835 2.083657 0.316859 4.859905 0.5684536 1
13 3.335718 2.083657 0.316859 4.859824 0.5684536 1
13 3.262128 1.892585 0.4040503 4.853451 0.6024676 1
13 3.262308 1.892689 0.4040503 4.853532 0.6024676 1
13 3.237187 1.912234 0.4143844 4.853572 0.6024676 1
13 3.186043 1.912132 0.4143844 4.73946 0.5120599 1
13 3.185982 1.912132 0.4143844 4.73946 0.5120599 1
13 3.14149 1.871999 0.2961212 4.728204 0.5715505 1
13 3.141615 1.872103 0.2961212 4.728245 0.5715505 1
13 3.135065 1.78586 0.4558019 4.723146 0.566091 1
13 3.135065 1.785751 0.4558019 4.723146 0.566091 1
13 3.174038 1.961243 0.4005958 4.681739 0.6097746 1
13 3.1741 1.961243 0.4005958 4.681739 0.6097746 1
13 3.141553 1.946921 0.3946016 4.621859 0.4863574 1
13 3.14149 1.946821 0.3946016 4.621817 0.4863574 1
13 3.141553 1.946921 0.3946016 4.621944 0.4863574 1
13 3.111812 1.935731 0.3814605 4.618043 0.528695 1
13 3.111686 1.935529 0.3814605 4.617959 0.528695 1
13 3.16205 2.057474 0.4315985 4.614479 0.5775849 1
13 3.162112 2.057759 0.4315985 4.614564 0.5775849 1
13 3.074853 2.134784 0.4452046 4.469096 0.5968807 1
13 3.074789 2.1346 0.4452046 4.468965 0.5968807 1
13 3.074789 2.134692 0.4452046 4.468965 0.5968807 1
13 2.970584 2.079237 0.3826894 4.321417 0.6092711 1
13 2.97065 2.079331 0.3826894 4.321508 0.6092711 1
13 2.946034 2.026613 0.3779744 4.274618 0.5048326 1
13 2.9461 2.026806 0.3779744 4.274618 0.5048326 1
13 2.974338 2.079614 0.369826 4.30998 0.5638224 1
13 2.974206 2.07952 0.369826 4.30998 0.5638224 1
13 2.969661 2.115259 0.3938163 4.310117 0.5638224 1
13 2.927169 2.114888 0.3938163 4.199739 0.5976485 1
13 2.927436 2.115259 0.3938163 4.199879 0.5976485 1
13 2.910402 2.109329 0.3372501 4.182403 0.4692318 1
13 2.910469 2.1097 0.3372501 4.182496 0.4692318 1
13 2.958566 2.160936 0.352533 4.197687 0.499235 1
13 2.9585 2.160936 0.352533 4.197733 0.499235 1
13 2.927704 2.062889 0.2524427 4.161419 0.5738738 1
13 2.927838 2.062889 0.2524427 4.161513 0.5738738 1
13 2.927771 2.062889 0.2524427 4.161419 0.5738738 1
13 2.779674 1.977343 0.3327165 3.958739 0.6463432 1
13 2.779533 1.977442 0.3327165 3.95864 0.6463432 1
13 2.698273 2.001543 0.3092544 3.729354 0.6567481 1
13 2.698419 2.001739 0.3092544 3.729459 0.6567481 1
13 2.67993 2.001739 0.3092544 3.695704 0.6743364 1
13 2.656749 1.920608 0.2240491 3.660249 0.6644949 1
13 2.656528 1.920506 0.2240491 3.660088 0.6644949 1
13 2.641899 1.94501 0.3290617 3.599402 0.7690985 1
13 2.641899 1.94501 0.3290617 3.599402 0.7690985 1
13 2.61187 1.989283 0.3360245 3.541105 0.8752931 1
13 2.611945 1.989185 0.3360245 3.540939 0.8752931 1
13 2.62905 2.032399 0.3136599 3.486499 0.8174486 1
13 2.629348 2.032784 0.3136599 3.486779 0.8174486 1
13 2.629273 2.032688 0.3136599 3.486779 0.8174486 1
13 2.567579 1.981397 0.3032615 3.451222 0.8595667 1
13 2.567655 1.981495 0.3032615 3.451222 0.8595667 1
13 2.492929 1.932797 0.2890131 3.403121 0.7959508 1
13 2.493164 1.932898 0.2890131 3.403121 0.7959508 1
13 2.517928 1.94883 0.3732912 3.450428 0.752098 1
13 2.517928 1.94873 0.3732912 3.450314 0.752098 1
13 2.517928 1.94883 0.3732912 3.450371 0.752098 1
13 2.415327 1.812401 0.447694 3.268723 0.7284359 1
13 2.415246 1.812401 0.447694 3.268783 0.7284359 1
13 2.435983 1.733252 0.4981238 3.350826 0.812767 1
13 2.435983 1.733365 0.4981238 3.350826 0.812767 1
13 2.429225 1.685163 0.4831122 3.353396 0.7457837 1
13 2.429144 1.685279 0.4831122 3.353454 0.7457837 1
13 2.428983 1.684931 0.4831122 3.353279 0.7457837 1
13 2.483883 1.725784 0.5290551 3.403293 0.8298348 1
13 2.483962 1.725557 0.5290551 3.403293 0.8298348 1
13 2.487112 1.661775 0.543533 3.454851 0.8589056 1
13 2.487348 1.66201 0.543533 3.454908 0.8589056 1
13 2.35077 1.561977 0.6086404 3.276321 0.8576311 1
13 2.350603 1.561851 0.6086404 3.276141 0.8576311 1
13 2.289868 1.444962 0.5222531 3.299247 0.7606104 1
13 2.289953 1.445233 0.5222531 3.299187 0.7606104 1
13 2.238608 1.390157 0.6169595 3.299365 0.7606104 1
13 2.221935 1.390016 0.6169595 3.268783 0.8412256 1
13 2.221759 1.389876 0.6169595 3.268843 0.8412256 1
13 2.203715 1.331633 0.520541 3.278651 0.8720341 1
13 2.203626 1.331486 0.520541 3.278471 0.8720341 1
13 2.248989 1.381827 0.6115979 3.287655 0.846034 1
13 2.248902 1.381827 0.6115979 3.287714 0.846034 1
13 2.228444 1.326922 0.4756605 3.335365 0.8974522 1
13 2.228444 1.327217 0.4756605 3.335365 0.8974522 1
13 2.228532 1.32707 0.4756605 3.335483 0.8974522 1
13 2.199981 1.274722 0.4617996 3.340937 0.8862731 1
13 2.200159 1.274875 0.4617996 3.341113 0.8862731 1
13 2.137532 1.257255 0.6576049 3.249621 0.9320853 1
13 2.140278 1.257255 0.6576049 3.267345 0.8802794 1
13 2.140278 1.257255 0.6576049 3.267465 0.8802794 1
13 2.141283 1.205285 0.5397653 3.294377 0.9647703 1
13 2.141466 1.20561 0.5397653 3.294555 0.9647703 1
13 2.12191 1.251952 0.504503 3.210345 0.8050573 1
13 2.122002 1.251952 0.504503 3.210345 0.8050573 1
13 2.050327 1.254762 0.4982462 3.139807 0.7883692 1
13 2.050137 1.254606 0.4982462 3.139745 0.7883692 1
13 2.050423 1.254918 0.4982462 3.13987 0.7883692 1
13 1.99233 1.157244 0.5185735 3.160254 0.8071871 1
13 1.992134 1.157244 0.5185735 3.160254 0.8071871 1
13 2.11424 1.20496 0.4819321 3.312453 0.8670668 1
13 2.114518 1.205285 0.4819321 3.312571 0.8670668 1
13 2.078202 1.105353 0.4980939 3.326608 0.8363376 1
13 2.078107 1.105353 0.4980939 3.326549 0.8363376 1
13 2.078202 1.105353 0.4980939 3.326667 0.8363376 1
13 1.963238 1.060356 0.5278421 3.160007 0.8158951 1
13 1.963238 1.060171 0.5278421 3.159944 0.8158951 1
13 2.045262 1.155383 0.4220277 3.262248 0.8074222 1
13 2.045453 1.155722 0.4220277 3.262368 0.8074222 1
13 2.084314 1.172364 0.3956356 3.280203 0.9477886 1
13 2.084314 1.172364 0.3956356 3.280143 0.9477886 1
13 2.162746 1.213214 0.6184812 3.339823 0.8007707 1
13 2.162837 1.213537 0.6184812 3.339823 0.8007707 1
13 2.162746 1.213214 0.6184812 3.339823 0.8007707 1
13 2.229409 1.306412 0.5477557 3.388303 0.8873207 1
13 2.229585 1.306412 0.5477557 3.388476 0.8873207 1
13 2.280704 1.418169 0.6250549 3.347085 0.8072147 1
13 2.28079 1.418031 0.6250549 3.347143 0.8072147 1
13 2.242016 1.515557 0.3760745 3.158891 0.7574337 1
13 2.241928 1.515428 0.3760745 3.158705 0.7574337 1
13 2.171957 1.541039 0.4977519 3.055181 0.6745361 1
13 2.171777 1.541039 0.4977519 3.055117 0.6745361 1
13 2.140003 1.575698 0.3765644 2.985112 0.7773485 1
13 2.139912 1.575698 0.3765644 2.984981 0.7773485 1
13 2.140095 1.575822 0.3765644 2.985112 0.7773485 1
13 2.031147 1.418997 0.5564697 2.973219 0.7542015 1
13 2.03134 1.418997 0.5564697 2.973219 0.7542015 1
13 2.03134 1.419273 0.5564697 2.973351 0.7542015 1
13 1.976254 1.366017 0.4331926 2.968606 0.8381419 1
13 1.976452 1.36616 0.4331926 2.968672 0.8381419 1
13 2.017418 1.465803 0.4994846 2.981963 0.8872122 1
13 2.017515 1.46567 0.4994846 2.981766 0.8872122 1
13 1.98347 1.368593 0.4151973 2.99199 0.8193345 1
13 1.98347 1.368593 0.4151973 2.99199 0.8193345 1
13 1.920913 1.413193 0.4814881 2.944106 0.8545426 1
13 1.920812 1.413332 0.4814881 2.94404 0.8545426 1
13 1.920812 1.413193 0.4814881 2.944106 0.8545426 1
13 1.878886 1.248665 0.55581 3.023491 1 1
13 1.878886 1.248352 0.55581 3.023491 1 1
13 1.850549 1.228123 0.4863455 2.880316 0.8740702 1
13 1.850549 1.227804 0.4863455 2.880384 0.8740702 1
13 1.871267 1.361856 0.4432416 2.816958 0.7209796 1
13 1.871267 1.362 0.4432416 2.817028 0.7209796 1
13 1.892482 1.355086 0.4272906 2.870649 0.8413389 1
13 1.892585 1.35523 0.4272906 2.870717 0.8413389 1
13 1.892378 1.354941 0.4272906 2.870581 0.8413389 1
13 1.927626 1.384232 0.4968309 2.941512 0.8197889 1
13 1.927626 1.384232 0.4968309 2.941313 0.8197889 1
13 1.895891 1.328985 0.4700206 2.912755 0.8389271 1
13 1.895788 1.328838 0.4700206 2.912822 0.8389271 1
13 1.895891 1.329132 0.4700206 2.912755 0.8389271 1
13 1.75033 1.272263 0.50252 2.784669 0.8187867 1
13 1.750107 1.272417 0.50252 2.784669 0.8187867 1
13 1.807211 1.284661 0.5667397 2.845788 0.9513872 1
13 1.807536 1.28527 0.5667397 2.845994 0.9513872 1
13 1.808077 1.251795 0.6051661 2.820708 0.7835301 1
13 1.808185 1.251795 0.6051661 2.820778 0.7835301 1
13 1.762919 1.258188 0.5285873 2.82272 0.9325435 1
13 1.762808 1.258188 0.5285873 2.822859 0.9325435 1
13 1.714178 1.169021 0.5750095 2.82272 0.9325435 1
13 1.704332 1.169188 0.5750095 2.824107 0.8356016 1
13 1.704447 1.169523 0.5750095 2.824245 0.8356016 1
13 1.779273 1.251952 0.5264384 2.915442 0.8314633 1
13 1.779273 1.251795 0.5264384 2.915442 0.8314633 1
13 1.84345 1.249448 0.4839116 2.925028 0.7959644 1
13 1.843662 1.249448 0.4839116 2.925162 0.7959644 1
13 1.819084 1.176197 0.5650886 2.874193 0.8970577 1
13 1.819299 1.17653 0.5650886 2.874125 0.8970577 1
13 1.876697 1.218686 0.4620561 2.921814 0.8060052 1
13 1.862041 1.213214 0.5200734 2.921881 0.8060052 1
13 1.862251 1.213375 0.5200734 2.922015 0.8060052 1
13 1.838134 1.135394 0.4472705 2.918664 0.8308469 1
13 1.838453 1.135566 0.4472705 2.918664 0.8308469 1
13 1.828313 1.095573 0.4846467 2.918865 0.8308469 1
13 1.784435 1.095751 0.4846467 2.832412 0.8925772 1
13 1.784325 1.095751 0.4846467 2.832412 0.8925772 1
13 1.753123 1.115398 0.4963921 2.765129 0.841813 1
13 1.753011 1.115398 0.4963921 2.764988 0.841813 1
13 1.769789 1.133324 0.4727621 2.783334 0.813751 1
13 1.769789 1.133324 0.4727621 2.783334 0.813751 1
13 1.746973 1.105176 0.5360982 2.733088 0.8768599 1
13 1.746861 1.104999 0.5360982 2.732944 0.8768599 1
13 1.735622 1.087325 0.5280687 2.733088 0.8768599 1
13 1.733591 1.086965 0.5280687 2.738025 0.8976899 1
13 1.733929 1.087685 0.5280687 2.738168 0.8976899 1
13 1.733929 1.084623 0.4998672 2.751504 0.7865356 1
13 1.734155 1.084803 0.4998672 2.751717 0.7865356 1
13 1.603643 1.040423 0.5794859 2.62346 0.8831593 1
13 1.603887 1.040611 0.5794859 2.623684 0.8831593 1
13 1.603887 1.040423 0.5794859 2.623609 0.8831593 1
13 1.637455 1.092532 0.483744 2.627337 0.8431585 1
13 1.637336 1.092711 0.483744 2.627263 0.8431585 1
13 1.661068 1.102339 0.443719 2.594274 0.8323723 1
13 1.661068 1.102162 0.443719 2.594199 0.8323723 1
13 1.661068 1.102339 0.443719 2.594199 0.8323723 1
13 1.623894 1.066612 0.4601054 2.564528 0.8628278 1
13 1.623774 1.066612 0.4601054 2.564528 0.8628278 1
13 1.60596 1.120823 0.5397587 2.551443 1 1
13 1.606081 1.121347 0.5397587 2.551519 1 1
13 1.645324 1.194521 0.5296739 2.573746 0.8167289 1
13 1.645324 1.195013 0.5296739 2.573822 0.8167289 1
13 1.610584 1.099851 0.5789545 2.593897 0.882424 1
13 1.61034 1.099495 0.5789545 2.593821 0.882424 1
13 1.610826 1.099851 0.5789545 2.594048 0.882424 1
13 1.506102 1.066245 0.4597007 2.539909 0.8598136 1
13 1.506492 1.066612 0.4597007 2.540063 0.8598136 1
13 1.524826 1.107828 0.4136449 2.499437 0.8706658 1
13 1.524826 1.107652 0.4136449 2.499437 0.8706658 1
13 1.608881 1.061647 0.4160529 2.606769 0.9024811 1
13 1.608881 1.061647 0.4160529 2.606769 0.9024811 1
13 1.60876 1.061647 0.4160529 2.606619 0.9024811 1
13 1.66201 1.107298 0.4251197 2.67181 0.9620349 1
13 1.66201 1.107475 0.4251197 2.67181 0.9620349 1
13 1.65812 0.9861575 0.4097923 2.689918 0.9247718 1
13 1.658238 0.9859589 0.4097923 2.689991 0.9247718 1
13 1.704906 1.015293 0.4210997 2.796454 0.880726 1
13 1.704906 1.015485 0.4210997 2.796454 0.880726 1
13 1.704906 1.015293 0.4210997 2.796454 0.880726 1
13 1.709491 0.9924868 0.5555037 2.790287 0.8958274 1
13 1.709835 0.9926839 0.5555037 2.790427 0.8958274 1
13 1.745404 0.9536759 0.528343 2.841245 0.8932741 1
13 1.745404 0.953881 0.528343 2.841313 0.8932741 1
13 1.789691 0.9276733 0.5310027 2.877052 0.8732911 1
13 1.789582 0.9274623 0.5310027 2.876848 0.8732911 1
13 1.802223 0.9553158 0.4901783 2.939981 0.7804898 1
13 1.802223 0.9557254 0.4901783 2.939914 0.7804898 1
13 1.785641 0.9280951 0.3484295 2.939848 0.7804898 1
13 1.763474 0.9274623 0.3484295 2.891237 0.8882472 1
13 1.763585 0.9278842 0.3484295 2.891305 0.8882472 1
13 1.804936 0.9567486 0.5785413 2.947164 0.9154496 1
13 1.804827 0.9563395 0.5785413 2.94723 0.9154496 1
13 1.823919 0.9069818 0.452513 2.982225 0.9138059 1
13 1.823919 0.906766 0.452513 2.982291 0.9138059 1
13 1.823919 0.9065502 0.452513 2.982357 0.9138059 1
13 1.799506 0.8575217 0.4596838 3.050179 0.9340914 1
13 1.799506 0.8577499 0.4596838 3.050179 0.9340914 1
13 1.806886 0.741777 0.4291411 3.059343 0.777721 1
13 1.806669 0.7415132 0.4291411 3.059279 0.777721 1
13 1.820267 0.7271236 0.4874409 3.103686 0.8783036 1
13 1.820267 0.7273927 0.4874409 3.103623 0.8783036 1
13 1.781911 0.6778198 0.4772175 3.074089 0.809787 1
13 1.781691 0.6775311 0.4772175 3.073898 0.809787 1
13 1.748988 0.7195491 0.4212475 2.968277 0.9182662 1
13 1.748764 0.719821 0.4212475 2.968342 0.9182662 1
13 1.748988 0.719821 0.4212475 2.968342 0.9182662 1
13 1.7176 0.6382713 0.588254 2.989634 0.8562779 1
13 1.717372 0.6385778 0.588254 2.989568 0.8562779 1
13 1.797983 0.6728944 0.5201836 3.145414 0.8705229 1
13 1.797983 0.6728944 0.5201836 3.145227 0.8705229 1
13 1.839411 0.7008132 0.3958724 3.143733 0.7939348 1
13 1.839518 0.699975 0.3958724 3.143733 0.7939348 1
13 15.10514 16.26945 0.4409068 13.95051 1 2
13 15.1051 16.26943 0.4409068 13.95051 1 2
13 15.13836 16.34031 0.4526512 13.94242 0.9059963 2
13 15.1384 16.3403 0.4526512 13.94242 0.9059963 2
13 15.13835 16.3402 0.4526512 13.94233 0.9059963 2
13 16.88789 19.96782 0 13.72375 0.504922 2
13 16.88778 19.96773 0 13.72365 0.504922 2
13 8.269447 19.96773 0 17.82699 0 2
13 8.2694 19.96778 0 17.8268 0 2
13 8.269353 19.96776 0 17.82679 0 2
13 8.2694 19.96776 0 17.82685 0 2
13 8.269423 19.96779 0 17.82689 0 2
13 8.2694 19.96765 0 17.82684 0 2
13 8.269423 19.96782 0 17.82671 0 2
13 8.2694 19.96779 0 17.82686 0 2
13 8.269447 19.96783 0 17.82694 0 2
13 8.269447 19.96778 0 17.82695 0 2
13 8.269447 19.96779 0 17.8269 0 2
13 8.269495 19.96778 0 17.82698 0 2
13 5.06028 3.179462 0.6273007 7.140481 0.3811983 2
13 5.060357 3.179462 0.6273007 7.140481 0.3811983 2
13 4.931653 3.173298 0.8370783 6.858497 0.4534535 2
13 4.931693 3.17336 0.8370783 6.858469 0.4534535 2
13 4.931653 3.173298 0.8370783 6.858469 0.4534535 2
13 4.678935 3.096424 0.7295987 6.518215 0.4422958 2
13 4.679018 3.096424 0.7295987 6.518245 0.4422958 2
13 4.690142 3.091678 0.7496318 6.518215 0.4422958 2
13 4.690309 3.091742 0.7496318 6.518305 0.4422958 2
13 9.097899 3.040601 0.7001721 17.8269 0 2
13 9.097813 3.040472 0.7001721 17.82683 0 2
13 9.097878 3.040601 0.7001721 17.82689 0 2
13 3.650232 2.99833 0.7200589 4.647935 0.6685147 2
13 3.650285 2.998395 0.7200589 4.64802 0.6685147 2
13 3.577029 3.032349 0.8270677 4.537212 0.6368074 2
13 3.577084 3.032542 0.8270677 4.537298 0.6368074 2
13 3.582499 3.024657 0.7746699 4.59964 0.7299713 2
13 3.582389 3.024527 0.7746699 4.599555 0.7299713 2
13 3.573086 3.008693 0.7757758 4.549973 0.687826 2
13 3.573086 3.008693 0.7757758 4.5498 0.687826 2
13 3.530362 3.097309 0.8400734 4.39592 0.7161767 2
13 3.530362 3.097246 0.8400734 4.39592 0.7161767 2
13 3.530362 3.097246 0.8400734 4.39592 0.7161767 2
13 3.565571 3.083944 0.8891482 4.463088 0.6584962 2
13 3.565571 3.084071 0.8891482 4.463044 0.6584962 2
13 3.689606 3.156473 0.7346035 4.591413 0.7672659 2
13 3.68966 3.156535 0.7346035 4.591456 0.7672659 2
13 3.605163 3.172249 0.9206332 4.434116 0.7578264 2
13 3.60538 3.172311 0.9206332 4.434205 0.7578264 2
13 3.605326 3.172311 0.9206332 4.434205 0.7578264 2
13 8.841624 3.197819 0.8231374 17.82677 0 2
13 8.84178 3.197819 0.8231374 17.82698 0 2
13 3.786101 3.228345 0.8137548 4.605769 0.57592 2
13 3.786049 3.228406 0.8137548 4.605769 0.57592 2
13 3.785945 3.228284 0.8137548 4.605811 0.57592 2
13 3.587578 3.131441 0.8497913 4.346272 1 2
13 3.587742 3.131504 0.8497913 4.346363 1 2
13 3.215219 2.748728 0.6619999 4.055116 0.6179703 2
13 3.215159 2.748585 0.6619999 4.055213 0.6179703 2
13 3.004461 2.544298 0.7451845 3.88892 0.6001104 2
13 3.004526 2.544221 0.7451845 3.88892 0.6001104 2
13 2.844481 2.365461 0.797056 3.843896 0.551429 2
13 2.844481 2.365626 0.797056 3.843998 0.551429 2
13 2.776151 2.239046 0.7154654 3.844049 0.551429 2
13 2.718366 2.238958 0.7154654 3.691251 0.6067679 2
13 2.718294 2.238958 0.7154654 3.691251 0.6067679 2
13 2.610071 2.111832 0.7891585 3.732818 0.5630203 2
13 2.610221 2.11211 0.7891585 3.732818 0.5630203 2
13 2.610296 2.112018 0.7891585 3.732818 0.5630203 2
13 2.47994 1.984555 0.8491145 3.528476 0.7295048 2
13 2.479861 1.984555 0.8491145 3.528532 0.7295048 2
13 2.517695 2.064975 1 3.477614 0.7648076 2
13 2.517695 2.064785 1 3.477614 0.7648076 2
13 2.517695 2.06488 1 3.477446 0.7648076 2
13 2.535667 2.096672 0.8567242 3.479134 0.7427565 2
13 2.53559 2.096672 0.8567242 3.47919 0.7427565 2
13 2.562389 2.127529 0.8082675 3.491157 1 2
13 2.562313 2.127437 0.8082675 3.491157 1 2
13 2.541065 2.104219 0.9739267 3.451449 1 2
13 2.540988 2.104498 0.9739267 3.451392 1 2
13 2.495675 2.090315 0.9600213 3.391306 1 2
13 2.495832 2.090315 0.9600213 3.391248 1 2
13 2.446887 2.081119 0.9017048 3.320835 0.9401667 2
13 2.446806 2.081119 0.9017048 3.320894 0.9401667 2
13 2.446887 2.081213 0.9017048 3.320953 0.9401667 2
13 2.482543 2.137716 0.8225198 3.337067 1 2
13 2.482464 2.137532 0.8225198 3.337067 1 2
13 2.401755 2.121818 0.9071671 3.309911 1 2
13 2.401592 2.121726 0.9071671 3.309911 1 2
13 2.304862 2.012173 1 3.225069 0.9817635 2
13 2.304862 2.012173 1 3.225251 0.9817635 2
13 2.304862 2.012075 1 3.225251 0.9817635 2
13 2.26036 2.040472 0.9423333 3.167988 0.8864003 2
13 2.260273 2.040472 0.9423333 3.167865 0.8864003 2
13 2.318662 2.082999 0.9375827 3.189851 1 2
13 2.318578 2.083187 0.9375827 3.189851 1 2
13 2.286788 1.995569 0.9842231 3.159015 0.973684 2
13 2.286788 1.995569 0.9842231 3.159015 0.973684 2
13 2.286874 1.995569 0.9842231 3.159015 0.973684 2
13 2.265377 2.008084 0.7810206 3.117971 0.9302849 2
13 2.265463 2.008181 0.7810206 3.117971 0.9302849 2
13 2.239395 1.905775 0.9022296 3.116464 1 2
13 2.239046 1.905365 0.9022296 3.116276 1 2
13 2.268312 1.992232 0.9824271 3.116715 1 2
13 2.268399 1.992036 0.9824271 3.116715 1 2
13 2.162022 1.977838 0.8809586 2.996762 0.9851347 2
13 2.161932 1.977739 0.8809586 2.996828 0.9851347 2
13 1.992429 1.89124 0.9720422 2.87249 1 2
13 1.99233 1.891034 0.9720422 2.87249 1 2
13 1.99233 1.891034 0.9720422 2.872353 1 2
13 1.812293 1.698696 1 2.679638 1 2
13 1.812401 1.698696 1 2.679711 1 2
13 1.799071 1.702494 0.918819 2.610296 1 2
13 1.798962 1.702494 0.918819 2.61037 1 2
13 1.92529 1.947524 0.9914539 2.703347 0.9933522 2
13 1.925493 1.947424 0.9914539 2.703347 0.9933522 2
13 1.954045 1.951439 0.9747584 2.725198 0.9598633 2
13 1.953945 1.951339 0.9747584 2.725126 0.9598633 2
13 1.954045 1.951439 0.9747584 2.72527 0.9598633 2
13 1.908649 1.904029 0.9225686 2.619129 0.9869272 2
13 1.908546 1.904029 0.9225686 2.619129 0.9869272 2
13 1.896201 1.873253 0.8296026 2.657265 0.9056566 2
13 1.896201 1.873253 0.8296026 2.657265 0.9056566 2
13 1.960145 1.957048 0.9836295 2.718294 0.9932196 2
13 1.960445 1.957048 0.9836295 2.71851 0.9932196 2
13 1.960245 1.957048 0.9836295 2.718438 0.9932196 2
13 2.017127 2.007986 0.9551374 2.754064 1 2
13 2.016933 2.007694 0.9551374 2.753993 1 2
13 1.935933 1.887719 0.9744559 2.666457 1 2
13 1.936237 1.887926 0.9744559 2.666457 1 2
13 1.918569 1.886578 1 2.603237 1 2
13 1.918569 1.886682 1 2.603162 1 2
13 1.907623 1.865821 0.9477371 2.626741 1 2
13 1.907725 1.866135 0.9477371 2.626741 1 2
13 1.864351 1.79406 0.9413359 2.626667 1 2
13 1.862041 1.794278 0.9413359 2.628975 0.9197491 2
13 1.86183 1.79406 0.9413359 2.629124 0.9197491 2
13 1.907212 1.890205 0.9295658 2.586718 1 2
13 1.907418 1.890516 0.9295658 2.586794 1 2
13 1.907418 1.890516 0.9295658 2.586869 1 2
13 1.941284 1.940881 1 2.629869 0.891068 2
13 1.941082 1.940881 1 2.629794 0.891068 2
13 1.942191 1.958347 0.9685026 2.585356 1 2
13 1.94209 1.958347 0.9685026 2.585432 1 2
13 1.913257 1.94491 1 2.526232 0.9757175 2
13 1.913053 1.944809 1 2.526232 0.9757175 2
13 1.885021 1.900428 0.8473507 2.526155 0.9757175 2
13 1.896304 1.900325 0.8473507 2.501237 0.9911692 2
13 1.896304 1.900222 0.8473507 2.501159 0.9911692 2
13 1.986723 2.044113 0.8597444 2.496773 1 2
13 1.986723 2.044113 0.8597444 2.496695 1 2
13 2.092 2.127897 0.94899 2.582629 1 2
13 2.091812 2.127713 0.94899 2.582553 1 2
13 2.126701 2.271675 0.9838357 2.559561 1 2
13 2.126701 2.271847 0.9838357 2.559561 1 2
13 2.126609 2.271761 0.9838357 2.559409 1 2
13 2.143384 2.338248 0.9778326 2.52933 0.8687003 2
13 2.143567 2.338415 0.9778326 2.529639 0.8687003 2
13 2.143476 2.338248 0.9778326 2.529407 0.8687003 2
13 2.061086 2.285676 1 2.463866 1 2
13 2.061181 2.285761 1 2.463786 1 2
13 1.976848 2.154132 0.9172235 2.385073 1 2
13 1.97665 2.154042 0.9172235 2.384908 1 2
13 1.968713 2.086754 1 2.372401 1 2
13 1.968812 2.087035 1 2.372401 1 2
13 2.049564 2.174389 0.9991118 2.498262 1 2
13 2.049564 2.174389 0.9991118 2.498497 1 2
13 2.167086 2.286617 1 2.59518 1 2
13 2.167086 2.286703 1 2.595255 1 2
13 2.166995 2.286617 1 2.59518 1 2
13 2.117386 2.19927 0.93572 2.587399 1 2
13 2.117386 2.19927 0.93572 2.587323 1 2
13 2.117386 2.19927 0.93572 2.587475 1 2
13 2.256634 2.265636 0.8367138 2.691955 0.9913456 2
13 2.256374 2.265377 0.8367138 2.691955 0.9913456 2
13 2.366288 2.411433 0.7449245 2.798413 0.9584689 2
13 2.366371 2.411433 0.7449245 2.798413 0.9584689 2
13 2.426887 2.525147 0.9292601 2.812577 1 2
13 2.426806 2.524992 0.9292601 2.812647 1 2
13 2.426887 2.52507 0.9292601 2.812577 1 2
13 2.397269 2.507178 0.8071244 2.779322 1 2
13 2.397351 2.507412 0.8071244 2.779392 1 2
13 2.323216 2.350603 0.8502495 2.776574 0.9762717 2
13 2.323132 2.350437 0.8502495 2.776433 0.9762717 2
13 2.399391 2.433491 0.8637475 2.81216 0.9874352 2
13 2.399309 2.433491 0.8637475 2.81216 0.9874352 2
13 2.382527 2.396207 0.8960328 2.871058 0.9452325 2
13 2.38261 2.396289 0.8960328 2.871126 0.9452325 2
13 2.382363 2.396289 0.8960328 2.871058 0.9452325 2
13 2.34677 2.331625 0.9364498 2.875214 1 2
13 2.346853 2.331793 0.9364498 2.875146 1 2
13 2.317058 2.338248 0.812005 2.783334 1 2
13 2.317058 2.338248 0.812005 2.783404 1 2
13 2.317058 2.338248 0.812005 2.783334 1 2
13 2.330366 2.280704 0.8054338 2.837384 0.9732097 2
13 2.330534 2.280618 0.8054338 2.837384 0.9732097 2
13 2.317987 2.276753 0.7636302 2.843655 1 2
13 2.317902 2.276667 0.7636302 2.843724 1 2
13 2.300102 2.224664 0.8198273 2.854442 1 2
13 2.300016 2.224752 0.8198273 2.854442 1 2
13 2.300016 2.224752 0.8198273 2.854442 1 2
13 2.300016 2.224752 0.8198273 2.854511 1 2
13 2.300187 2.224752 0.8198273 2.854579 1 2
13 2.300102 2.224752 0.8198273 2.854511 1 2
13 2.265809 2.173038 0.6935393 2.867579 0.9721884 2
13 2.265722 2.173128 0.6935393 2.867647 0.9721884 2
13 2.265809 2.173128 0.6935393 2.867784 0.9721884 2
13 2.336908 2.304777 0.7960344 2.889679 0.9332185 2
13 2.336657 2.304862 0.7960344 2.889679 0.9332185 2
13 2.279931 2.289868 0.8298934 2.803236 1 2
13 2.280017 2.289953 0.8298934 2.803236 1 2
13 2.193477 2.21982 0.828456 2.726491 1 2
13 2.193567 2.219732 0.828456 2.726634 1 2
13 2.104219 2.11757 0.8714759 2.682485 1 2
13 2.104033 2.117663 0.8714759 2.682485 1 2
13 2.104033 2.117478 0.8714759 2.682412 1 2
13 2.06194 2.064501 0.9153651 2.682996 1 2
13 2.06194 2.064596 0.9153651 2.683142 1 2
13 2.00506 1.982285 0.8247758 2.645823 1 2
13 2.005157 1.982384 0.8247758 2.645823 1 2
13 2.00506 1.982088 0.8247758 2.645971 1 2
13 2.054809 1.945513 0.8484346 2.715556 0.9671822 2
13 2.054904 1.945513 0.8484346 2.715412 0.9671822 2
13 2.026903 1.986625 0.882931 2.70588 0.9675665 2
13 2.026999 1.986822 0.882931 2.705952 0.9675665 2
13 2.041718 2.033362 0.8785998 2.734233 1 2
13 2.04191 2.033651 0.8785998 2.734305 1 2
13 1.994981 2.067154 0.9049086 2.664033 0.9760346 2
13 1.994785 2.067059 0.9049086 2.66396 0.9760346 2
13 1.994883 2.067059 0.9049086 2.663887 0.9760346 2
13 1.96553 2.137166 0.8378071 2.607745 0.9966361 2
13 1.965629 2.137441 0.8378071 2.60767 0.9966361 2
13 1.913257 1.9882 0.8612584 2.571844 1 2
13 1.913462 1.988102 0.8612584 2.57192 1 2
13 1.958547 2.063268 0.7783918 2.614866 0.9846172 2
13 1.958547 2.063458 0.7783918 2.614866 0.9846172 2
13 2.020326 2.146122 0.8881278 2.695951 1 2
13 2.02023 2.146122 0.8881278 2.695879 1 2
13 2.02023 2.146122 0.8881278 2.695806 1 2
13 2.047557 2.142837 0.8518111 2.724767 1 2
13 2.047653 2.142928 0.8518111 2.724623 1 2
13 2.022359 2.103196 0.8290784 2.714763 1 2
13 2.022359 2.103289 0.8290784 2.714907 1 2
13 1.970402 2.048226 0.956561 2.663372 1 2
13 1.970402 2.048131 0.956561 2.663519 1 2
13 1.970402 2.048131 0.956561 2.663519 1 2
13 1.996354 2.101055 0.8792486 2.692028 1 2
13 1.996452 2.100961 0.8792486 2.6921 1 2
13 2.02999 2.078484 1 2.777843 1 2
13 2.029894 2.078296 1 2.777843 1 2
13 2.004181 2.05928 0.8999721 2.709133 1 2
13 2.004376 2.059186 0.8999721 2.709205 1 2
13 2.035382 2.104498 1 2.760737 0.9830435 2
13 2.035382 2.104405 1 2.760666 0.9830435 2
13 2.035478 2.104498 1 2.760737 0.9830435 2
13 2.145483 2.20478 0.9333358 2.859786 0.924117 2
13 2.145119 2.204691 0.9333358 2.859581 0.924117 2
13 2.217967 2.261918 0.9549752 2.8643 1 2
13 2.217967 2.262005 0.9549752 2.864505 1 2
13 2.217173 2.29661 0.9963905 2.86266 1 2
13 2.217085 2.296525 0.9963905 2.86266 1 2
13 2.217085 2.296781 0.9963905 2.862591 1 2
13 2.213462 2.291235 0.9232453 2.874261 0.9887787 2
13 2.213551 2.291149 0.9232453 2.874193 0.9887787 2
13 2.190084 2.255853 1 2.900768 0.9467211 2
13 2.190173 2.256113 1 2.900768 0.9467211 2
13 2.18579 2.334897 0.921768 2.900836 0.9467211 2
13 2.189995 2.334897 0.921768 2.882897 1 2
13 2.190084 2.334981 0.921768 2.882829 1 2
13 2.24533 2.410541 0.8579814 2.864847 0.9943587 2
13 2.245069 2.410459 0.8579814 2.864847 0.9943587 2
13 2.23432 2.364468 0.9532169 2.911075 0.962863 2
13 2.23432 2.364302 0.9532169 2.911142 0.962863 2
13 2.28036 2.352851 0.9187167 2.956183 0.9489354 2
13 2.280446 2.353017 0.9187167 2.956249 0.9489354 2
13 2.331542 2.410378 1 2.965901 1 2
13 2.331458 2.410216 1 2.965703 1 2
13 2.331373 2.410216 1 2.965703 1 2
13 2.359247 2.462038 0.9397483 2.940381 1 2
13 2.35933 2.462038 0.9397483 2.940447 1 2
13 2.393429 2.518861 0.8834969 3.011619 1 2
13 2.39351 2.518861 0.8834969 3.011554 1 2
13 2.39351 2.518939 0.8834969 3.011489 1 2
13 2.42995 2.546605 1 3.042596 0.9253716 2
13 2.430111 2.546528 1 3.042596 0.9253716 2
13 2.462515 2.582856 0.9211273 3.023621 1 2
13 2.462595 2.583008 0.9211273 3.023685 1 2
13 2.56674 2.691955 0.8952787 3.118662 1 2
13 2.56674 2.692028 0.8952787 3.118662 1 2
13 2.655644 2.776151 0.9583677 3.200818 0.9552178 2
13 2.655644 2.776221 0.9583677 3.200879 0.9552178 2
13 2.655718 2.776221 0.9583677 3.200879 0.9552178 2
13 2.668585 2.833518 0.8187035 3.11483 0.993652 2
13 2.603012 2.796384 0.9093179 3.068543 0.993926 2
13 2.603087 2.796524 0.9093179 3.068607 0.993926 2
13 2.603012 2.796454 0.9093179 3.068607 0.993926 2
13 2.602937 2.796314 0.9093179 3.068543 0.993926 2
13 2.669758 2.882218 0.9256995 3.10583 1 2
13 2.669758 2.88215 0.9256995 3.105641 1 2
13 2.740741 2.921479 0.7193291 3.191078 1 2
13 2.740812 2.921412 0.7193291 3.1912 1 2
13 2.740597 2.921345 0.7193291 3.191078 1 2
13 2.777772 2.954395 0.7514182 3.217289 0.991398 2
13 2.777843 2.954461 0.7514182 3.21735 0.991398 2
13 2.663078 2.876576 0.743372 3.095349 1 2
13 2.663005 2.876508 0.743372 3.095159 1 2
13 2.575875 2.800371 0.9286406 3.060239 0.9939458 2
13 2.575799 2.800301 0.9286406 3.060111 0.9939458 2
13 2.598119 2.825077 0.916041 3.091235 0.9516618 2
13 2.598119 2.824939 0.916041 3.091425 0.9516618 2
13 2.598119 2.825077 0.916041 3.091362 0.9516618 2
13 2.54722 2.778547 0.7213366 3.019734 0.9777419 2
13 2.54745 2.778547 0.7213366 3.019863 0.9777419 2
13 2.506162 2.708627 0.759497 3.007196 0.9673367 2
13 2.506241 2.708772 0.759497 3.007261 0.9673367 2
13 2.512403 2.664548 0.8269761 3.011294 0.9802899 2
13 2.512403 2.664548 0.8269761 3.011294 0.9802899 2
13 2.546374 2.752286 0.8562688 3.030928 1 2
13 2.546605 2.752499 0.8562688 3.030993 1 2
13 2.625399 2.87392 0.9254183 3.12944 0.964643 2
13 2.625399 2.874057 0.9254183 3.12944 0.964643 2
13 2.625399 2.874057 0.9254183 3.129503 0.964643 2
13 2.625921 2.857732 0.814594 3.157465 1 2
13 2.625921 2.857732 0.814594 3.157465 1 2
13 2.591103 2.801978 0.7843501 3.161555 0.9964164 2
13 2.591028 2.801839 0.7843501 3.161555 0.9964164 2
13 2.613518 2.841796 0.8973944 3.161555 0.9964164 2
13 2.641603 2.859102 0.9198402 3.203813 0.9986947 2
13 2.641677 2.859102 0.9198402 3.203752 0.9986947 2
13 2.703492 2.88846 0.7883388 3.281575 1 2
13 2.703347 2.888392 0.7883388 3.281396 1 2
13 2.691446 2.903871 0.8802789 3.243229 0.9895244 2
13 2.691519 2.904006 0.8802789 3.243289 0.9895244 2
13 2.63225 2.799742 0.7669405 3.222822 1 2
13 2.632324 2.799602 0.7669405 3.222883 1 2
13 2.632398 2.799602 0.7669405 3.222883 1 2
13 2.637153 2.874601 0.7338574 3.212235 1 2
13 2.637153 2.874601 0.7338574 3.212296 1 2
13 2.630315 2.889883 0.8117869 3.231982 1 2
13 2.630315 2.889951 0.8117869 3.232103 1 2
13 2.586264 2.81376 0.9672397 3.22434 0.9407238 2
13 2.586188 2.81376 0.9672397 3.22434 0.9407238 2
13 2.579899 2.757331 0.8584002 3.219297 0.9890112 2
13 2.579747 2.757118 0.8584002 3.219297 0.9890112 2
13 2.579899 2.75726 0.8584002 3.219357 0.9890112 2
13 2.571616 2.749084 0.8558067 3.203446 1 2
13 2.571387 2.748799 0.8558067 3.203385 1 2
13 2.53883 2.637301 0.8471994 3.203385 1 2
13 2.38187 2.333471 0.9745162 3.227557 0.8890906 2
13 2.381952 2.333471 0.9745162 3.227799 0.8890906 2
13 2.379897 2.207885 0.8261068 3.266326 0.9994823 2
13 2.379897 2.207796 0.8261068 3.266087 0.9994823 2
13 2.393183 2.253683 0.9588954 3.271238 0.9788401 2
13 2.393101 2.253683 0.9588954 3.271058 0.9788401 2
13 2.403955 2.280618 0.8287132 3.244255 1 2
13 2.403955 2.280532 0.8287132 3.244195 1 2
13 2.424628 2.349187 0.9119483 3.244255 1 2
13 2.48782 2.349104 0.9119483 3.334132 1 2
13 2.487741 2.349187 0.9119483 3.334015 1 2
13 2.486797 2.371494 0.8252019 3.364761 0.9389929 2
13 2.486639 2.371494 0.8252019 3.364645 0.9389929 2
13 2.432606 2.336238 0.8942865 3.34041 1 2
13 2.432526 2.336154 0.8942865 3.34041 1 2
13 2.450004 2.361237 0.7919383 3.24703 1 2
13 2.450004 2.361237 0.7919383 3.246969 1 2
13 2.450164 2.361237 0.7919383 3.24709 1 2
13 2.53505 2.411515 0.8875939 3.415639 1 2
13 2.534972 2.411596 0.8875939 3.415582 1 2
13 2.602636 2.494498 0.8558944 3.522145 0.9960594 2
13 2.602636 2.494655 0.8558944 3.522145 0.9960594 2
13 2.602636 2.49442 0.8558944 3.5222 0.9960594 2
13 2.591859 2.530413 0.8958219 3.479809 0.9691587 2
13 2.591859 2.530258 0.8958219 3.479866 0.9691587 2
13 2.463707 2.331458 0.723161 3.377074 0.9504508 2
13 2.463628 2.331542 0.723161 3.377074 0.9504508 2
13 2.422043 2.29891 0.8931093 3.342167 0.8955511 2
13 2.422124 2.29891 0.8931093 3.34205 0.8955511 2
13 2.464263 2.314945 0.9197342 3.521366 1 2
13 2.464342 2.314945 0.9197342 3.521199 1 2
13 2.530877 2.365213 0.9329296 3.568864 1 2
13 2.530799 2.365296 0.9329296 3.568864 1 2
13 2.530877 2.365047 0.9329296 3.568974 1 2
13 2.455192 2.320856 0.8811308 3.455134 0.9991286 2
13 2.455351 2.320856 0.8811308 3.455191 0.9991286 2
13 2.48404 2.29499 0.832873 3.476601 1 2
13 2.484119 2.29499 0.832873 3.476657 1 2
13 2.484119 2.294905 0.832873 3.476601 1 2
13 2.58134 2.395145 0.7076655 3.49816 1 2
13 2.581264 2.395063 0.7076655 3.498327 1 2
13 2.616811 2.384006 0.7669359 3.579273 0.9275452 2
13 2.616811 2.384006 0.7669359 3.579273 0.9275452 2
13 2.631803 2.426484 0.8448832 3.596844 0.9422238 2
13 2.631803 2.426564 0.8448832 3.596735 0.9422238 2
13 2.61217 2.379733 0.7469317 3.606086 0.9159023 2
13 2.612245 2.37965 0.7469317 3.606249 0.9159023 2
13 2.612095 2.37965 0.7469317 3.606141 0.9159023 2
13 2.650849 2.394246 0.8841282 3.623312 0.8090895 2
13 2.650701 2.394001 0.8841282 3.623149 0.8090895 2
13 2.624355 2.464581 0.8333966 3.557544 0.9797755 2
13 2.62443 2.464501 0.8333966 3.557489 0.9797755 2
13 2.582174 2.207796 0.6437422 3.732503 0.4475058 2
13 2.582098 2.207796 0.6437422 3.732293 0.4475058 2
13 2.582098 2.207796 0.6437422 3.732346 0.4475058 2
13 7.615046 19.96784 0 5.770679 0.3706396 2
13 7.614968 19.96782 0 5.770713 0.3706396 2
13 4.493791 19.96778 0 15.48222 0.3257995 2
13 4.493747 19.96778 0 15.48215 0.3257995 2
13 19.75554 36.38374 0 7.573492 0.3257995 3
13 11.28441 11.71088 0.7075635 10.94588 0.4226158 3
13 11.28441 11.71083 0.7075635 10.94588 0.4226158 3
13 11.42403 11.77028 0.9040341 11.38901 0.538325 3
13 11.42403 11.7703 0.9040341 11.38901 0.538325 3
13 11.4018 11.7471 0.8586638 11.38898 0.538325 3
13 11.345 11.74717 0.8586638 11.2171 0.573191 3
13 11.345 11.74712 0.8586638 11.21709 0.573191 3
13 11.29686 11.7362 1 11.10546 0.5205556 3
13 11.29688 11.73628 1 11.1055 0.5205556 3
13 11.28518 11.74221 1 11.09975 0.5913457 3
13 11.28521 11.74226 1 11.09975 0.5913457 3
13 11.28519 11.74221 1 11.09979 0.5913457 3
13 12.69776 11.60863 1 15.0308 0 3
13 12.69776 11.60869 1 15.03077 0 3
13 11.5858 11.4041 1 11.84105 0.3977287 3
13 11.58578 11.40406 1 11.84102 0.3977287 3
13 12.56858 11.3093 0.8792133 15.03081 0 3
13 12.56859 11.30939 0.8792133 15.03078 0 3
13 12.56859 11.30927 0.8792133 15.03084 0 3
13 12.46257 11.07492 0.6862835 15.03076 0 3
13 12.46255 11.07485 0.6862835 15.03084 0 3
13 22.00087 36.38372 0 15.03073 0 3
13 22.00086 36.38372 0 15.03086 0 3
13 22.00087 36.38372 0 15.03073 0 3
13 22.00087 36.38375 0 15.03076 0 3
13 22.00089 36.38375 0 15.0308 0 3
13 6.692723 1.892275 0.9106371 15.03074 0 3
13 6.692752 1.892378 0.9106371 15.0308 0 3
13 1.301159 2.016642 0.9108872 1.448614 0.4172264 3
13 1.301159 2.016642 0.9108872 1.448479 0.4172264 3
13 6.610316 1.893722 0.9368207 15.03077 0 3
13 6.610345 1.893516 0.9368207 15.03081 0 3
13 6.610345 1.893826 0.9368207 15.0308 0 3
13 6.643194 1.814991 1 15.03072 0 3
13 6.643223 1.814991 1 15.03081 0 3
13 1.440893 1.783886 0.8467304 2.099936 0.394053 3
13 1.440757 1.783886 0.8467304 2.09975 0.394053 3
13 1.467404 1.8572 0.9238641 2.09975 0.394053 3
13 6.615149 1.857094 0.9238641 15.03082 0 3
13 6.61512 1.857305 0.9238641 15.03077 0 3
13 1.191733 1.828634 0.8421806 0.694925 0 3
13 1.191569 1.828634 0.8421806 0.6946434 0 3
13 1.092174 1.752007 0.935557 0.5828267 0.4579946 3
13 1.092353 1.752118 0.935557 0.5831623 0.4579946 3
13 1.107298 1.719422 0.9352219 0.798684 0.4690475 3
13 1.107122 1.719536 0.9352219 0.798929 0.4690475 3
13 1.107122 1.71965 0.9352219 0.798684 0.4690475 3
13 1.228442 1.740688 0.9192321 1.272724 0.5089145 3
13 1.228442 1.740688 0.9192321 1.272417 0.5089145 3
13 1.328985 1.884398 0.5631127 1.749883 0.3870747 3
13 1.328985 1.884398 0.5631127 1.749883 0.3870747 3
13 1.328985 1.884398 0.5631127 1.749659 0.3870747 3
13 6.616158 1.884398 0.5631127 15.03082 0 3
13 6.616069 1.884295 0.5631127 15.03076 0 3
13 3.34451 3.910012 0.9263036 2.779181 0.503745 3
13 3.344627 3.910062 0.9263036 2.779322 0.503745 3
13 3.082547 3.977492 1 2.178525 0.4617023 3
13 3.082674 3.977541 1 2.178615 0.4617023 3
13 3.08261 3.977394 1 2.178525 0.4617023 3
13 3.129878 3.957502 0.9745851 2.29354 0.4383257 3
13 3.130003 3.957601 0.9745851 2.293796 0.4383257 3
13 2.715772 3.933729 1 1.699042 0.4213297 3
13 2.715628 3.933679 1 1.699042 0.4213297 3
13 6.310313 3.828275 1 15.03082 0 3
13 6.310437 3.82848 1 15.03085 0 3
13 6.310375 3.828378 1 15.03082 0 3
13 6.313575 3.680627 1 15.03081 0 3
13 6.313543 3.68068 1 15.03077 0 3
13 6.275886 3.637819 1 15.03082 0 3
13 6.275824 3.637765 1 15.03076 0 3
13 6.275855 3.637712 1 15.03077 0 3
13 6.25169 3.613788 1 15.03074 0 3
13 6.25169 3.613788 1 15.03076 0 3
13 6.22929 3.649695 1 15.03077 0 3
13 6.229353 3.649856 1 15.03084 0 3
13 6.199761 3.581733 1 15.03076 0 3
13 6.199793 3.581788 1 15.03077 0 3
13 6.203681 3.640671 1 15.03074 0 3
13 6.203745 3.640724 1 15.03078 0 3
13 6.202038 3.635666 1 15.03081 0 3
13 6.202006 3.635612 1 15.03082 0 3
13 6.201975 3.635504 1 15.03078 0 3
13 6.180917 3.700046 1 15.03078 0 3
13 6.180823 3.699941 1 15.03073 0 3
13 3.794831 3.695016 1 4.321508 0.4503325 3
13 3.794676 3.69491 1 4.321326 0.4503325 3
13 3.794573 3.694857 1 4.321281 0.4503325 3
13 2.464025 3.772059 0.9855013 1.222053 0.3147042 3
13 2.464184 3.772214 0.9855013 1.222213 0.3147042 3
13 2.473301 3.787755 1 1.221893 0.3147042 3
13 2.473539 3.78791 1 1.222053 0.3147042 3
13 2.47338 3.787859 1 1.222213 0.3147042 3
13 3.554791 3.743922 1 3.497264 0.519594 3
13 3.554791 3.743818 1 3.497152 0.519594 3
13 3.4962 3.717575 0.9603896 3.33736 0.707952 3
13 3.4962 3.717522 0.9603896 3.33736 0.707952 3
13 3.274827 3.543316 1 3.078607 0.6901807 3
13 3.275006 3.543261 1 3.078734 0.6901807 3
13 3.161183 3.469328 1 2.902185 0.6569537 3
13 3.161121 3.469328 1 2.902117 0.6569537 3
13 3.161121 3.469385 1 2.90205 0.6569537 3
13 3.123554 3.405708 1 2.904342 0.6263785 3
13 3.123617 3.405708 1 2.904545 0.6263785 3
13 3.021419 3.215768 1 2.893944 0.6748772 3
13 3.021419 3.215768 1 2.893877 0.6748772 3
13 3.021419 3.215707 1 2.893877 0.6748772 3
13 3.010319 3.220817 1 2.881131 0.7384726 3
13 3.010319 3.220877 1 2.881131 0.7384726 3
13 3.026792 3.228648 0.9999307 2.897257 0.6522674 3
13 3.026792 3.228588 0.9999307 2.897459 0.6522674 3
13 3.055565 3.271178 1 2.914704 0.7575706 3
13 3.055693 3.271298 1 2.914838 0.7575706 3
13 3.013958 3.178415 1 2.914905 0.7575706 3
13 3.018567 3.178292 1 2.92884 0.8799632 3
13 3.018696 3.178476 1 2.929108 0.8799632 3
13 3.051719 3.245341 1 2.939981 0.8164253 3
13 3.051719 3.245341 1 2.939848 0.8164253 3
13 3.074916 3.288786 1 2.934783 0.5953351 3
13 3.074853 3.288727 1 2.93485 0.5953351 3
13 3.074789 3.288727 1 2.934916 0.5953351 3
13 3.132066 3.361676 1 2.972099 0.7107031 3
13 3.132066 3.361618 1 2.971967 0.7107031 3
13 3.133566 3.381014 1 2.94384 0.6994818 3
13 3.133629 3.381014 1 2.94384 0.6994818 3
13 3.133504 3.380956 1 2.943774 0.6994818 3
13 3.13725 3.43513 1 2.864847 0.7083752 3
13 3.137188 3.434959 1 2.864779 0.7083752 3
13 3.122112 3.412026 1 2.877052 0.6265405 3
13 3.122175 3.412026 1 2.87712 0.6265405 3
13 3.134191 3.451449 1 2.884391 0.5856756 3
13 3.134128 3.451506 1 2.884391 0.5856756 3
13 3.140431 3.458419 1 2.892929 0.6689243 3
13 3.140556 3.458533 1 2.892862 0.6689243 3
13 3.140493 3.458476 1 2.892929 0.6689243 3
13 3.168174 3.471472 1 2.945436 0.6297402 3
13 3.168235 3.471416 1 2.945436 0.6297402 3
13 3.186903 3.488688 1 2.952605 0.6183621 3
13 3.186965 3.4888 1 2.952605 0.6183621 3
13 3.222822 3.532358 1 2.992644 0.5968731 3
13 3.222761 3.532303 1 2.992513 0.5968731 3
13 3.222822 3.532358 1 2.992579 0.5968731 3
13 3.272614 3.593903 1 3.029442 0.7045152 3
13 3.272614 3.593794 1 3.029442 0.7045152 3
13 3.283066 3.572976 0.9587939 3.066629 0.6749808 3
13 3.282887 3.572867 0.9587939 3.066501 0.6749808 3
13 3.299603 3.563099 1 3.09402 0.6877363 3
13 3.299662 3.563154 1 3.094084 0.6877363 3
13 3.299484 3.562989 1 3.09402 0.6877363 3
13 3.330372 3.607009 1 3.120795 0.7369667 3
13 3.330313 3.606846 1 3.120482 0.7369667 3
13 3.325195 3.567327 1 3.14983 0.6504465 3
13 3.325313 3.567382 1 3.149954 0.6504465 3
13 3.310679 3.564747 1 3.127938 0.7449974 3
13 3.310561 3.564637 1 3.127876 0.7449974 3
13 3.32001 3.57785 1 3.117783 0.65626 3
13 3.320128 3.577905 1 3.117846 0.65626 3
13 3.320246 3.578069 1 3.117971 0.65626 3
13 3.32001 3.573031 1 3.121611 0.671181 3
13 3.319951 3.572976 1 3.121548 0.671181 3
13 3.280203 3.475925 1 3.130441 0.7153972 3
13 3.280143 3.475925 1 3.130441 0.7153972 3
13 3.292534 3.51903 1 3.105136 0.6951917 3
13 3.292475 3.519086 1 3.105073 0.6951917 3
13 3.310739 3.531638 1 3.144667 0.7711127 3
13 3.310857 3.531693 1 3.144729 0.7711127 3
13 3.310739 3.531638 1 3.144667 0.7711127 3
13 3.375683 3.599293 1 3.231436 0.7201168 3
13 3.375683 3.599238 1 3.231315 0.7201168 3
13 3.369297 3.595265 1 3.207905 0.6932271 3
13 3.369181 3.595211 1 3.207844 0.6932271 3
13 3.330666 3.517305 0.9915151 3.207844 0.6932271 3
13 3.311803 3.517361 0.9915151 3.180385 0.6326146 3
13 3.311743 3.517305 0.9915151 3.180385 0.6326146 3
13 3.271238 3.480203 0.9124299 3.131441 0.7080067 3
13 3.271477 3.480316 0.9124299 3.131567 0.7080067 3
13 3.223004 3.434047 1 3.094843 0.5880963 3
13 3.223004 3.43399 1 3.094843 0.5880963 3
13 3.198615 3.373013 0.9899511 3.121423 0.6952254 3
13 3.198615 3.372956 0.9899511 3.121485 0.6952254 3
13 3.198676 3.372897 0.9899511 3.121485 0.6952254 3
13 3.206562 3.440597 0.9981337 3.069373 0.692875 3
13 3.206684 3.440597 0.9981337 3.0695 0.692875 3
13 3.244375 3.492054 0.9369406 3.075299 0.6651348 3
13 3.244436 3.492054 0.9369406 3.075235 0.6651348 3
13 3.244375 3.491998 0.9369406 3.075299 0.6651348 3
13 3.192366 3.535406 1 2.879432 0.4304238 3
13 3.19255 3.535572 1 2.879636 0.4304238 3
13 3.004917 3.568589 1 2.476307 0.5228083 3
13 3.005047 3.568699 1 2.476228 0.5228083 3
13 2.965835 3.579491 1 2.367363 0.5373276 3
13 2.965835 3.579437 1 2.367281 0.5373276 3
13 3.079624 3.616496 1 2.551443 0 3
13 3.079624 3.616551 1 2.551519 0 3
13 3.079561 3.616388 1 2.551443 0 3
13 3.182723 3.626445 1 2.95287 0.4866548 3
13 3.182723 3.626445 1 2.953003 0.4866548 3
13 3.159511 3.590251 0.9947604 2.85355 0.5324646 3
13 3.159635 3.59036 0.9947604 2.853756 0.5324646 3
13 5.85615 3.595428 1 15.03084 0 3
13 5.856083 3.595428 1 15.03078 0 3
13 3.015647 3.567602 0.8895115 2.471718 0.6100724 3
13 3.015517 3.567492 0.8895115 2.471718 0.6100724 3
13 3.143546 3.582717 1 2.726491 0.4810156 3
13 3.143671 3.582772 1 2.726563 0.4810156 3
13 3.143609 3.582772 1 2.726634 0.4810156 3
13 3.038411 3.575387 0.9703184 2.511624 0.5254776 3
13 3.038476 3.575332 0.9703184 2.511857 0.5254776 3
13 3.181123 3.644004 1 2.761729 0.4993526 3
13 3.181185 3.644111 1 2.761871 0.4993526 3
13 3.19347 3.633457 0.8891293 2.817584 0.4540973 3
13 3.193592 3.633565 0.8891293 2.817653 0.4540973 3
13 3.193654 3.633511 0.8891293 2.817653 0.4540973 3
13 3.142674 3.632325 1 2.708483 0.4244407 3
13 3.14255 3.632217 1 2.708483 0.4244407 3
13 3.138311 3.568864 1 2.756621 0.5241316 3
13 3.138498 3.568974 1 2.756834 0.5241316 3
13 3.050756 3.592323 1 2.521036 0.4695176 3
13 3.050821 3.592432 1 2.521113 0.4695176 3
13 3.031703 3.509503 1 2.587702 0.4563813 3
13 3.031832 3.50967 1 2.587777 0.4563813 3
13 3.026274 3.495248 0.9696316 2.587929 0.4563813 3
13 2.963921 3.495136 0.9696316 2.448246 0.5446345 3
13 2.963722 3.49508 0.9696316 2.448246 0.5446345 3
13 2.984981 3.471021 1 2.524915 0.5400126 3
13 2.985178 3.471077 1 2.525302 0.5400126 3
13 5.967163 3.421996 1 15.03072 0 3
13 5.967294 3.422168 1 15.03085 0 3
13 5.942243 3.460117 0.9277237 15.03081 0 3
13 5.942144 3.460004 0.9277237 15.03077 0 3
13 5.942177 3.460117 0.9277237 15.03074 0 3
13 3.223247 3.42068 1 3.474854 0.5055693 3
13 3.223308 3.420737 1 3.474854 0.5055693 3
13 3.135252 3.35252 1 3.252933 0.4894413 3
13 3.13544 3.352637 1 3.253114 0.4894413 3
13 2.666237 3.30707 1 2.036728 0.5156366 3
13 2.666237 3.307129 1 2.036632 0.5156366 3
13 2.666163 3.30707 1 2.036632 0.5156366 3
13 2.889951 3.367321 0.9034379 2.425677 0.481814 3
13 2.889951 3.367262 0.9034379 2.425677 0.481814 3
13 2.861497 3.456437 1 2.263994 0.5303874 3
13 2.861565 3.456551 1 2.264167 0.5303874 3
13 2.830546 3.316942 1 2.360906 0.4838268 3
13 2.830407 3.316765 1 2.36074 0.4838268 3
13 2.787269 3.284557 0.8019227 2.319337 0.470573 3
13 2.787339 3.284557 0.8019227 2.319422 0.470573 3
13 2.728572 3.311034 0.9318817 2.152496 0.497754 3
13 2.728572 3.311034 0.9318817 2.152314 0.497754 3
13 2.7285 3.310975 0.9318817 2.152496 0.497754 3
13 2.708844 3.324783 1 2.091438 0.4591923 3
13 2.708772 3.324783 1 2.091344 0.4591923 3
13 2.687224 3.302627 1 2.299165 0.5175679 3
13 2.687006 3.302509 1 2.29925 0.5175679 3
13 6.007988 3.231921 0.9387587 15.03088 0 3
13 10.54035 19.45463 0.9387587 2.623833 0 4
13 10.54029 19.45459 0.9387587 2.623684 0 4
13 14.56815 31.81166 0 2.624206 0 4
13 14.5684 31.81182 0 2.623908 0 4
13 14.5683 31.81175 0 2.623759 0 4
13 14.56823 31.81175 0 2.623982 0 4
13 14.56806 31.81163 0 2.624057 0 4
13 5.129309 4.678726 0.6940029 5.852835 0.4989588 4
13 5.129385 4.678768 0.6940029 5.852936 0.4989588 4
13 4.931574 4.432924 0.4941417 5.627616 0.464173 4
13 4.931494 4.432924 0.4941417 5.627582 0.464173 4
13 4.716132 4.139383 0.6006938 5.422132 0.5415062 4
13 4.716132 4.13943 0.6006938 5.422168 0.5415062 4
13 4.716215 4.13943 0.6006938 5.422168 0.5415062 4
13 4.557285 3.994883 0.6540997 5.234951 0.5753782 4
13 4.557328 3.994981 0.6540997 5.235026 0.5753782 4
13 4.477853 3.825922 1 5.239478 0.7696434 4
13 4.477809 3.825973 1 5.239328 0.7696434 4
13 4.477941 3.826025 1 5.239553 0.7696434 4
13 4.465632 3.865992 1 5.192672 0.8065192 4
13 4.465545 3.865891 1 5.192483 0.8065192 4
13 4.529132 3.913516 1 5.266559 0.8535154 4
13 4.529132 3.913516 1 5.266521 0.8535154 4
13 4.590304 3.966053 1 5.333955 0.602486 4
13 4.590176 3.965955 1 5.333845 0.602486 4
13 4.590219 3.965955 1 5.333919 0.602486 4
13 4.590432 3.915567 1 5.38627 0.4898801 4
13 4.590603 3.915617 1 5.386561 0.4898801 4
13 4.568404 3.910062 0.9681971 5.351194 0.5924976 4
13 4.568318 3.909961 0.9681971 5.35112 0.5924976 4
13 5.126635 3.873734 0.9513621 6.83093 0.5327681 4
13 5.12675 3.873785 0.9513621 6.831017 0.5327681 4
13 5.108027 3.84252 0.9979109 6.830959 0.5327681 4
13 5.107989 3.842622 0.9979109 6.830902 0.5327681 4
13 5.108065 3.842571 0.9979109 6.831017 0.5327681 4
13 3.038153 3.798648 0.9508384 2.623908 0 4
13 3.038153 3.798648 0.9508384 2.624057 0 4
13 4.467825 3.768267 1 5.378296 0.5927541 4
13 4.467913 3.768267 1 5.378333 0.5927541 4
13 4.468 3.76832 1 5.378406 0.5927541 4
13 4.492309 3.76702 1 5.393323 0.7972375 4
13 4.492309 3.766916 1 5.393323 0.7972375 4
13 4.523333 3.79385 1 5.402544 0.52288 4
13 4.523463 3.79385 1 5.402617 0.52288 4
13 4.535009 3.810177 1 5.400149 0.5766068 4
13 4.535053 3.810228 1 5.400149 0.5766068 4
13 4.534966 3.810125 1 5.400041 0.5766068 4
13 4.596744 3.882621 1 5.484051 0.5334158 4
13 4.596871 3.882621 1 5.484158 0.5334158 4
13 4.645111 3.932633 1 5.509293 0.8006479 4
13 4.645069 3.932633 1 5.509186 0.8006479 4
13 4.571918 3.856153 1 5.543725 0.5407318 4
13 4.571918 3.856204 1 5.54369 0.5407318 4
13 4.394538 3.765877 1 5.252849 0.6378338 4
13 4.394628 3.765928 1 5.252924 0.6378338 4
13 4.394538 3.765928 1 5.252849 0.6378338 4
13 4.278785 3.686315 1 5.056057 0.6410118 4
13 4.278739 3.686262 1 5.056057 0.6410118 4
13 4.273197 3.750297 1 5.020866 0.5996242 4
13 4.273197 3.750245 1 5.020866 0.5996242 4
13 4.273197 3.750297 1 5.020866 0.5996242 4
13 4.185866 3.583646 1 5.020788 0.5840968 4
13 4.18582 3.583701 1 5.020632 0.5840968 4
13 4.134128 3.558095 1 4.956736 0.5838019 4
13 4.134175 3.55804 1 4.956854 0.5838019 4
13 4.036335 3.50023 1 4.819711 0.6082236 4
13 4.036432 3.50023 1 4.819792 0.6082236 4
13 3.991597 3.441792 1 4.809905 0.6116745 4
13 3.991646 3.441906 1 4.809986 0.6116745 4
13 3.991646 3.441849 1 4.809946 0.6116745 4
13 4.013858 3.461305 1 4.84246 0.6006479 4
13 4.013906 3.461305 1 4.84254 0.6006479 4
13 4.014687 3.48234 1 4.789784 0.9347243 4
13 4.014589 3.482116 1 4.789661 0.9347243 4
13 3.963337 3.374232 1 4.775119 0.6618903 4
13 3.963337 3.374174 1 4.77516 0.6618903 4
13 3.963435 3.374174 1 4.775201 0.6618903 4
13 3.920165 3.338534 1 4.747595 0.6604037 4
13 3.920265 3.338592 1 4.74776 0.6604037 4
13 4.046318 3.441564 1 4.880901 0.5538198 4
13 4.046414 3.441678 1 4.880901 0.5538198 4
13 4.046318 3.441621 1 4.880901 0.5538198 4
13 4.031529 3.493735 1 4.813325 0.5562046 4
13 4.031529 3.493791 1 4.813325 0.5562046 4
13 4.008487 3.473333 1 4.827427 0.5271288 4
13 4.008536 3.473277 1 4.827549 0.5271288 4
13 4.024431 3.479303 1 4.859502 0.542374 4
13 4.024382 3.479247 1 4.859461 0.542374 4
13 4.018295 3.486161 1 4.822352 0.6205812 4
13 4.018247 3.486161 1 4.822392 0.6205812 4
13 3.996305 3.513963 1 4.749493 0.5550797 4
13 3.996255 3.513963 1 4.749575 0.5550797 4
13 3.996255 3.514019 1 4.749493 0.5550797 4
13 3.947941 3.43051 1 4.724473 0.5110512 4
13 3.947891 3.430453 1 4.72439 0.5110512 4
13 3.944517 3.397189 1 4.724515 0.5110512 4
13 3.979215 3.488407 1 4.689849 0.5720229 4
13 3.979215 3.488351 1 4.689933 0.5720229 4
13 3.969656 3.451392 1 4.755634 0.5125702 4
13 3.969508 3.451392 1 4.755511 0.5125702 4
13 3.955374 3.451392 1 4.699696 0.5811817 4
13 3.971037 3.462097 1 4.721362 0.6588062 4
13 3.970988 3.462097 1 4.72128 0.6588062 4
13 3.943374 3.412543 1 4.711269 0.5899858 4
13 3.943374 3.412543 1 4.711269 0.5899858 4
13 3.940891 3.427256 1 4.718374 0.5364236 4
13 3.94099 3.427313 1 4.718457 0.5364236 4
13 3.90495 3.409615 1 4.676674 0.7678542 4
13 3.905 3.409615 1 4.676757 0.7678542 4
13 3.905 3.40973 1 4.676715 0.7678542 4
13 3.912765 3.417244 0.9598683 4.663713 0.7967772 4
13 3.912665 3.417244 0.9598683 4.663629 0.7967772 4
13 3.912515 3.417129 0.9598683 4.663503 0.7967772 4
13 3.961261 3.432222 1 4.818125 0.457813 4
13 3.961212 3.432336 1 4.818084 0.457813 4
13 4.07679 3.575551 1 4.951714 0.469141 4
13 4.076694 3.575551 1 4.951595 0.469141 4
13 4.0703 3.608474 1 4.888281 0.5861988 4
13 4.0703 3.608366 1 4.888281 0.5861988 4
13 4.0703 3.60842 1 4.888281 0.5861988 4
13 4.006875 3.492222 1 4.809131 0.7808908 4
13 4.006973 3.492334 1 4.809253 0.7808908 4
13 4.042783 3.512459 0.9050364 4.806645 0.8849729 4
13 4.042831 3.512514 0.9050364 4.806727 0.8849729 4
13 4.140849 3.634103 1 5.089274 0.5397946 4
13 4.140897 3.63405 1 5.089197 0.5397946 4
13 4.140944 3.634157 1 5.089235 0.5397946 4
13 4.140944 3.634103 1 5.089313 0.5397946 4
13 4.140944 3.63405 1 5.089235 0.5397946 4
13 4.140849 3.63405 1 5.089197 0.5397946 4
13 4.140802 3.633996 1 5.089159 0.5397946 4
13 3.984723 3.551981 1 4.862 0.4572254 4
13 3.984772 3.551871 1 4.862041 0.4572254 4
13 3.900685 3.538561 1 4.736234 0.5331005 4
13 3.900585 3.538506 1 4.736151 0.5331005 4
13 3.900585 3.538506 1 4.736234 0.5331005 4
13 3.956116 3.574784 1 4.831564 0.4676878 4
13 3.956166 3.574893 1 4.831605 0.4676878 4
13 3.903044 3.477558 1 4.771508 0.458542 4
13 3.902994 3.477502 1 4.771467 0.458542 4
13 3.921364 3.474911 1 4.783399 0.5039865 4
13 3.921314 3.474967 1 4.783317 0.5039865 4
13 3.921364 3.474854 1 4.783358 0.5039865 4
13 3.93751 3.460683 1 4.77963 0.5659675 4
13 3.93756 3.460627 1 4.779712 0.5659675 4
13 4.045107 3.628388 1 4.89973 0.5127493 4
13 4.045107 3.628442 1 4.89973 0.5127493 4
13 3.866043 3.724048 1 4.40331 0.5186093 4
13 3.866043 3.724048 1 4.40331 0.5186093 4
13 3.865992 3.724048 1 4.403265 0.5186093 4
13 2.740312 3.689553 1 2.623982 0 4
13 2.740312 3.689606 1 2.623982 0 4
13 4.133939 3.756662 1 4.888923 0.5004368 4
13 4.133892 3.756766 1 4.889002 0.5004368 4
13 4.167861 3.795399 1 4.984169 0.4960491 4
13 4.167861 3.795502 1 4.984091 0.4960491 4
13 4.167908 3.795399 1 4.98413 0.4960491 4
13 4.129246 3.799369 1 4.892167 0.5257682 4
13 4.129293 3.799421 1 4.892167 0.5257682 4
13 4.200345 3.859402 1 4.927401 0.4549514 4
13 4.200299 3.8593 1 4.927321 0.4549514 4
13 4.155815 3.818237 1 4.884713 0.4919406 4
13 4.155956 3.818237 1 4.884713 0.4919406 4
13 4.185352 3.844049 1 4.942248 0.5249363 4
13 4.185352 3.844049 1 4.942288 0.5249363 4
13 4.166639 3.866245 1 4.876524 0.5819227 4
13 4.166593 3.866245 1 4.876364 0.5819227 4
13 4.140282 3.819775 1 4.876324 0.5819227 4
13 4.096581 3.819826 1 4.788311 0.5177324 4
13 4.096438 3.81957 1 4.788311 0.5177324 4
13 4.08744 3.775535 1 4.78217 0.6189675 4
13 4.087489 3.775639 1 4.78217 0.6189675 4
13 4.109707 3.829861 1 4.774176 0.4922432 4
13 4.109802 3.830014 1 4.774217 0.4922432 4
13 4.109802 3.829963 1 4.774258 0.4922432 4
13 4.042298 3.791114 1 4.714013 0.6238576 4
13 4.042298 3.791114 1 4.714096 0.6238576 4
13 4.0308 3.740573 1 4.755057 0.5194311 4
13 4.0308 3.740626 1 4.754975 0.5194311 4
13 4.055744 3.818903 0.9857014 4.682785 0.5105746 4
13 4.055744 3.81875 0.9857014 4.682868 0.5105746 4
13 4.05584 3.818852 0.9857014 4.682952 0.5105746 4
13 4.050091 3.751446 1 4.728452 0.7258604 4
13 4.050091 3.751341 1 4.728411 0.7258604 4
13 3.991892 3.803387 0.8969327 4.635106 0.4572258 4
13 3.991941 3.803542 0.8969327 4.635021 0.4572258 4
13 4.050623 3.807349 0.9942363 4.707901 0.7846491 4
13 4.050623 3.807195 0.9942363 4.708025 0.7846491 4
13 4.077175 3.777661 1 4.760122 0.7932324 4
13 4.077127 3.777765 1 4.76004 0.7932324 4
13 4.077079 3.777713 1 4.76004 0.7932324 4
13 4.034103 3.68419 1 4.770235 0.5668376 4
13 4.034006 3.684136 1 4.770153 0.5668376 4
13 4.052653 3.776883 0.9828677 4.758517 0.5575882 4
13 4.052653 3.776935 0.9828677 4.75864 0.5575882 4
13 4.078567 3.761871 1 4.793177 0.5169036 4
13 4.078471 3.761766 1 4.793136 0.5169036 4
13 4.078567 3.761766 1 4.793177 0.5169036 4
13 3.982363 3.649588 1 4.752337 0.4640459 4
13 3.982462 3.649588 1 4.75242 0.4640459 4
13 3.909961 3.546189 1 4.672483 0.6391602 4
13 3.909861 3.546244 1 4.672441 0.6391602 4
13 3.928747 3.563373 1 4.737847 0.5199992 4
13 3.928797 3.563428 1 4.737805 0.5199992 4
13 3.928897 3.563593 1 4.737888 0.5199992 4
13 3.928997 3.554791 1 4.753038 0.5086119 4
13 3.929097 3.554846 1 4.753079 0.5086119 4
13 3.928249 3.569687 1 4.729156 0.6007237 4
13 3.928349 3.569687 1 4.729198 0.6007237 4
13 3.893047 3.544642 1 4.664427 0.5880589 4
13 3.893047 3.544642 1 4.664469 0.5880589 4
13 3.893047 3.544753 1 4.664427 0.5880589 4
13 3.984575 3.596572 0.9955663 4.742104 0.4560701 4
13 3.984575 3.596681 0.9955663 4.742104 0.4560701 4
13 4.13408 3.7457 1 4.89961 0.5226186 4
13 4.133939 3.745595 1 4.89957 0.5226186 4
13 4.13408 3.745648 1 4.89969 0.5226186 4
13 4.11623 3.735702 1 4.885715 0.4884834 4
13 4.116135 3.73565 1 4.885676 0.4884834 4
13 4.150722 3.786411 1 4.902967 0.5532164 4
13 4.150864 3.786308 1 4.903008 0.5532164 4
13 3.482678 3.738793 1 3.33648 0.4513908 4
13 3.482678 3.738741 1 3.336363 0.4513908 4
13 4.153269 3.777039 1 4.928991 0 4
13 4.153175 3.777039 1 4.928911 0 4
13 4.153222 3.777039 1 4.928872 0 4
13 4.17814 3.847511 1 4.908199 0.4921118 4
13 4.17814 3.84746 1 4.908159 0.4921118 4
13 4.141228 3.76624 1 4.902049 0.5729094 4
13 4.141181 3.766136 1 4.901968 0.5729094 4
13 4.141228 3.766292 1 4.902009 0.5729094 4
13 4.143355 3.79772 0.9421195 4.89609 0.5926944 4
13 4.143355 3.79772 0.9421195 4.89605 0.5926944 4
13 3.68185 3.848936 1 3.657733 0.5260396 4
13 3.681797 3.848885 1 3.657733 0.5260396 4
13 3.68185 3.848936 1 3.657733 0.5260396 4
13 4.133276 3.851021 1 4.82223 0.6904538 4
13 4.133133 3.850868 1 4.822189 0.6904538 4
13 4.172182 3.895461 1 4.826818 0.5392538 4
13 4.172182 3.895461 1 4.826859 0.5392538 4
13 4.145434 3.860163 1 4.816946 0.5283086 4
13 4.145434 3.860112 1 4.816986 0.5283086 4
13 4.145529 3.860214 1 4.817027 0.5283086 4
13 4.216354 3.919116 1 4.914023 0.5265031 4
13 4.216308 3.919166 1 4.913983 0.5265031 4
13 4.226746 4.028224 1 4.89589 0.4594935 4
13 4.226654 4.028176 1 4.89589 0.4594935 4
13 4.226793 4.028176 1 4.89597 0.4594935 4
13 4.262 4.068953 1 4.850503 0.5020919 4
13 4.262046 4.068809 1 4.850584 0.5020919 4
13 4.312116 4.148174 1 4.875199 0.5453346 4
13 4.312207 4.148221 1 4.875118 0.5453346 4
13 4.325539 4.107753 1 4.943715 0.6027158 4
13 4.325539 4.107753 1 4.943596 0.6027158 4
13 4.414505 4.212776 1 5.033571 0.5187413 4
13 4.414505 4.212823 1 5.033571 0.5187413 4
13 4.414594 4.212823 1 5.03361 0.5187413 4
13 4.471068 4.294548 1 5.075936 0.5468847 4
13 4.471112 4.294502 1 5.075936 0.5468847 4
13 4.45694 4.295551 1 5.030496 0.5177641 4
13 4.456896 4.295551 1 5.030417 0.5177641 4
13 4.399261 4.202443 1 4.979175 0.5280955 4
13 4.399261 4.202489 1 4.979175 0.5280955 4
13 4.399305 4.202489 1 4.979332 0.5280955 4
13 4.44845 4.400729 0.9920557 4.92402 0.4327629 4
13 4.448406 4.400685 0.9920557 4.92402 0.4327629 4
13 4.465238 4.40291 1 4.962385 0.4875107 4
13 4.465238 4.402821 1 4.962424 0.4875107 4
13 4.465281 4.402865 1 4.962424 0.4875107 4
13 4.446424 4.403844 1 4.918367 0.5530326 4
13 4.446424 4.403844 1 4.918407 0.5530326 4
13 4.421953 4.331874 1 4.929945 0.5736294 4
13 4.421864 4.331874 1 4.929825 0.5736294 4
13 4.376272 4.295597 1 4.904765 0.5937864 4
13 4.376495 4.295643 1 4.904845 0.5937864 4
13 4.388384 4.302476 1 4.89921 0.5046394 4
13 4.388428 4.302522 1 4.89925 0.5046394 4
13 4.422086 4.362556 1 4.89909 0.5046394 4
13 4.45461 4.3626 1 4.958158 0.5483319 4
13 4.454522 4.3626 1 4.958119 0.5483319 4
13 4.364396 4.340095 1 4.747017 0.5334737 4
13 4.36444 4.340004 1 4.746976 0.5334737 4
13 4.431643 4.399083 1 4.828685 0.5303722 4
13 4.43151 4.398993 1 4.828604 0.5303722 4
13 4.431598 4.399083 1 4.828685 0.5303722 4
13 4.518394 4.455137 1 4.928434 0.5861217 4
13 4.518307 4.455093 1 4.928434 0.5861217 4
13 4.536435 4.423459 1 5.006525 0.4805428 4
