7 7.628691
7 7.712943
7 7.712968
7 7.771325
7 7.859451
7 7.991045
7 7.991095
7 8.108521
7 8.260514
7 8.346474
7 8.451848
7 8.494957
7 8.495095
7 8.49498
7 69.6529
7 5.705884
7 5.705851
7 5.660397
7 5.670568
7 5.530984
7 5.53102
7 5.306368
7 5.252887
7 5.184062
7 5.14449
7 5.144452
7 5.091006
7 5.031586
7 5.070065
7 4.935822
7 4.935743
7 4.764565
7 4.650716
7 4.486593
7 4.289711
7 4.289711
7 4.275305
7 4.16189
7 4.16189
7 4.076454
7 4.076454
7 3.956512
7 3.864675
7 3.864726
7 3.721312
7 3.721312
7 3.721365
7 3.663938
7 3.663938
7 3.625257
7 3.625418
7 3.625257
7 3.581296
7 3.581132
7 3.581132
7 3.514911
7 3.514799
7 3.514799
7 3.441451
7 3.441678
7 3.441678
7 3.249139
7 3.249199
7 3.249139
7 3.140119
7 3.140119
7 3.140119
7 3.083626
7 3.083753
7 3.046711
7 3.046711
7 3.046582
7 3.650768
7 3.650768
7 3.650714
7 4.924816
7 4.924776
7 4.924696
7 1.069543
7 1.069177
7 0.9924868
7 0.9924868
7 0.992881
7 0.9915005
7 0.991303
7 1.002101
7 1.001515
7 1.001711
7 0.9909081
7 0.9907107
7 0.9907107
7 0.9873473
7 0.9875455
7 0.9875455
7 0.9620516
7 0.9624583
7 0.9620516
7 0.9655032
7 0.9657058
7 0.9052542
7 0.9056864
7 0.9052542
7 0.9177057
7 0.9183452
7 0.9310421
7 0.9155711
7 0.9155711
7 0.9172792
7 0.9177057
7 0.917919
7 0.8884541
7 0.8888945
7 0.8888945
7 0.9362817
7 0.9362817
7 0.9358636
7 3.460909
7 3.46074
7 3.460853
7 3.467578
7 3.467635
7 3.467578
7 3.469554
7 3.469611
7 3.507383
7 3.507327
7 3.507438
7 3.515635
7 3.515635
7 3.499782
7 3.499894
7 3.499782
7 3.49704
7 3.49704
7 3.497096
7 3.539944
7 3.539999
7 3.539889
7 3.563923
7 3.563813
7 3.563923
7 3.54199
7 3.542045
7 3.542045
7 3.550658
7 3.550658
7 3.582335
7 3.582335
7 3.58228
7 3.577795
7 3.57785
7 3.577741
7 3.60956
7 3.609668
7 3.60956
7 3.609614
7 3.609722
7 3.609668
7 3.609668
7 3.609668
7 3.770553
7 3.770605
7 3.770605
7 37.53875
7 37.53878
7 37.5388
7 3.753794
7 3.75395
7 3.75395
7 1.807969
7 1.807861
7 1.799941
7 1.799941
7 1.799724
7 1.817362
7 1.817469
7 1.817254
7 1.755131
7 1.755243
7 1.75502
7 1.692464
7 1.692348
7 1.696391
7 1.696621
7 1.696391
7 1.698927
7 1.698811
7 1.699042
7 1.679813
7 1.679813
7 1.679929
7 1.746076
7 1.745852
7 1.746076
7 1.749547
7 1.749547
7 1.738325
7 1.738325
7 1.738325
7 1.704676
7 1.704562
7 1.704676
7 1.667301
7 1.666948
7 1.673393
7 1.673627
7 1.673744
7 1.717144
7 1.717258
7 1.71703
7 1.742823
7 1.742935
7 1.742935
7 1.746973
7 1.747197
7 1.747085
7 1.713608
7 1.713608
7 1.730088
7 1.729975
7 1.730088
7 1.757471
7 1.757471
7 1.757583
7 1.726691
7 1.726691
7 1.722265
7 1.734832
7 1.734719
7 1.734719
7 1.687252
7 1.687136
7 1.687252
7 1.675964
7 1.676081
7 1.63614
7 1.635901
7 1.635781
7 1.623412
7 1.623533
7 1.636499
7 1.636858
7 1.636738
7 1.655285
7 1.655167
7 1.655285
7 1.672925
7 1.673042
7 1.672925
7 1.738438
7 1.738438
7 1.738551
7 1.71532
7 1.71532
7 1.715434
7 1.746188
7 1.746413
7 1.718853
7 1.718739
7 1.718739
7 1.695237
7 1.695467
7 1.71703
7 1.717144
7 1.717144
7 1.691538
7 1.69177
7 1.691538
7 1.701229
7 1.701229
7 1.683653
7 1.683885
7 1.684002
7 1.683769
7 1.656467
7 1.656349
7 1.656231
7 3.669865
7 3.669918
7 3.673758
7 3.673811
7 3.673758
7 3.678019
7 3.677913
7 3.677966
7 3.663083
7 3.663029
7 3.663083
7 3.71552
7 3.715573
7 3.715573
7 3.694539
7 3.694645
7 3.66741
7 3.66741
7 3.66741
7 3.676528
7 3.676582
7 3.676528
7 3.672745
7 3.672692
7 3.672692
7 3.68185
7 3.681797
7 3.676049
7 3.676209
7 3.676156
7 3.640509
7 3.640402
7 3.640402
7 3.705599
7 3.705758
7 3.705705
7 3.719944
7 3.720049
7 3.684402
7 3.684402
7 3.684402
7 3.68966
7 3.689553
7 3.68966
7 3.714993
7 3.714993
7 3.697082
7 3.697188
7 3.697241
7 3.686527
7 3.686527
7 3.686421
7 3.697558
7 3.697558
7 1.244112
7 1.244112
7 1.244269
7 3.73308
7 3.733027
7 3.73308
7 3.754107
7 3.754107
7 1.159272
7 1.159272
7 1.159272
7 3.707026
7 3.707078
7 3.723522
7 3.723574
7 3.723469
7 3.695122
7 3.695069
7 3.695122
7 3.686368
7 3.686315
7 3.682595
7 3.682541
7 3.682488
7 23.71875
7 23.71878
7 23.70212
7 23.70215
7 23.70215
7 23.71733
7 23.71735
7 23.71734
7 23.73921
7 23.73919
7 23.73921
7 23.72183
7 23.72184
7 23.70288
7 23.70287
7 23.70289
7 23.72407
7 23.72406
7 23.72406
7 23.74151
7 23.74152
7 23.74152
7 49.05237
7 49.05243
7 49.05236
7 49.05241
7 49.05238
7 49.05231
7 49.05235
7 49.05237
7 51.58037
7 51.58036
7 51.5804
7 49.05237
7 49.0523
7 51.48903
7 51.48904
7 51.48907
7 51.48908
7 51.48908
7 51.46057
7 51.46058
7 51.46056
7 4.373944
7 4.373854
7 4.373944
7 4.331512
7 4.331557
7 4.259701
7 4.259794
7 4.259794
7 4.339327
7 4.339418
7 4.450299
7 4.450254
7 4.450211
7 4.516963
7 4.516833
7 4.483274
7 4.483361
7 4.483317
7 4.330065
7 4.330065
7 4.330065
7 4.248191
7 4.248376
7 51.44917
7 51.44909
7 51.44915
7 51.4954
7 51.49538
7 51.52122
7 6.020049
7 6.020049
7 6.087372
7 6.087339
7 6.087307
7 51.55012
7 51.55011
7 51.54415
7 51.54412
7 51.54416
7 9.385462
7 9.385399
7 9.385504
7 9.172048
7 9.172069
7 9.172005
7 9.397307
7 9.397349
7 9.397391
7 14.13552
7 14.13554
7 6.104416
7 6.104384
7 6.104352
7 6.159853
7 6.159821
7 6.159853
7 6.239574
7 6.239542
7 6.239605
7 5.937095
7 5.937128
7 5.937128
7 5.898406
7 5.898306
7 5.795421
7 5.720499
7 5.720567
7 5.82985
7 5.829816
7 5.829816
7 5.811295
7 5.811227
7 6.122406
7 6.122374
7 6.122438
7 5.610107
7 5.610072
7 5.610107
7 5.859663
7 5.859663
7 5.669046
7 5.669081
7 5.669116
7 5.83657
7 5.836469
7 5.836537
7 5.848815
7 5.848748
7 5.848782
7 5.756532
7 5.756532
7 5.756464
7 5.588336
7 5.588371
7 5.588336
7 5.596081
7 5.596221
7 5.596116
7 5.565846
7 5.565846
7 5.405844
7 5.405807
7 5.40588
7 5.447516
7 5.447516
7 5.447552
7 5.738082
7 5.738117
7 5.620159
7 5.620124
7 5.620194
7 5.535518
7 5.535624
7 5.410446
7 5.410446
7 5.410554
7 5.394268
7 5.394268
7 5.394268
7 5.452514
7 5.452586
7 5.45255
7 5.480369
7 5.480476
7 5.480405
7 5.444422
7 5.444385
7 5.444458
7 51.45211
7 51.45207
7 51.45208
7 51.44358
7 51.44358
7 51.44599
7 51.44601
7 51.446
7 51.44602
7 51.44596
7 51.44175
7 51.44178
7 51.44177
7 51.42767
7 51.42767
7 8.531658
7 8.531682
7 8.531636
7 8.530209
7 8.530093
7 8.551708
7 8.551708
7 8.551732
7 8.617849
7 8.617849
7 8.597062
7 8.597016
7 8.597039
7 8.564674
7 8.564583
7 8.590092
7 8.590022
7 8.590022
7 8.635404
7 8.635404
7 8.635427
7 8.633493
7 8.633607
7 8.658278
7 8.658187
7 8.658278
7 51.4688
7 51.46882
7 51.46881
7 2.810837
7 2.810767
7 2.761871
7 2.761871
7 2.761871
7 2.807492
7 2.807562
7 2.807562
7 2.839797
7 2.839591
7 2.767959
7 2.767959
7 2.767959
7 2.68409
7 2.684236
7 2.684236
7 2.668952
7 2.668878
7 2.683726
7 2.683798
7 2.683798
7 2.714258
7 2.714258
7 2.662416
7 2.662564
7 2.662416
7 2.707109
7 2.707182
7 2.69675
7 2.696895
7 2.696895
7 2.69537
7 2.69537
7 2.69537
7 2.635148
7 2.635148
7 2.635371
7 2.628082
7 2.628082
7 2.649667
7 2.649667
7 2.649667
7 2.627412
7 2.627412
7 2.552976
7 2.5529
7 2.5529
7 2.588912
7 2.588836
7 2.588761
7 2.57709
7 2.577318
7 2.577242
7 2.659695
7 2.659548
7 2.659474
7 2.720453
7 2.720453
7 2.7087
7 2.708772
7 2.708772
7 2.653801
7 2.653801
7 2.652251
7 2.65203
7 2.652251
7 2.730078
7 2.73015
7 2.73015
7 2.710072
7 2.710289
7 2.710217
7 2.768172
7 2.768313
7 2.772199
7 2.772341
7 2.772199
7 2.831928
7 2.831859
7 2.831928
7 2.872762
7 2.87283
7 2.828955
7 2.828955
7 2.828886
7 2.941446
7 2.941379
7 2.92737
7 2.927436
7 2.92737
7 2.925296
7 2.925296
7 2.922283
7 2.922216
7 2.922283
7 2.966429
7 2.966429
7 2.964449
7 2.964449
7 2.964449
7 2.963987
7 2.963921
7 2.959029
7 2.959095
7 2.959029
7 2.954262
7 2.954328
7 2.954395
7 2.961873
7 2.96174
7 2.96174
7 2.941313
7 2.941179
7 2.892726
7 2.892726
7 2.892658
7 2.868739
7 2.868739
7 2.868671
7 2.876508
7 2.876576
7 2.841038
7 2.8409
7 2.841038
7 2.79183
7 2.7919
7 2.81807
7 2.818001
7 2.81807
7 2.8409
7 2.840969
7 2.920943
7 2.92101
7 2.920876
7 2.947761
7 2.947761
7 2.99055
7 2.99055
7 2.990485
7 2.990157
7 2.990092
7 2.990157
7 3.010059
7 3.010059
7 3.060047
7 3.060047
7 3.060111
7 3.064202
7 3.064202
7 3.060878
7 3.015582
7 3.015712
7 2.973877
7 2.973811
7 2.973877
7 2.90872
7 2.90872
7 2.918462
7 2.918395
7 2.918328
7 2.921144
7 2.921211
7 2.921144
7 2.910537
7 2.910604
7 2.910604
7 2.887646
7 2.887579
7 2.887579
7 2.953665
7 2.953599
7 2.953599
7 2.999178
7 2.999178
7 3.017658
7 3.017788
7 3.017788
7 3.008107
7 3.008042
7 3.039248
7 3.039184
7 3.039313
7 3.003027
7 3.002831
7 3.002897
7 2.997089
7 2.997089
7 2.997089
7 3.055117
7 3.054988
7 3.054988
7 3.050628
7 3.050499
7 3.131441
7 3.131567
7 3.131441
7 3.15486
7 3.154798
7 3.163969
7 3.164031
7 3.163969
7 3.187026
7 3.186903
7 3.088004
7 3.088004
7 3.08794
7 3.025821
7 3.025886
7 3.021807
7 3.021807
7 3.021872
7 3.026015
7 3.026015
7 2.987931
7 2.987996
7 2.987931
7 3.033769
7 3.033897
7 3.066948
7 3.06682
7 3.06682
7 3.078988
7 3.079052
7 3.089778
7 3.089905
7 3.089905
7 3.089968
7 3.113699
7 3.113636
7 3.113573
7 3.187395
7 3.187333
7 3.161741
7 3.161741
7 3.161803
7 3.168853
7 3.168853
7 3.168853
7 3.182969
7 3.182846
7 3.168977
7 3.1691
7 3.168977
7 3.139371
7 3.139371
7 3.139246
7 3.206378
7 3.206317
7 3.206501
7 3.254377
7 3.254377
7 3.254437
7 3.278531
7 3.278412
7 3.267705
7 3.267525
7 3.267585
7 3.279188
7 3.279068
7 3.279188
7 3.303279
7 3.30322
7 3.248476
7 3.248416
7 3.248416
7 3.248476
7 3.248597
7 3.248416
7 3.248416
7 3.212783
7 3.212844
7 3.212783
7 3.222153
7 3.222214
7 3.222153
7 3.219297
7 3.219236
7 3.178661
7 3.178661
7 3.178599
7 3.139309
7 3.139371
7 3.139371
7 3.128439
7 3.128376
7 3.051847
7 3.051719
7 21.99116
7 22.00901
7 22.00904
7 22.03378
7 22.03947
7 22.03955
7 22.0111
7 22.01111
7 22.01114
7 21.92591
7 21.92588
7 21.92593
7 21.83984
7 21.8398
7 21.84487
7 21.85532
7 21.85535
7 21.85533
7 21.9179
7 21.91787
7 21.91793
7 21.89065
7 21.89067
7 55.42966
7 55.42963
7 55.42968
7 52.53365
7 52.53368
7 52.53371
7 9.45197
7 9.45197
7 9.451886
7 9.397349
7 9.397454
7 9.397496
7 3.910563
7 3.910512
7 3.910563
7 3.827559
7 3.827611
7 3.178107
7 3.178045
7 3.178107
7 9.177573
7 9.177488
7 9.177509
7 9.181641
7 9.181577
7 9.181684
7 9.186733
7 9.186733
7 9.253021
7 9.253107
7 9.253085
7 9.181705
7 9.181747
7 9.181791
7 0.6100564
7 0.6097356
7 0.687565
7 0.687565
7 0.6878495
7 0.6943616
7 0.6940797
7 0.741777
7 0.8420942
7 0.8416294
7 0.7548515
7 0.7545922
7 0.7551107
7 0.8437192
7 0.8437192
7 0.8437192
7 0.8996165
7 0.899399
7 0.8996165
7 0.9421154
7 0.9421154
7 0.9713628
7 0.9717657
7 0.9717657
7 0.9542912
7 0.953881
7 0.9540861
7 0.9733753
7 0.9737772
7 1.037409
7 1.037409
7 1.037409
7 1.097892
7 1.09807
7 1.118201
7 1.118551
7 1.118376
7 1.112939
7 1.112763
7 1.164829
7 1.164829
7 1.164661
7 1.263311
7 1.263001
7 1.2874
7 1.2874
7 1.287248
7 1.351616
7 1.35176
7 1.345812
7 1.345812
7 1.345666
7 1.346539
7 1.346684
7 1.346975
7 1.395216
7 1.395216
7 1.394935
7 1.471001
7 1.471001
7 1.471134
7 1.464468
7 1.464468
7 1.453469
7 1.4532
7 1.4532
7 1.401513
7 1.401792
7 1.401792
7 1.470602
7 1.470335
7 1.470469
7 1.400815
7 1.400815
7 1.400675
7 1.419962
7 1.420238
7 1.532124
7 1.532251
7 1.532251
7 1.519941
7 1.519941
7 1.493707
7 1.493838
7 1.493838
7 1.466471
7 1.466871
7 1.466604
7 1.471666
7 1.471799
7 1.471799
7 1.464735
7 1.465002
7 1.491085
7 1.563104
7 1.563229
7 1.555448
7 1.555196
7 1.555196
7 1.530718
7 1.530463
7 1.530718
7 1.513102
7 1.513102
7 1.47419
7 1.474323
7 1.47419
7 1.433541
7 1.433404
7 1.433541
7 1.458576
7 1.45871
7 1.45871
7 1.399976
7 1.399976
7 1.400116
7 1.410143
7 1.410282
7 1.388044
7 1.387903
7 1.388044
7 1.365014
7 1.36487
7 1.364727
7 1.414024
7 1.414162
7 1.436404
7 1.436404
7 1.436541
7 1.479226
7 1.479226
7 1.47949
7 1.479887
7 1.480152
7 1.480152
7 1.47419
7 1.474057
7 1.473925
7 1.441708
7 1.441708
7 1.419824
7 1.419962
7 1.419824
7 1.410143
7 1.410421
7 1.410282
7 1.370165
7 1.369879
7 1.370022
7 1.376435
7 1.376293
7 1.282527
7 1.282374
7 1.282374
7 1.335595
7 1.368164
7 1.368307
7 1.36845
7 1.265477
7 1.265477
7 1.308358
7 1.308358
7 1.308208
7 1.340129
7 1.339837
7 1.396057
7 1.396057
7 1.396057
7 1.451987
7 1.451987
7 1.452392
7 1.537606
7 1.537861
7 1.537606
7 1.537606
7 1.537606
7 1.537734
7 1.525852
7 1.525724
7 1.525724
7 1.525724
7 1.525724
7 1.458576
7 1.45871
7 1.458845
7 1.452122
7 1.451987
7 1.451987
7 1.50792
7 1.50805
7 1.50792
7 1.541674
7 1.541674
7 1.541547
7 1.552678
7 1.552426
7 1.571719
7 1.571594
7 1.571719
7 1.512455
7 1.512326
7 1.541674
7 1.5418
7 1.5418
7 1.480152
7 1.480019
7 1.480019
7 1.502329
7 1.502329
7 1.502199
7 1.416236
7 1.416374
7 1.416236
7 1.443065
7 1.4432
7 1.400675
7 1.400675
7 1.400675
7 1.348427
7 1.348572
7 1.348282
7 1.300858
7 1.300707
7 1.308358
7 1.308208
7 1.308358
7 1.308208
7 1.308059
7 1.308358
7 1.358259
7 1.358115
7 1.358259
7 1.352339
7 1.352339
7 1.352484
7 1.315666
7 1.315517
7 1.337059
7 1.336913
7 1.337059
7 1.350022
7 1.350167
7 1.350022
7 1.324117
7 1.323821
7 1.314476
7 1.314327
7 1.314327
7 1.346829
7 1.346975
7 1.346829
7 1.359411
7 1.359555
7 1.359411
7 1.413747
7 1.414024
7 1.422028
7 1.422028
7 1.422028
7 1.435042
7 1.435042
7 1.435042
7 1.406252
7 1.406113
7 1.435996
7 1.436132
7 1.435996
7 1.41513
7 1.415269
7 1.44035
7 1.440486
7 1.44035
7 1.423128
7 1.423128
7 1.4125
7 1.4125
7 1.412777
7 1.338229
7 1.338083
7 1.388326
7 1.388326
7 1.388326
7 1.301459
7 1.30161
7 1.30176
7 1.248822
7 1.248822
7 1.248822
7 1.200893
7 1.200893
7 1.198773
7 1.199262
7 1.198936
7 1.277482
7 1.277328
7 1.277328
7 1.233846
7 1.234004
7 1.204473
7 1.174365
7 1.174699
7 1.174199
7 1.201056
7 1.201056
7 1.195995
7 1.175032
7 1.175198
7 1.156229
7 1.156399
7 1.156399
7 1.082455
7 1.082636
7 1.046611
7 1.046237
7 1.04605
7 1.000538
7 1.000733
7 1.000733
7 0.9594038
7 0.9589957
7 0.9803861
7 0.9799869
7 0.9803861
7 1.0151
7 1.014714
7 1.030786
7 1.030976
7 1.030406
7 1.157752
7 1.15792
7 1.293012
7 1.293163
7 1.292861
7 1.235589
7 1.235589
7 1.235747
7 1.302662
7 1.302361
7 1.302512
7 1.270878
7 1.270878
7 1.206745
7 1.206907
7 1.207069
7 1.297092
7 1.297243
7 1.257877
7 1.293012
7 1.293163
7 1.348282
7 1.348136
7 1.348136
7 1.391705
7 1.391564
7 1.388467
7 1.388467
7 1.388326
7 1.382959
7 1.382818
7 1.383101
7 1.504152
7 1.504282
7 1.488326
7 1.488326
7 1.488195
7 1.437086
7 1.437358
7 1.437358
7 1.571594
7 1.571594
7 1.588069
7 1.587699
7 1.587823
7 1.623894
7 1.623653
7 1.623894
7 1.725784
7 1.725557
7 1.702953
7 1.702839
7 1.703068
7 1.778503
7 1.778723
7 1.807969
7 1.807969
7 1.807861
7 1.836856
7 1.83675
7 1.838773
7 1.839837
7 1.839731
7 1.852768
7 1.852768
7 1.852663
7 1.845042
7 1.845254
7 1.84536
7 1.8165
7 1.816392
7 1.769678
7 1.769567
7 1.769567
7 1.681094
7 1.681094
7 1.647583
7 1.64782
7 1.647939
7 1.590286
7 1.590286
7 1.663776
7 1.663658
7 1.663658
7 1.648533
7 1.648414
7 1.648176
7 1.617131
7 1.617253
7 1.607786
7 1.607665
7 1.60803
7 1.554315
7 1.554315
7 1.554441
7 1.571843
7 1.571968
7 1.571843
7 1.567854
7 1.567854
7 1.55972
7 1.562227
7 1.561977
7 1.601078
7 1.601078
7 1.601322
7 1.613133
7 1.61289
7 1.613012
7 1.565231
7 1.565106
7 1.581524
7 1.581648
7 1.581277
7 1.582761
7 1.582761
7 1.583009
7 1.579296
7 1.579419
7 1.579543
7 1.572217
7 1.571968
7 1.598632
7 1.598632
7 1.598509
7 1.62534
7 1.62546
7 1.663776
7 1.663658
7 1.663893
7 1.689107
7 1.688991
7 1.818546
7 1.818761
7 1.818546
7 1.785531
7 1.785422
7 1.864037
7 1.863932
7 1.863827
7 1.787832
7 1.787832
7 1.781691
7 1.781911
7 1.781801
7 1.790675
7 1.790457
7 1.790894
7 1.833977
7 1.833977
7 1.889584
7 1.889377
7 1.889688
7 1.943098
7 1.943098
7 1.943198
7 1.980804
7 1.980804
7 1.981002
7 2.054333
7 2.054237
7 2.100309
7 2.100123
7 2.100123
7 2.169974
7 2.169884
7 2.169974
7 2.216114
7 2.21629
7 2.163018
7 2.163108
7 2.163018
7 2.162746
7 2.162565
7 2.162656
7 1.845678
7 1.845678
7 1.942997
7 1.942997
7 1.942997
7 50.56455
7 50.56451
7 50.56456
7 50.56455
7 50.56456
7 9.66536
7 9.665401
7 9.66538
7 2.171236
7 2.171236
7 2.117108
7 2.117016
7 2.117016
7 2.068857
7 2.068763
7 2.112388
7 2.112203
7 2.112388
7 2.12532
7 2.125228
7 2.007791
7 2.007694
7 2.007889
7 1.900325
7 1.900119
7 1.900325
7 1.893102
7 1.893102
7 1.83675
7 1.836643
7 1.836536
7 1.734155
7 1.734381
7 1.734381
7 1.560347
7 1.560347
7 1.560347
7 1.512455
7 1.512714
7 1.512714
7 1.451313
7 1.451313
7 1.374016
7 1.374016
7 1.374158
7 1.386916
7 1.387198
7 1.387057
7 1.393531
7 1.393391
7 1.37814
7 20.76864
7 20.76866
7 20.77876
7 20.77865
7 20.77866
7 20.79061
7 20.79056
7 20.77196
7 20.73194
7 20.73193
7 20.73856
7 20.73858
7 20.7385
7 20.73133
7 20.73133
7 20.70164
7 20.70169
7 20.70173
7 20.70057
7 20.7005
7 20.3931
7 20.39311
7 20.39307
7 57.15343
7 57.15346
7 14.69627
7 14.69626
7 14.6963
7 13.5167
7 13.51673
7 13.42451
7 13.42447
7 13.4245
7 13.45296
7 13.45292
7 13.45293
7 1.770673
7 1.770562
7 1.770562
7 1.723287
7 1.72306
7 1.723174
7 1.72306
7 1.723174
7 1.72306
7 1.72306
7 1.691076
7 1.705709
7 1.705595
7 1.705595
7 1.530079
7 1.530079
7 1.529951
7 1.485826
7 1.485826
7 1.485562
7 1.385645
7 1.385645
7 1.38889
7 1.372306
7 1.37202
7 1.274415
7 1.274415
7 1.274722
7 1.287096
7 1.287096
7 1.319231
7 1.319379
7 1.319528
7 1.338229
7 1.338083
7 1.338376
7 1.288767
7 1.288767
7 1.288464
7 1.216597
7 1.216436
7 1.216436
7 1.14995
7 1.150291
7 1.147565
7 1.114345
7 1.114345
7 1.116625
7 1.11645
7 1.116099
7 1.104644
7 1.104467
7 1.10429
7 0.7820969
7 0.7818466
7 0.7820969
7 0.7338206
7 0.7335538
7 0.7335538
7 0.7488656
7 0.7488656
7 0.7096917
7 0.7102429
7 0.7102429
7 0.7187329
7 0.7195491
7 0.719005
7 0.7016503
7 0.7010924
7 0.6827098
7 0.6528208
7 0.652521
7 0.6236961
7 0.6240098
7 0.6236961
7 0.6167554
7 0.6170725
7 0.6167554
7 0.5609285
7 0.5609285
7 0.5605795
7 0.5051297
7 0.5055169
7 0.5059038
7 0.4949555
7 0.4945601
7 0.4545648
7 0.4545648
7 0.4541341
7 0.4579955
7 0.4575681
7 0.4796977
7 0.4805128
7 0.4809199
7 0.5406791
7 0.5410409
7 0.5406791
7 0.635814
7 0.635814
7 0.6351982
7 0.6434618
7 0.6437659
7 0.6440698
7 0.6749268
7 0.6755064
7 0.7005339
7 0.7002546
7 0.7002546
7 0.6889865
7 0.6889865
7 0.6889865
7 0.719005
7 0.719005
7 0.719005
7 0.7509531
7 0.7506924
7 0.7512136
7 0.7569224
7 0.7566639
7 0.774302
7 0.7745547
7 0.7745547
7 0.7760689
7 0.7760689
7 0.7765731
7 0.7981939
7 0.7981939
7 0.798439
7 0.8161334
7 0.8163731
7 0.8311011
7 0.8311011
7 0.8313365
7 0.9002688
7 0.9000514
7 0.8996165
7 0.9245038
7 0.9247154
7 0.9306217
7 0.9270402
7 0.9268292
7 0.9312522
7 0.9314623
7 0.9314623
7 0.9174925
7 0.9170658
7 0.9172792
7 0.9138597
7 0.9138597
7 0.8767033
7 0.8762568
7 0.8767033
7 0.8348597
7 0.8346253
7 0.8348597
7 0.8334522
7 0.8332174
7 0.8334522
7 0.7957386
7 0.7954926
7 0.7957386
7 0.7977034
7 0.7972127
7 0.800886
7 0.800886
7 0.8013745
7 0.828271
7 0.8289794
7 0.8287433
7 0.8355626
7 0.8355626
7 0.8353283
7 0.8287433
7 0.8289794
7 0.828271
7 0.8213912
7 0.8213912
7 0.8211529
7 0.8209146
7 0.8206762
7 0.825194
7 0.8247196
7 0.8247196
7 0.828271
7 0.8287433
7 0.8287433
7 0.8353283
7 0.835094
7 0.8478836
7 0.8476528
7 0.847191
7 0.8602557
7 0.8600281
7 0.8602557
7 0.9170658
7 0.9168525
7 0.9170658
7 0.9624583
7 0.9626616
7 1.052763
7 1.052391
7 1.052763
7 1.148929
7 1.148759
7 1.149269
7 1.177693
7 1.177693
7 1.255697
7 1.256165
7 1.256009
7 1.254138
7 1.25445
7 1.254294
7 1.239384
7 1.2397
7 1.239384
7 1.201708
7 1.201708
7 1.201871
7 1.142781
7 1.142952
7 1.143466
7 1.199915
7 1.199915
7 1.22892
7 1.229397
7 1.22876
7 1.257877
7 1.257877
7 1.258188
7 1.355519
7 1.35523
7 1.355663
7 1.393953
7 1.393953
7 1.393672
7 1.407782
7 1.407643
7 1.444556
7 1.444826
7 1.444691
7 1.458979
7 1.458845
7 1.455622
7 1.455622
7 1.455622
7 1.456025
7 1.455891
7 1.456159
7 1.450639
7 1.450639
7 1.450774
7 1.472331
7 1.472331
7 1.472331
7 1.476445
7 1.476578
7 1.476578
7 1.469404
7 1.469137
7 1.49554
7 1.495671
7 1.495409
7 1.494362
7 1.494362
7 1.494231
7 1.533911
7 1.534039
7 1.533656
7 1.495148
7 1.495148
7 1.483585
7 1.483321
7 1.483321
7 1.483453
7 1.434496
7 1.434769
7 1.367449
7 1.367592
7 1.367735
7 1.338229
7 1.338668
7 1.338376
7 26.08541
7 26.08543
7 26.15554
7 26.15556
7 26.15553
7 26.16109
7 26.16109
7 26.16108
7 26.19993
7 26.19992
7 26.19994
7 26.20414
7 26.20416
7 26.20416
7 26.17053
7 26.1705
7 33.83364
7 33.83366
7 33.83364
7 31.78252
7 31.78255
7 31.78255
7 17.72986
7 17.72995
7 17.73002
7 17.6435
7 17.64345
7 17.64347
7 4.374168
7 4.374123
7 4.238591
7 4.238637
7 4.23873
7 4.184837
7 4.18479
7 4.18479
7 4.099974
7 4.100118
7 4.009758
7 4.009904
7 4.009904
7 3.918016
7 3.918016
7 3.918016
7 3.41879
7 3.418733
7 3.418733
7 3.213697
7 3.213636
7 3.213636
7 3.311448
7 3.311507
7 3.231315
7 3.231376
7 3.231436
7 3.249561
7 3.249501
7 3.181185
7 3.181123
7 3.181247
7 3.102235
7 3.102172
7 3.102235
7 3.078861
7 3.078861
7 3.078925
7 3.074726
7 3.074726
7 3.074662
7 2.960749
7 2.960881
7 2.960749
7 2.904477
7 2.904342
7 2.822928
7 2.82279
7 2.822651
7 2.798413
7 2.798413
7 2.720453
7 2.720597
7 2.720525
7 2.697475
7 2.697621
7 2.68088
7 2.653579
7 2.653653
7 2.653579
7 37.16625
7 37.16625
7 37.16624
7 37.1681
7 37.16807
7 37.16812
7 37.16811
7 37.16814
7 37.16782
7 37.16784
7 37.16782
7 3.107783
7 3.107783
7 3.107909
7 3.080704
7 3.080641
7 3.080578
7 3.066757
7 3.066693
7 3.066757
7 2.956448
7 2.956514
7 2.956448
7 2.93178
7 2.931913
7 2.966363
7 2.966363
7 2.966363
7 2.996044
7 2.996109
7 2.988979
7 2.98911
7 2.98911
7 2.91094
7 2.910873
7 2.911142
7 2.933982
7 2.933982
7 2.933916
7 2.916382
7 2.916516
7 2.916382
7 2.88052
7 2.880588
7 2.880656
7 2.832551
7 2.832343
7 2.832343
7 2.769939
7 2.769939
7 2.769939
7 2.672836
7 2.672763
7 2.61202
7 2.612095
7 2.612095
7 2.566892
7 2.566969
7 2.566969
7 2.623609
7 2.623759
7 2.59367
7 2.593821
7 2.59367
7 2.609921
7 2.609846
7 2.609996
7 2.577698
7 2.577774
7 2.583311
7 2.583311
7 2.583311
7 2.583235
7 2.568188
7 2.568265
7 2.568188
7 2.533041
7 2.532964
7 2.531263
7 2.531109
7 2.531186
7 2.45575
7 2.455829
7 2.455829
7 2.487033
7 2.487033
7 2.48719
7 2.469024
7 2.469024
7 2.404036
7 2.404199
7 2.40428
7 2.355594
7 2.355594
7 2.355677
7 2.354597
7 2.354513
7 2.336573
7 2.336405
7 2.336405
7 2.336657
7 2.33674
7 2.356009
7 2.356092
7 2.356009
7 2.331206
7 2.331206
7 2.331373
7 2.33875
7 2.338833
7 2.323637
7 2.323469
7 2.323637
7 2.355179
7 2.355179
7 2.355179
7 2.306729
7 2.306475
7 2.306475
7 2.247422
7 2.247334
7 2.256721
7 2.255419
7 2.255072
7 2.170244
7 2.170425
7 2.170244
7 2.18579
7 2.18579
7 2.18579
7 2.083563
7 2.083375
7 2.057474
7 2.033554
7 2.033169
7 2.033266
7 1.94873
7 1.94883
7 1.949031
7 1.911518
7 1.91162
7 1.911927
7 1.911824
7 1.911927
7 1.857305
7 1.857305
7 1.927829
7 1.927829
7 1.927829
7 1.937954
7 1.938257
7 1.938055
7 1.911824
7 1.911722
7 1.911722
7 1.921016
7 1.920913
7 1.921117
7 1.87701
7 1.876906
7 1.760475
7 1.760698
7 1.760698
7 1.7072
7 1.706971
7 1.7072
7 1.636618
7 1.636858
7 1.618704
7 1.618946
7 1.618704
7 1.622568
7 1.622568
7 1.641514
7 1.641514
7 1.641394
7 1.649007
7 1.649363
7 1.681327
7 1.680977
7 1.680977
7 1.628587
7 1.628828
7 1.607421
7 1.606934
7 1.607543
7 1.579915
7 1.579915
7 1.579667
7 1.631828
7 1.631589
7 1.627866
7 1.628107
7 1.627866
7 1.627866
7 1.627986
7 1.627866
7 1.599121
7 1.599488
7 1.604741
7 1.604862
7 1.604862
7 1.588808
7 1.588562
7 1.588685
7 1.623171
7 1.623171
7 1.5557
7 1.555448
7 1.5557
7 1.581277
7 1.581153
7 1.581524
7 1.575201
7 1.575201
7 1.575325
7 1.563104
7 1.562853
7 1.562853
7 1.519297
7 1.519426
7 1.558339
7 1.558339
7 1.558214
7 1.58239
7 1.582514
7 1.582267
7 1.535059
7 1.535186
7 1.535186
7 1.496979
7 1.496979
7 1.496848
7 1.4941
7 1.493707
7 1.496979
7 1.49724
7 1.497633
7 1.517235
7 1.517106
7 1.517106
7 1.492134
7 1.492134
7 1.482265
7 1.466204
7 1.466204
7 1.4642
7 1.464067
7 1.463933
7 1.431765
7 1.431765
7 1.431628
7 1.377998
7 1.377998
7 1.37814
7 1.387621
7 1.387621
7 1.385504
7 1.385363
7 1.38508
7 1.379843
7 1.379559
7 1.379701
7 1.389171
7 1.389312
7 1.406392
7 1.406392
7 1.406113
7 1.401792
7 1.402211
7 1.436813
7 1.436813
7 1.436677
7 1.464334
7 1.4642
7 1.4642
7 1.464468
7 1.464334
7 1.417893
7 1.417893
7 1.417755
7 1.38126
7 1.381544
7 1.381402
7 1.362718
7 1.362718
7 1.326922
7 1.326774
7 1.326774
7 1.297092
7 1.297092
7 1.320862
7 1.320417
7 1.320565
7 1.310898
7 1.310898
7 1.315071
7 1.314773
7 1.315071
7 1.304013
7 1.304163
7 1.304013
7 1.294827
7 1.294978
7 1.312986
7 1.312986
7 1.313135
7 1.377146
7 1.377004
7 1.377004
7 1.326037
7 1.325889
7 1.325889
7 1.239384
7 1.239384
7 1.223173
7 1.223014
7 1.223173
7 1.191076
7 1.19124
7 1.191405
7 1.16969
7 1.16969
7 1.131596
7 1.131769
7 1.131596
7 1.089663
7 1.089483
7 1.089663
7 1.089303
7 1.089483
7 1.089663
7 0.9837734
7 0.9837734
7 0.9841712
7 1.00132
7 1.001124
7 1.00132
7 0.9503872
7 0.9505931
7 0.9940628
7 0.9940628
7 0.9942597
7 0.9346082
7 0.9348176
7 0.9346082
7 0.8762568
7 0.8764802
7 0.8767033
7 0.881156
7 0.8813781
7 0.881156
7 0.8967844
7 0.8967844
7 0.8967844
7 0.9356545
7 0.9358636
7 0.953881
7 0.9540861
7 0.9542912
7 0.9975998
7 0.9972074
7 0.9975998
7 0.9863558
7 0.9867525
7 0.9869508
7 1.063489
7 1.063121
7 1.063121
7 1.071737
7 1.071919
7 1.072102
7 1.072467
7 1.103049
7 1.103049
7 1.103049
7 1.103049
7 1.092174
7 1.092532
7 1.0772
7 1.076837
7 1.0772
7 1.074654
7 1.074472
7 1.074836
7 1.061094
7 1.061094
7 1.060725
7 1.009494
7 1.009494
7 1.0093
7 1.106591
7 1.106238
7 1.106591
7 1.049784
7 1.049971
7 0.9867525
7 0.9869508
7 0.9869508
7 1.046985
7 1.046985
7 1.047171
7 1.113994
7 1.113818
7 1.113818
7 1.066612
7 1.066612
7 1.011431
7 1.011624
7 1.011624
7 1.006388
7 1.006777
7 1.006582
7 0.9861575
7 0.9865541
7 0.9861575
7 0.9891293
7 0.9885356
7 1.017218
7 1.017603
7 1.017603
7 1.023929
7 1.02412
7 1.023929
7 1.060725
7 1.060725
7 1.060725
7 1.130558
7 1.130385
7 1.145347
7 1.145176
7 1.145176
7 1.145347
7 1.145347
7 1.145176
7 1.151821
7 1.151651
7 1.058509
7 1.058509
7 1.058509
7 1.079197
7 1.079559
7 1.079197
7 1.020483
7 1.020291
7 1.020291
7 1.016256
7 1.016063
7 1.016256
7 1.037975
7 1.037598
7 1.037598
7 1.046611
7 1.046985
7 1.044365
7 1.044365
7 1.044177
7 1.349007
7 1.349442
7 1.349152
7 1.607786
7 1.607908
7 1.607786
7 1.749547
7 1.749547
7 1.749547
7 1.811429
7 1.811753
7 1.854247
7 1.854141
7 1.854247
7 1.93472
7 1.93472
7 1.934821
7 1.958147
7 1.958048
7 1.958447
7 1.958347
7 1.958447
7 1.961343
7 1.961243
7 1.961243
7 1.938762
7 1.938863
7 1.938863
7 1.513361
7 1.513361
7 1.513361
7 2.187222
7 2.187133
7 2.187133
7 20.98099
7 20.98095
7 20.98087
7 20.98089
7 20.98096
9 14.38773
9 14.51471
9 14.51474
9 14.51476
9 14.72003
9 14.71993
9 14.72
9 15.10224
9 15.10221
9 15.10224
9 15.32076
9 15.3208
9 15.43726
9 15.43726
9 15.4372
9 15.68106
9 15.68114
9 15.68109
9 15.9261
9 15.92608
9 15.92607
9 16.19549
9 16.19548
9 16.19543
9 16.10754
9 16.1075
9 16.10749
9 20.23408
9 20.23407
9 20.23411
9 4.324815
9 4.324769
9 4.324769
9 4.244502
9 4.244548
9 4.288569
9 4.288524
9 4.288524
9 4.322505
9 4.322369
9 4.322459
9 4.361029
9 4.361073
9 4.361073
9 69.65287
9 69.65286
9 34.08429
9 34.08431
9 34.08429
9 34.13618
9 34.13616
9 34.13617
9 3.85656
9 3.85656
9 3.85656
9 1.634584
9 1.634345
9 1.634584
9 1.599366
9 1.599488
9 1.587083
9 1.586713
9 1.586713
9 1.590655
9 1.590901
9 1.590655
9 1.543703
9 1.543703
9 1.501808
9 1.501938
9 1.501808
9 1.501287
9 1.501156
9 1.501026
9 1.471533
9 1.471533
9 1.453604
9 1.453469
9 1.453604
9 1.303563
9 1.303713
9 1.303713
9 1.291195
9 1.291195
9 1.291346
9 1.341734
9 1.341734
9 1.341734
9 1.331927
9 1.332221
9 1.332514
9 1.342318
9 1.342172
9 1.342026
9 1.329574
9 1.329721
9 1.329721
9 1.342755
9 1.343046
9 1.408894
9 1.409033
9 1.409033
9 1.504932
9 1.505192
9 1.531996
9 1.532251
9 1.531996
9 1.522
9 1.522128
9 1.521743
9 1.557962
9 1.558214
9 1.558339
9 1.552047
9 1.552047
9 1.556957
9 1.556957
9 1.557083
9 1.589301
9 1.589301
9 1.589424
9 1.607665
9 1.607665
9 1.607786
9 1.870639
9 1.87043
9 1.870325
9 3.29509
9 3.295031
9 3.247753
9 3.247693
9 3.247753
9 3.162855
9 3.162793
9 3.162855
9 3.093071
9 3.092944
9 3.081975
9 3.082039
9 3.082039
9 3.00674
9 3.006871
9 3.006871
9 2.996762
9 2.996762
9 2.996828
9 2.99624
9 2.99624
9 2.986423
9 2.986423
9 2.986358
9 2.990157
9 2.990092
9 2.990092
9 3.000549
9 3.000549
9 3.000549
9 2.87283
9 2.872694
9 2.938183
9 2.938316
9 2.938316
9 2.942976
9 2.942909
9 2.942909
9 3.011099
9 3.011164
9 3.011229
9 3.023167
9 3.023038
9 3.008497
9 2.972297
9 2.972363
9 2.935317
9 2.935183
9 2.935183
9 2.987734
9 2.987669
9 2.987669
9 3.025239
9 3.025239
9 3.025174
9 3.025045
9 3.025109
9 3.025045
9 3.025239
9 2.949487
9 2.949554
9 2.949487
9 2.917187
9 2.91712
9 2.916986
9 2.89577
9 2.89577
9 2.895838
9 2.832965
9 2.833103
9 2.833034
9 2.781786
9 2.781786
9 2.781786
9 2.74224
9 2.742168
9 2.742097
9 2.734377
9 2.734448
9 2.73452
9 2.769373
9 2.769303
9 2.712455
9 2.71231
9 2.712383
9 2.640491
9 2.640639
9 2.647967
9 2.618755
9 2.618681
9 2.618606
9 2.656528
9 2.656676
9 2.674813
9 2.674666
9 2.674813
9 2.631655
9 2.631655
9 2.631803
9 2.697693
9 2.697766
9 2.697693
9 2.674666
9 2.674447
9 2.791269
9 2.791409
9 2.79148
9 2.661387
9 2.66146
9 2.661534
9 2.662049
9 2.661975
9 2.661975
9 2.591557
9 2.591632
9 2.591406
9 2.493949
9 2.493949
9 2.463628
9 2.463628
9 2.463389
9 2.459811
9 2.45997
9 2.459891
9 2.429386
9 2.429547
9 2.429547
9 2.469182
9 2.469262
9 2.469262
9 3.758903
9 3.758955
9 3.758798
9 3.776313
9 3.776313
9 3.756505
9 3.75661
9 3.756557
9 3.765668
9 3.765668
9 3.765564
9 3.816288
9 3.816236
9 3.816288
9 3.834919
9 3.83497
9 3.835021
9 3.822081
9 3.822081
9 3.822184
9 3.845628
9 3.845678
9 3.806166
9 3.806166
9 3.806269
9 3.85036
9 3.850411
9 3.821262
9 3.821364
9 3.821313
9 3.788376
9 3.788221
9 3.788324
9 3.802203
9 3.802203
9 3.802203
9 3.776417
9 3.776469
9 3.776365
9 3.831241
9 3.831241
9 3.831139
9 3.825154
9 3.825205
9 3.818083
9 3.818135
9 3.818083
9 3.870751
9 3.870902
9 3.870801
9 3.898877
9 3.898777
9 3.898727
9 3.869132
9 3.869132
9 3.869233
9 3.849088
9 3.849088
9 3.848987
9 3.785118
9 3.78517
9 3.782634
9 3.782582
9 3.782582
9 3.77792
9 3.77792
9 3.778024
9 47.50738
9 47.50739
9 47.50738
9 47.49436
9 47.49436
9 47.49434
9 47.43004
9 47.43003
9 47.40138
9 47.40137
9 47.40137
9 47.38298
9 47.38298
9 47.38674
9 47.38674
9 47.38674
9 47.37166
9 47.37165
9 47.37164
9 47.40728
9 47.40731
9 47.44881
9 47.44883
9 47.44881
9 47.37654
9 47.37654
9 47.37654
9 47.46011
9 47.46011
9 47.46009
9 47.44659
9 47.44658
9 47.44687
9 47.41536
9 25.68075
9 25.72103
9 25.72102
9 25.72099
9 25.7374
9 25.73733
9 25.73739
9 25.75636
9 25.75639
9 25.75635
9 25.79021
9 25.79021
9 25.79021
9 25.7983
9 25.79833
9 49.05237
9 49.05238
9 49.05237
9 16.24693
9 16.24691
9 16.24692
9 7.683778
9 7.683726
9 7.799484
9 7.79946
9 7.799535
9 7.670868
9 7.671021
9 12.13788
9 12.13783
9 12.13794
9 10.76573
9 10.76569
9 10.76565
9 10.66433
9 10.66422
9 10.6643
9 10.51955
9 10.51953
9 10.5196
9 10.45461
9 10.45453
9 10.39129
9 10.39124
9 10.39129
9 10.33622
9 10.33626
9 10.33622
9 9.128646
9 9.128646
9 9.128646
9 6.302105
9 6.302136
9 6.302105
9 6.595169
9 6.595198
9 6.157051
9 6.157019
9 6.157051
9 6.217729
9 6.217761
9 6.113883
9 6.126215
9 6.126375
9 6.033417
9 6.033352
9 6.033319
9 6.063429
9 6.063429
9 6.063397
9 6.092973
9 6.093005
9 6.093005
9 6.23882
9 6.238882
9 6.238914
9 6.286031
9 6.286093
9 6.286062
9 6.176285
9 6.176285
9 6.071184
9 6.071216
9 6.071249
9 6.251001
9 6.250969
9 6.08589
9 6.080025
9 6.080122
9 6.080089
9 6.238002
9 6.238002
9 6.23794
9 6.131877
9 6.131909
9 6.033482
9 6.033482
9 6.033547
9 5.890258
9 5.890225
9 5.890292
9 5.784791
9 5.784791
9 5.768981
9 5.769116
9 5.769151
9 5.701452
9 5.701487
9 5.701383
9 5.688753
9 5.688719
9 5.688719
9 5.676889
9 5.676855
9 5.676889
9 5.631238
9 5.631307
9 5.715426
9 5.715357
9 5.715357
9 5.75769
9 5.757724
9 5.757622
9 5.647537
9 5.647502
9 5.894283
9 5.89425
9 5.894217
9 5.733606
9 5.733572
9 5.733572
9 51.43597
9 51.43593
9 51.43596
9 51.42741
9 51.42739
9 51.4274
9 51.36589
9 51.36585
9 51.33093
9 51.33099
9 51.33097
9 51.30445
9 51.30447
9 51.30447
9 51.29612
9 51.29608
9 51.29609
9 51.30282
9 51.30282
9 51.30286
9 0.6667597
9 0.667053
9 4.31316
9 4.31316
9 4.31316
9 4.361792
9 4.361837
9 4.361747
9 4.312116
9 4.31198
9 4.268383
9 4.268428
9 4.268428
9 4.297192
9 4.297192
9 4.297101
9 4.473345
9 4.473433
9 4.473433
9 4.472776
9 4.472864
9 4.472864
9 4.78782
9 4.78782
9 4.665981
9 4.666022
9 4.665938
9 4.880139
9 4.880139
9 4.880139
9 5.449099
9 5.449063
9 5.449099
9 5.354305
9 5.354415
9 5.354305
9 5.494297
9 5.494333
9 5.494369
9 5.559893
9 5.559928
9 5.576118
9 5.53934
9 5.53934
9 5.462353
9 5.462389
9 5.462389
9 5.437002
9 5.436893
9 5.436893
9 5.56648
9 5.566375
9 5.56641
9 5.5856
9 5.585565
9 5.583635
9 5.711515
9 5.711481
9 5.630054
9 5.630019
9 5.630054
9 5.794677
9 5.794643
9 5.629671
9 5.647398
9 5.647467
9 5.675853
9 5.675888
9 5.675888
9 5.324542
9 5.324542
9 5.324505
9 5.383358
9 5.383286
9 5.289021
9 5.288873
9 5.288983
9 5.19995
9 5.199912
9 5.199987
9 5.534137
9 5.534243
9 5.534173
9 5.260416
9 5.260491
9 5.208497
9 5.208497
9 5.208609
9 5.350168
9 5.350241
9 5.220596
9 5.220596
9 5.220596
9 5.210753
9 5.210828
9 5.210903
9 5.123117
9 5.123156
9 5.123041
9 5.117109
9 5.117186
9 5.117148
9 5.069293
9 5.069409
9 5.06937
9 5.038939
9 5.038979
9 5.055283
9 5.081607
9 5.081646
9 5.041505
9 5.034972
9 5.035011
9 4.975002
9 4.995359
9 4.995438
9 5.018446
9 5.018524
9 5.018524
9 4.847958
9 4.847958
9 5.05935
9 5.058459
9 5.058537
9 4.98063
9 4.98063
9 4.98063
9 4.923184
9 4.923184
9 4.941416
9 4.941376
9 4.941416
9 4.893368
9 4.893408
9 4.893408
9 4.863129
9 4.863088
9 4.863169
9 5.017704
9 5.017704
9 5.017744
9 5.007386
9 5.007464
9 4.793504
9 4.793463
9 4.793504
9 4.870897
9 4.870857
9 4.870937
9 5.0012
9 5.001122
9 5.001161
9 4.921672
9 4.921553
9 4.939196
9 4.939156
9 4.939196
9 4.847069
9 4.847069
9 4.847069
9 4.987824
9 4.987942
9 4.987863
9 5.005507
9 5.00539
9 5.034894
9 5.034894
9 5.034856
9 4.964832
9 4.964753
9 4.964792
9 4.843471
9 4.843471
9 4.843511
9 4.842095
9 4.842095
9 4.842055
9 5.020749
9 5.020632
9 5.085384
9 5.113816
9 5.113853
9 4.987038
9 4.987116
9 4.987038
9 5.288909
9 5.288946
9 5.288946
9 5.32914
9 5.329103
9 5.330647
9 5.475969
9 5.476076
9 5.338325
9 5.329545
9 5.329545
9 5.169111
9 5.169149
9 5.169111
9 5.259597
9 5.259485
9 5.259485
9 5.193955
9 5.194068
9 5.234689
9 5.234726
9 5.234726
9 5.373302
9 5.373266
9 5.373266
9 5.091622
9 5.091583
9 5.091545
9 4.999554
9 4.999594
9 4.999516
9 5.071843
9 5.071843
9 4.961516
9 4.961595
9 4.961555
9 5.131524
9 5.131486
9 5.014346
9 5.014384
9 5.014346
9 5.350424
9 5.350461
9 5.350424
9 5.29809
9 5.29809
9 5.298164
9 5.191125
9 5.191125
9 5.1912
9 5.049854
9 5.049737
9 5.049776
9 5.025585
9 5.025547
9 5.443377
9 5.443377
9 5.443305
9 5.447912
9 5.447948
9 5.447948
9 5.343828
9 5.343828
9 5.343791
9 5.430402
9 5.430366
9 5.430402
9 5.248483
9 5.248446
9 5.15879
9 5.158752
9 5.158828
9 5.449386
9 5.449386
9 5.449459
9 5.263656
9 5.263731
9 2.355926
9 2.391874
9 2.391956
9 2.426242
9 2.426242
9 2.426161
9 2.462912
9 2.462754
9 2.462833
9 2.470688
9 2.470847
9 2.470847
9 2.49175
9 2.491829
9 2.504444
9 2.531418
9 2.531418
9 2.609846
9 2.609846
9 2.609921
9 2.65417
9 2.65417
9 2.632993
9 2.676203
9 2.676276
9 2.676276
9 2.672689
9 2.672616
9 2.672689
9 2.678615
9 2.678469
9 2.690136
9 2.707326
9 2.707326
9 2.744095
9 2.744166
9 2.744095
9 2.748229
9 2.748372
9 2.758893
9 2.736953
9 2.736953
9 2.746519
9 2.746519
9 2.746662
9 2.767606
9 2.767535
9 2.767606
9 2.814108
9 2.814108
9 2.814178
9 2.846201
9 2.845994
9 2.845994
9 2.895635
9 2.895635
9 2.921345
9 2.921345
9 2.921278
9 2.920809
9 2.920876
9 2.920809
9 2.9461
9 2.9461
9 2.9461
9 3.015192
9 3.015192
9 3.015257
9 3.087433
9 3.087306
9 3.062988
9 3.063052
9 3.06318
9 3.061965
9 3.061837
9 3.042725
9 3.04266
9 3.042725
9 3.019085
9 3.018891
9 3.025886
9 3.025886
9 3.026015
9 3.028731
9 3.028667
9 3.028667
9 3.112001
9 3.112127
9 3.112252
9 3.078352
9 3.078352
9 3.078289
9 3.114076
9 3.114076
9 3.11395
9 3.099141
9 3.099331
9 3.099331
9 3.106334
9 3.106397
9 3.116904
9 3.116904
9 3.116966
9 3.022779
9 3.022714
9 3.022585
9 3.015452
9 3.015452
9 3.015387
9 3.015971
9 3.015971
9 3.015971
9 3.016036
9 3.015971
9 3.016101
9 3.016101
9 2.961938
9 2.962071
9 2.962071
9 2.910133
9 2.910133
9 2.9102
9 2.925296
9 2.925162
9 2.925296
9 2.977101
9 2.977035
9 2.977035
9 2.97256
9 2.972494
9 2.97256
9 2.970518
9 2.97065
9 2.988193
9 2.988062
9 2.988193
9 2.967947
9 2.967881
9 2.967815
9 2.919334
9 2.919468
9 2.919468
9 2.877188
9 2.877188
9 2.877324
9 2.838832
9 2.83897
9 2.877664
9 2.901443
9 2.901443
9 2.901645
9 2.90178
9 2.901713
9 2.897324
9 2.897257
9 2.938849
9 2.938849
9 2.938915
9 2.887511
9 2.887443
9 2.887511
9 2.93785
9 2.937716
9 2.93785
9 2.86512
9 2.865052
9 2.865052
9 2.830753
9 2.830891
9 2.830822
9 2.771069
9 2.771069
9 2.756763
9 2.756834
9 2.756834
9 2.596688
9 2.596688
9 2.583386
9 2.583614
9 2.583386
9 2.51326
9 2.513104
9 2.513104
9 2.565443
9 2.565367
9 2.565291
9 2.638489
9 2.638489
9 2.638637
9 2.659548
9 2.6594
9 2.68635
9 2.686568
9 2.686496
9 2.700811
9 2.700811
9 2.700884
9 2.707254
9 2.707254
9 2.707254
9 2.690791
9 2.690864
9 2.690864
9 2.640787
9 2.640713
9 2.640713
9 2.665943
9 2.66587
9 2.669758
9 2.669905
9 2.669978
9 2.69508
9 2.695225
9 2.695225
9 2.635965
9 2.636039
9 2.586113
9 2.586113
9 2.586037
9 2.587929
9 2.588004
9 2.588004
9 2.47994
9 2.47994
9 2.479861
9 2.4133
9 2.413056
9 2.413056
9 2.610071
9 2.610071
9 2.609921
9 2.578685
9 2.578685
9 2.571768
9 2.571616
9 2.571692
9 2.547374
9 2.547374
9 2.54722
9 2.450963
9 2.450803
9 2.450883
9 2.479387
9 2.479545
9 2.479466
9 2.414273
9 2.414273
9 2.457901
9 2.457741
9 2.457901
9 2.396697
9 2.396779
9 2.087129
9 52.01744
9 52.01741
9 52.01741
9 52.01744
9 52.01742
9 73.88752
9 73.88753
9 73.88754
9 49.0524
9 49.0524
9 49.05238
9 49.05236
9 49.05231
9 49.05233
9 11.83811
9 11.83809
9 11.83811
9 52.06228
9 52.06226
9 52.06227
9 51.86843
9 51.86842
9 51.86846
9 5.974254
9 5.974385
9 7.267578
9 7.267443
9 7.267415
9 7.8729
9 7.872951
9 12.66866
9 13.26607
9 13.26605
9 52.57341
9 52.57344
9 52.57341
9 52.12126
9 52.12127
9 52.12122
9 52.12123
9 52.12128
9 8.712532
9 9.802451
9 9.802511
9 9.733387
9 52.83569
9 52.83563
9 52.84256
9 52.84254
9 52.84253
9 52.87252
9 52.87246
9 52.86732
9 52.86733
9 52.86732
9 52.86733
9 52.86735
9 52.86736
9 5.001513
9 5.001592
9 5.001553
9 4.88379
9 4.883831
9 4.992692
9 4.992574
9 4.992535
9 10.75166
9 10.75157
9 10.75162
9 49.05235
9 49.05233
9 52.62043
9 52.62046
9 52.62048
9 49.05238
9 49.05233
9 49.05237
9 51.90264
9 51.9026
9 51.9026
9 51.9169
9 51.91685
9 51.91687
9 51.89551
9 51.89551
9 51.89553
9 51.87547
9 51.87551
9 51.87545
9 51.87265
9 51.8726
9 51.883
9 51.88297
9 51.88303
9 51.89212
9 51.89217
9 51.89215
9 8.468908
9 8.469002
9 51.87531
9 51.87534
9 51.87529
9 4.9453
9 4.94534
9 4.9453
9 5.131104
9 5.131143
9 5.344085
9 5.410192
9 5.410228
9 5.501462
9 5.501426
9 5.501355
9 5.546164
9 5.546129
9 5.546164
9 5.466513
9 5.466585
9 5.466513
9 5.448667
9 5.448631
9 5.448631
9 5.367209
9 5.367246
9 5.336599
9 5.400839
9 5.400948
9 5.375527
9 5.375417
9 5.37549
9 5.442153
9 5.442081
9 5.634508
9 5.634473
9 5.634543
9 5.632943
9 5.632943
9 5.632908
9 5.817699
9 5.817666
9 5.778079
9 5.778079
9 5.778112
9 51.90052
9 51.90054
9 51.90049
9 4.522337
9 4.522164
9 4.457467
9 4.457423
9 4.457379
9 4.457335
9 4.32264
9 4.322686
9 4.322459
9 4.160713
9 4.160666
9 3.97631
9 3.976113
9 3.97631
9 3.949478
9 3.949478
9 3.949577
9 3.888316
9 3.888316
9 3.888417
9 3.759267
9 3.759215
9 51.74907
9 51.74905
9 51.74905
9 51.83073
9 51.83075
9 51.83078
9 13.12746
9 13.12746
9 13.12747
9 49.05234
9 49.05234
9 49.05231
9 49.05236
9 49.05231
9 49.05235
9 51.99366
9 51.99366
9 51.94699
9 51.947
9 51.94698
9 4.742146
9 4.742146
9 4.742063
9 4.770276
9 4.770194
9 4.770235
9 10.98801
9 10.98806
9 10.9595
9 10.95954
9 10.9595
9 10.9595
9 11.08383
9 11.08385
9 11.08386
9 49.05238
9 49.05241
9 52.52328
9 52.52335
9 52.52333
9 49.05236
9 49.05236
9 8.258946
9 8.258923
9 8.25897
9 11.06662
9 11.06662
9 11.0666
9 11.09439
9 11.09441
9 11.09441
9 6.421442
9 6.421473
9 6.421381
9 6.594009
9 6.594039
9 6.556311
9 6.556311
9 6.556341
9 6.523026
9 6.522997
9 6.523026
9 6.442112
9 6.442051
9 6.440407
9 6.440285
9 6.440346
9 6.421961
9 6.421991
9 6.42193
9 6.48395
9 6.484011
9 6.483981
9 6.576469
9 6.576529
9 6.709142
9 11.64133
9 11.64133
9 49.05234
9 49.05231
9 49.05234
9 49.05234
9 51.4777
9 51.47765
9 51.47774
9 51.48777
9 51.48774
9 51.47933
9 51.47932
9 51.47933
9 51.496
9 51.49598
9 51.5244
9 51.52436
9 51.52443
9 4.443251
9 4.443251
9 4.443251
9 4.575773
9 4.575773
9 4.793055
9 4.793055
9 4.792973
9 4.769619
9 4.769578
9 51.61773
9 51.61774
9 51.61771
9 51.61774
9 10.89981
9 10.89977
9 10.89977
9 49.05234
9 49.05237
9 49.05231
9 49.05232
9 49.05234
9 49.05234
9 49.05232
9 49.05233
9 49.05237
9 49.05235
9 52.68338
9 52.68341
9 52.68341
9 16.58591
9 16.56891
9 16.56887
9 9.7607
9 9.76068
9 9.7607
9 9.753103
9 9.753163
9 52.15319
9 52.10886
9 52.1088
9 49.05237
9 49.05233
9 14.33358
9 14.33359
9 14.3336
9 1.336766
9 1.336766
9 1.33662
9 14.23594
9 14.23596
9 14.23594
9 4.914063
9 4.913904
9 4.913944
9 49.05235
9 49.05233
9 49.05238
9 5.582757
9 5.582863
9 5.582687
9 17.09572
9 17.09571
9 17.09571
9 9.143209
9 9.143229
9 9.143144
9 8.690387
9 8.690342
9 8.569627
9 8.569604
9 8.569604
9 8.672808
9 8.67283
9 8.672785
9 8.787223
9 8.787155
9 8.787245
9 8.959888
9 8.959888
9 16.39314
9 16.39314
9 16.39318
9 49.05234
9 49.05238
9 49.05235
9 49.0524
9 49.05234
9 49.05234
9 49.05228
9 49.05239
9 12.12607
9 12.12613
9 12.12613
9 11.9083
9 11.90837
9 11.90829
9 15.6977
9 15.6978
9 15.69782
9 49.05234
9 49.05239
9 49.05236
9 10.83407
9 10.83413
9 51.35413
9 51.35417
9 51.35415
9 12.53002
9 12.52999
9 12.53004
9 9.200541
9 9.200562
9 9.200584
9 9.142241
9 9.142241
9 9.021383
9 9.021317
9 9.021187
9 8.859715
9 8.859803
9 8.62539
9 8.625504
9 8.625459
9 8.793703
9 8.793658
9 8.793747
9 8.786909
9 8.786887
9 8.786909
9 51.8019
9 51.80185
9 51.80185
9 5.573587
9 5.573482
9 51.75494
9 51.75492
9 51.75496
9 5.056406
9 5.056406
9 5.056406
9 49.05234
9 49.05241
9 49.05239
9 49.05233
9 49.05235
9 49.05231
9 49.05234
9 49.05235
9 49.05239
9 49.05235
9 49.05236
9 49.05233
9 49.05235
9 49.05237
9 11.44286
9 11.44291
9 11.44286
9 11.3994
9 11.39945
9 11.39938
9 5.0818
9 5.081916
9 5.081916
9 4.860832
9 4.860993
9 4.860912
9 4.55909
9 4.55909
9 4.558961
9 11.40277
9 11.40279
9 11.49853
9 11.49852
9 11.49848
9 11.54147
9 11.54149
9 49.05234
9 49.05233
9 49.0523
9 49.05233
9 49.05238
9 49.05237
9 5.162283
9 5.162322
9 5.162322
9 14.87866
9 14.87866
9 14.65074
9 7.140399
9 7.140481
9 14.71351
9 14.71352
9 14.71351
9 49.05236
9 49.05235
9 15.65959
9 15.65962
9 15.65958
9 10.85157
9 10.85161
9 10.85161
9 10.92932
9 10.92932
9 10.92928
9 10.97533
9 10.97535
9 10.97537
9 6.850542
9 6.850628
9 6.901716
9 6.901687
9 6.901772
9 6.958888
9 6.958804
9 7.021605
9 7.01677
9 7.016715
9 6.745292
9 6.745408
9 6.745263
9 6.406371
9 6.406279
9 6.40634
9 6.105701
9 6.105637
9 6.105701
9 5.938613
9 5.938514
9 5.833211
9 5.778757
9 5.778723
9 5.574009
9 5.574044
9 5.573939
9 5.23959
9 5.239702
9 5.239628
9 4.85123
9 4.85127
9 4.85119
9 4.894369
9 4.894249
9 4.894529
9 49.05234
9 49.05238
9 11.20917
9 11.20918
9 11.2092
9 11.11145
9 11.11147
9 11.11145
9 5.326897
9 5.32686
9 5.32686
9 11.06359
9 11.06363
9 11.00029
9 11.00031
9 11.00031
9 11.07477
9 11.07473
9 11.07478
9 11.30439
9 11.30441
9 11.30437
9 4.577313
9 4.577356
9 4.346768
9 4.346678
9 4.346859
9 4.117943
9 4.117847
9 4.1178
9 3.900233
9 3.900284
9 3.810434
9 3.810485
9 3.810434
9 3.877574
9 3.877625
9 3.877422
9 4.007803
9 4.007608
9 4.007657
9 4.067653
9 4.067605
9 4.067605
9 4.212636
9 4.212543
9 4.303022
9 4.303113
9 4.302977
9 4.302977
9 4.303113
9 4.303022
9 4.303113
9 3.980494
9 3.980691
9 3.980592
9 3.768267
9 3.768163
9 3.768112
9 3.56837
9 3.568206
9 3.56826
9 3.437523
9 3.437523
9 51.80858
9 49.05238
9 49.05234
9 49.05236
9 11.20773
9 11.20785
9 11.20781
9 49.05236
9 49.05234
9 49.05238
9 52.08697
9 52.08698
9 52.08696
9 52.08698
9 52.08699
9 52.08041
9 52.08036
9 52.08041
9 52.09779
9 52.09781
9 52.09779
9 14.57366
9 14.57376
9 14.57364
9 14.74261
9 14.7426
9 14.7426
9 52.10722
9 52.10717
9 52.11679
9 52.11672
9 52.11679
9 52.13737
9 52.1374
9 52.1374
9 52.15312
9 52.15313
9 52.15311
9 52.16453
9 52.16454
9 2.659327
9 2.6594
9 2.6594
9 8.667597
9 8.667597
9 8.667643
9 8.556117
9 8.556186
9 8.387053
9 8.38717
9 8.3871
9 8.478991
9 8.478967
9 8.478967
9 8.31503
9 8.315006
9 8.314912
9 8.362128
9 8.362058
9 8.362222
9 8.379206
9 8.3793
9 8.481376
9 8.481399
9 8.481376
9 8.173202
9 8.173106
9 8.173178
9 8.197597
9 8.197668
9 8.19762
9 8.231417
