1 27.4075
1 27.32701
1 27.32702
1 27.27561
1 27.34153
1 27.34153
1 27.35417
1 27.35419
1 27.32029
1 27.3203
1 27.30897
1 27.309
1 27.29458
1 27.29464
1 27.30735
1 27.30734
1 27.24018
1 27.24017
1 26.65266
1 26.65268
1 26.65265
1 27.76295
1 27.76309
1 49.00092
1 49.00093
1 8.158103
1 8.158127
1 8.774
1 8.773978
1 30.30022
1 30.30017
1 30.02036
1 30.02037
1 8.055323
1 8.055347
1 29.97173
1 29.4942
1 29.49428
1 29.36927
1 29.3693
1 29.36927
1 29.36915
1 7.190529
1 7.190556
1 7.491062
1 7.491062
1 7.686076
1 7.686101
1 7.836266
1 8.732282
1 8.732416
1 8.812871
1 8.812961
1 50.07648
1 50.0765
1 33.20903
1 33.20902
1 33.32246
1 33.32246
1 33.32246
1 33.492
1 33.49202
1 33.49197
1 33.49202
1 33.49197
1 33.49203
1 33.62876
1 33.62881
1 33.62879
1 33.70477
1 33.70475
1 33.84367
1 33.84367
1 33.88567
1 33.8857
1 33.96138
1 33.96138
1 34.00651
1 34.00653
1 34.00648
1 34.1136
1 34.11357
1 34.06891
1 34.06892
1 33.9882
1 33.98824
1 33.93249
1 33.93253
1 33.91144
1 33.91143
1 33.94626
1 33.94627
1 34.048
1 34.04797
1 34.09891
1 34.09889
1 34.09889
1 34.12651
1 34.1265
1 34.0593
1 34.0593
1 34.04305
1 34.04311
1 34.10308
1 34.10316
1 34.07565
1 34.07566
1 34.07566
1 34.03879
1 34.03883
1 34.01413
1 34.01413
1 5.101924
1 5.101848
1 5.052375
1 5.052258
1 5.066858
1 5.066819
1 29.11207
1 29.07412
1 29.07405
1 29.04509
1 29.04504
1 28.95072
1 28.95074
1 28.95083
1 28.95075
1 28.89865
1 28.89867
1 28.99974
1 28.99967
1 29.09599
1 29.09603
1 29.16987
1 29.16994
1 29.26757
1 29.26768
1 29.29065
1 29.29062
1 29.29052
1 29.2906
1 29.27639
1 29.2763
1 29.27635
1 3.916617
1 3.916617
1 3.961953
1 3.962052
1 4.009953
1 4.009904
1 4.138295
1 4.138247
1 4.1382
1 4.221136
1 4.221182
1 4.2966
1 4.296645
1 4.224892
1 4.224846
1 4.200252
1 4.200299
1 4.106036
1 4.106227
1 4.065535
1 4.065583
1 3.936714
1 3.936615
1 3.730246
1 3.730142
1 3.6418
1 3.641693
1 3.592323
1 3.592323
1 3.433192
1 3.433249
1 3.221789
1 3.221728
1 3.221728
1 2.893471
1 2.893471
1 2.892591
1 2.892591
1 2.869148
1 2.86908
1 2.903197
1 2.902994
1 2.89435
1 2.894553
1 2.842898
1 2.842967
1 2.753779
1 2.710433
1 2.710433
1 2.544452
1 2.544375
1 2.459493
1 2.459413
1 2.412407
1 2.412245
1 2.466248
1 2.466327
1 2.574354
1 2.574279
1 2.634257
1 2.634331
1 2.636485
1 2.63641
1 2.623908
1 2.623982
1 2.623982
1 2.487269
1 2.487269
1 2.482149
1 2.481991
1 2.477808
1 2.477887
1 2.392038
1 2.392038
1 2.405257
1 2.405176
1 2.412326
1 2.412245
1 2.412245
1 2.500376
1 2.500455
1 2.546221
1 2.546221
1 2.546221
1 2.546144
1 2.551519
1 2.551443
1 2.459174
1 2.459413
1 2.438393
1 2.438473
1 2.423982
1 2.424143
1 2.420912
1 2.42083
1 2.37644
1 2.376605
1 2.393837
1 2.393837
1 2.393674
1 2.393837
1 2.393919
1 2.329442
1 2.329358
1 2.35052
1 2.35052
1 2.291491
1 2.291662
1 2.282076
1 2.289868
1 2.290038
1 2.258974
1 2.259061
1 2.250206
1 2.25012
1 2.191246
1 2.191246
1 2.171507
1 2.171417
1 2.171236
1 2.171507
1 2.173038
1 2.172948
1 2.207176
1 2.207353
1 2.207264
1 2.174479
1 2.174749
1 2.169433
1 2.169252
1 2.169613
1 2.169433
1 2.224312
1 2.2244
1 46.72043
1 46.72043
1 46.72041
1 46.72041
1 46.72043
1 51.43659
1 51.43656
1 51.43661
1 51.43657
1 49.27655
1 49.27655
1 49.27655
1 29.62982
1 29.62978
1 29.5482
1 29.54806
1 29.548
1 29.54816
1 29.53089
1 29.53078
1 29.48493
1 29.48483
1 29.48486
1 29.47404
1 29.47409
1 29.4413
1 29.44133
1 29.43742
1 29.43727
1 29.43075
1 29.43075
1 29.40955
1 29.40965
1 2.682048
1 2.682048
1 2.698128
1 2.698201
1 2.697983
1 29.39631
1 29.39633
1 29.41419
1 29.41411
1 29.40187
1 29.40187
1 29.40507
1 29.40502
1 29.37294
1 29.37291
1 29.37294
1 29.37287
1 29.13171
1 29.14314
1 29.14312
1 6.22003
1 6.219999
1 6.220062
1 6.198307
1 6.198402
1 6.232563
1 6.232406
1 6.232563
1 6.232532
1 3.425484
1 3.42537
1 3.342343
1 3.342402
1 3.371039
1 3.371039
1 3.355905
1 3.355964
1 3.355905
1 3.348196
1 3.348254
1 3.338475
1 3.338592
1 3.262548
1 3.262428
1 3.273451
1 3.273451
1 3.299721
1 3.299662
1 3.299662
1 3.246185
1 3.246004
1 3.160564
1 3.160626
1 3.186535
1 3.186535
1 3.166876
1 3.166752
1 3.195002
1 3.194941
1 3.19733
1 3.197146
1 3.164959
1 3.164959
1 3.095602
1 3.095665
1 3.086799
1 3.086735
1 3.135128
1 3.13519
1 3.13519
1 3.273511
1 3.273571
1 3.291999
1 3.291939
1 3.282529
1 3.282529
1 3.277277
1 3.277157
1 3.286166
1 3.285987
1 3.307129
1 3.30707
1 3.315348
1 3.315171
1 3.277814
1 3.277993
1 24.60237
1 24.60236
1 24.66553
1 24.66555
1 24.6727
1 24.6727
1 24.64607
1 24.64605
1 24.70851
1 24.70848
1 24.67305
1 24.67305
1 24.67304
1 24.66012
1 24.66008
1 24.66679
1 24.66676
1 24.65079
1 24.65072
1 22.53539
1 22.53537
1 22.1814
1 22.18141
1 37.70157
1 37.70149
1 37.70152
1 37.7015
1 37.70145
1 37.70149
1 37.70149
1 37.70148
1 29.33047
1 29.33051
1 29.33048
1 29.38648
1 29.38649
1 37.70151
1 37.70146
1 37.7015
1 37.70149
1 37.70148
1 37.7015
1 37.70152
1 30.42444
1 30.42444
1 37.70148
1 37.7015
1 36.18064
1 36.18067
1 37.70149
1 37.70152
1 30.20782
1 30.20784
1 30.20521
1 30.20525
1 30.19335
1 30.19335
1 30.17974
1 30.1798
1 2.794984
1 2.795124
1 2.715556
1 2.715628
1 2.788884
1 2.833794
1 2.837108
1 2.837039
1 2.82272
1 2.82272
1 2.82272
1 2.739883
1 2.739812
1 2.739669
1 2.739598
1 2.679638
1 2.679638
1 2.65918
1 2.659032
1 2.714114
1 2.71397
1 2.714114
1 2.661755
1 2.661828
1 2.515595
1 2.515517
1 2.671224
1 2.671224
1 2.631134
1 2.631059
1 2.486954
1 2.486876
1 2.422285
1 2.422366
1 2.282248
1 2.282248
1 2.282419
1 2.266068
1 2.266241
1 2.310544
1 2.310714
1 2.318156
1 2.31824
1 2.400206
1 2.400206
1 2.503975
1 2.504053
1 2.613593
1 2.613518
1 2.600604
1 2.600604
1 2.600679
1 2.654317
1 2.654464
1 2.645749
1 2.645601
1 2.784669
1 2.78474
1 2.773046
1 2.772976
1 2.772976
1 2.772976
1 2.631059
1 2.631059
1 2.505382
1 2.505538
1 2.669905
1 2.669978
1 2.537133
1 2.537133
1 2.559026
1 2.559179
1 2.534664
1 2.534509
1 2.534586
1 2.30639
1 2.30639
1 2.345602
1 2.345685
1 2.256113
1 2.256287
1 2.175019
1 2.175019
1 2.164013
1 2.163742
1 2.153224
1 2.153405
1 2.16157
1 2.16166
1 2.161026
1 2.161026
1 2.149585
1 2.149585
1 2.22352
1 2.22352
1 2.259321
1 2.259234
1 2.259408
1 2.19428
1 2.19428
1 2.199003
1 2.199003
1 2.164465
1 2.164646
1 2.258801
1 2.258801
1 2.268744
1 2.268657
1 2.301037
1 2.301037
1 2.26529
1 2.265118
1 2.340339
1 2.340256
1 2.607294
1 2.607144
1 2.607069
1 2.536902
1 2.536748
1 2.555046
1 2.555199
1 2.476544
1 2.476702
1 2.458378
1 2.458538
1 2.41411
1 2.414192
1 2.443845
1 2.444005
1 2.443925
1 2.366205
1 2.366288
1 2.340256
1 2.340256
1 2.344183
1 2.344183
1 2.320097
1 2.320097
1 2.269089
1 2.268916
1 2.291235
1 2.291235
1 2.275463
1 2.281819
1 2.281819
1 2.24088
1 2.24088
1 2.24088
1 2.24088
1 2.24088
1 2.24088
1 2.24088
1 2.247509
1 2.247683
1 2.24777
1 2.196598
1 2.196509
1 2.162294
1 2.162384
1 2.175019
1 2.175109
1 2.112852
1 2.113037
1 2.103196
1 2.103196
1 2.075752
1 2.075657
1 2.041814
1 2.041623
1 2.060231
1 2.060136
1 2.057094
1 2.057189
1 2.012367
1 2.012367
1 1.912848
1 1.912848
1 1.963936
1 1.963936
1 1.963936
1 1.963936
1 1.963936
1 2.0488
1 2.048704
1 2.081871
1 2.081965
1 2.083093
1 2.082999
1 2.033073
1 2.033266
1 2.033266
1 2.043252
1 2.043539
1 2.086566
1 2.08666
1 2.002521
1 2.002618
1 1.991937
1 1.991839
1 1.993411
1 1.993411
1 1.972189
1 1.97209
1 1.950336
1 1.950336
1 1.872626
1 1.872835
1 1.841538
1 1.841325
1 1.866869
1 1.867079
1 1.906597
1 1.906699
1 1.958347
1 1.958347
1 1.958347
1 1.958147
1 1.958147
1 1.999684
1 1.999684
1 2.012756
1 2.012659
1 2.027096
1 2.027096
1 2.033939
1 2.034035
1 2.021779
1 2.021779
1 2.021876
1 1.977739
1 1.977739
1 2.042868
1 2.042677
1 1.987708
1 1.987708
1 1.995471
1 1.995373
1 2.007011
1 2.007206
1 2.000076
1 2.000076
1 2.025357
1 2.025551
1 2.017612
1 2.017709
1 2.017612
1 2.017515
1 2.098631
1 17.41076
1 17.41075
1 17.47938
1 17.47946
1 17.47948
1 17.47946
1 17.48119
1 17.48116
1 17.48111
1 17.5104
1 17.51035
1 17.48978
1 17.48972
1 17.58075
1 17.58068
1 17.62004
1 17.62003
1 17.57899
1 17.57901
1 17.58595
1 17.58599
1 17.59237
1 17.59244
1 15.04922
1 15.04914
1 23.57759
1 23.57756
1 23.52431
1 23.52436
1 23.608
1 23.608
1 1.919385
1 1.919385
1 1.919181
1 2.079143
1 2.079143
1 2.198468
1 2.198201
1 2.246899
1 2.246986
1 2.285333
1 2.285504
1 2.347854
1 2.347771
1 2.329106
1 2.328938
1 2.380308
1 2.380391
1 2.335316
1 2.335316
1 2.392202
1 2.391956
1 2.392038
1 2.32153
1 2.321699
1 2.332633
1 2.332716
1 2.402163
1 2.402081
1 2.405908
1 2.40607
1 2.37504
1 2.37504
1 2.320603
1 2.320687
1 2.28559
1 2.300527
1 2.300612
1 2.337327
1 2.33741
1 2.332633
1 2.332549
1 2.353516
1 2.353682
1 2.425273
1 2.425354
1 2.45224
1 2.45216
1 2.45224
1 23.76975
1 23.7698
1 23.7697
1 1.668474
1 1.668709
1 1.66307
1 1.66307
1 1.66307
1 1.660007
1 1.660125
1 1.553686
1 1.553434
1 1.573585
1 1.573212
1 1.59213
1 1.592253
1 1.613618
1 1.613497
1 1.6012
1 1.601567
1 1.503501
1 1.503371
1 1.518009
1 1.480416
1 1.480416
1 1.346975
1 1.346684
1 1.354653
1 1.354364
1 1.352773
1 1.352629
1 1.319083
1 1.318934
1 1.382393
1 1.38211
1 1.360706
1 1.360994
1 1.343192
1 1.342901
1 1.315666
1 1.316855
1 1.316855
1 1.319083
1 1.319083
1 1.310898
1 1.310599
1 1.299202
1 1.299503
1 1.323378
1 1.323526
1 1.242066
1 1.242381
1 1.234321
1 1.234163
1 1.244584
1 1.244741
1 1.244426
1 1.163148
1 1.163148
1 1.147565
1 1.147736
1 1.09056
1 1.090381
1 1.090739
1 1.09056
1 1.133324
1 1.133151
1 1.088045
1 1.088045
1 1.072284
1 1.072284
1 1.117676
1 1.117676
1 1.129346
1 1.129519
1 1.151141
1 1.151311
1 1.082275
1 1.082275
1 1.082455
1 1.128826
1 1.129172
1 1.243325
1 1.243797
1 1.25523
1 1.255386
1 1.24175
1 1.241908
1 1.299503
1 1.299503
1 1.311942
1 1.312241
1 1.442115
1 1.442115
1 1.447803
1 1.448073
1 1.448073
1 1.456965
1 1.456965
1 1.449559
1 1.449829
1 1.445233
1 1.445233
1 1.394654
1 1.394514
1 1.488326
1 1.487932
1 1.508828
1 1.509088
1 1.503891
1 1.503891
1 1.493707
1 1.493838
1 1.493969
1 1.443336
1 1.4432
1 1.475517
1 1.475782
1 1.518782
1 1.51904
1 1.547628
1 1.547249
1 1.572341
1 1.572466
1 1.559218
1 1.558967
1 1.581277
1 1.581153
1 1.581153
1 1.599366
1 1.59961
1 1.660479
1 1.660479
1 1.647464
1 1.647701
1 1.641514
1 1.641275
1 1.641275
1 1.676548
1 1.676664
1 1.736636
1 1.736749
1 1.819299
1 1.819191
1 1.868755
1 1.868755
1 1.868022
1 1.867812
1 1.865401
1 1.865296
1 1.837389
1 1.837282
1 1.829383
1 1.829383
1 1.829597
1 1.856989
1 1.856778
1 1.970402
1 1.970204
1 2.006036
1 2.005841
1 2.027482
1 2.027482
1 2.000467
1 2.000467
1 1.996452
1 1.996354
1 2.032303
1 2.032303
1 2.054333
1 2.054333
1 2.054333
1 2.034709
1 2.034805
1 2.029412
1 2.029508
1 2.033651
1 2.033747
1 1.932392
1 1.932595
1 1.912643
1 1.912746
1 1.889998
1 1.889791
1 1.842707
1 1.8426
1 1.842919
1 1.837921
1 1.83824
1 1.829062
1 1.829062
1 20.98109
1 20.98112
1 20.95816
1 20.95811
1 20.95825
1 20.9583
1 20.95748
1 20.95754
1 20.9435
1 20.94343
1 20.92706
1 20.92707
1 20.92701
1 20.97243
1 20.97238
1 20.99008
1 20.99004
1 20.6504
1 20.65035
1 50.01205
1 50.01207
1 46.10026
1 46.10029
1 5.78916
1 5.789195
1 3.227617
1 3.044075
1 3.043947
1 2.385237
1 2.385237
1 2.213816
1 2.213993
1 2.167086
1 2.166995
1 2.153133
1 2.153042
1 2.056998
1 2.056998
1 2.088629
1 2.088629
1 2.025937
1 2.026034
1 1.993018
1 1.993116
1 1.944608
1 1.944407
1 1.944608
1 1.946821
1 1.94672
1 1.870535
1 1.870535
1 1.779053
1 1.779383
1 1.725671
1 1.725557
1 1.708346
1 1.708346
1 1.719194
1 1.746413
1 1.746525
1 1.733929
1 1.734155
1 1.738663
1 1.738663
1 1.755577
1 1.755243
1 1.741025
1 1.74125
1 1.741138
1 1.458442
1 1.45871
1 13.11569
1 13.11565
1 1.231306
1 1.231306
1 1.247254
1 1.247097
1 1.243797
1 1.243955
1 1.243955
1 1.238911
1 1.238753
1 1.253826
1 1.253982
1 1.254606
1 1.254606
1 1.302361
1 1.302361
1 1.296941
1 1.29679
1 1.291952
1 1.291952
1 1.341151
1 1.341297
1 1.341297
1 1.354075
1 1.354075
1 1.305513
1 1.305513
1 1.313582
1 1.313582
1 1.300256
1 1.300407
1 1.317004
1 1.316855
1 1.331339
1 1.331192
1 1.315815
1 1.316261
1 1.316261
1 1.304613
1 1.304463
1 1.2986
1 1.2986
1 1.290437
1 1.290437
1 1.283747
1 1.284052
1 1.267023
1 1.263001
1 1.263001
1 1.237172
1 1.237172
1 1.172197
1 1.171863
1 1.133669
1 1.133669
1 1.123613
1 1.123787
1 1.129346
1 1.129692
1 1.174699
1 1.174532
1 1.202847
1 1.202847
1 1.188938
1 1.188938
1 1.160115
1 1.160284
1 1.190583
1 1.190583
1 1.16969
1 1.170025
1 1.16969
1 1.16969
1 1.141067
1 1.141239
1 1.084983
1 1.084803
1 1.084803
1 1.015293
1 1.015293
1 1.004831
1 1.004831
1 0.9528548
1 0.9526493
1 0.9164255
1 0.9168525
1 0.8866904
1 0.886911
1 0.8902143
1 0.8904341
1 0.8418618
1 0.8418618
1 0.8416294
1 0.8641139
1 0.8638874
1 0.8538629
1 0.8538629
1 0.8570652
1 0.8570652
1 0.8568369
1 0.8572935
1 0.8570652
1 0.8570652
1 0.858434
1 0.9071976
1 0.9071976
1 0.9389946
1 0.9394114
1 0.9616448
1 0.9612376
1 0.9555206
1 0.9555206
1 0.9571576
1 0.957362
1 0.9583834
1 0.9585876
1 0.9410763
1 0.9414921
1 0.9493572
1 0.9493572
1 0.9489449
1 0.964895
1 0.9650977
1 0.9437756
1 0.9435682
1 0.9659084
1 0.9655032
1 0.9587917
1 0.9587917
1 0.9470872
1 0.9470872
1 0.974179
1 0.9747815
1 0.9571576
1 1.009106
1 1.009106
1 1.0093
1 1.009494
1 1.021442
1 1.021633
1 26.22564
1 26.22569
1 26.18589
1 26.18587
1 26.17766
1 26.1777
1 26.17766
1 26.16061
1 26.16062
1 26.18282
1 26.18282
1 26.20195
1 26.20194
1 26.18256
1 26.18264
1 26.18685
1 26.18683
1 26.18683
1 26.20396
1 26.20399
1 25.94565
1 25.94561
1 36.20578
1 36.2058
1 32.13538
1 32.13535
1 27.95199
1 27.95198
1 3.605923
1 3.605815
1 3.605923
1 2.649889
1 2.649889
1 2.510844
1 2.51061
1 2.386878
1 2.386878
1 2.270986
1 2.271072
1 2.194993
1 2.194905
1 2.126148
1 2.09947
1 2.099284
1 25.61368
1 25.61371
1 12.56337
1 12.56332
1 12.5634
1 12.5634
1 12.56333
1 12.56335
1 12.56329
1 26.02625
1 26.02627
1 26.03549
1 26.03548
1 26.04044
1 26.04046
1 26.04045
1 0.329838
1 0.3292442
1 1.546237
1 1.545857
1 1.547628
1 1.547249
1 1.547249
1 1.547122
1 1.546869
1 1.568728
1 1.568728
1 1.607908
1 1.608152
1 1.600956
1 1.600711
1 1.59961
1 1.599733
1 1.59961
1 1.642825
1 1.642825
1 1.620637
1 1.620516
1 1.620516
1 1.620637
1 1.62305
1 1.62305
1 1.649363
1 1.649363
1 1.649363
1 1.715206
1 1.71532
1 1.662599
1 1.662599
1 1.660007
1 1.660243
1 1.582638
1 1.582885
1 1.616405
1 1.616405
1 1.550029
1 1.550029
1 1.560347
1 1.558214
1 1.558339
1 1.569601
1 1.569476
1 1.605838
1 1.605716
1 1.60876
1 1.608881
1 1.639128
1 1.639247
1 1.556329
1 1.55658
1 1.529951
1 1.529951
1 1.530079
1 1.57147
1 1.57147
1 1.496456
1 1.496456
1 1.496325
1 1.496325
1 1.448479
1 1.448479
1 1.440893
1 1.440893
1 1.440893
1 1.448749
1 1.448884
1 1.373731
1 1.373873
1 1.334862
1 1.334715
1 1.425052
1 1.424915
1 1.363149
1 1.363436
1 1.363436
1 1.418859
1 1.418721
1 1.466471
1 1.466337
1 1.484772
1 1.48464
1 1.484772
1 1.484772
1 1.579791
1 1.579791
1 1.720332
1 1.720446
1 1.641394
1 1.628107
1 1.628107
1 1.61822
1 1.617978
1 1.586466
1 1.586343
1 1.646394
1 1.646157
1 1.661186
1 1.66095
1 1.66095
1 1.66095
1 0.5570779
1 0.5567266
1 0.5574291
1 0.5478694
1 0.5478694
1 0.5308178
1 0.5311863
1 0.6351982
1 0.6342734
1 0.5043544
1 0.5055169
1 0.4727124
1 0.4722982
1 0.6100564
1 0.6100564
1 0.6884183
1 0.6884183
1 0.5818186
1 0.5814822
1 0.5821548
1 0.5392296
1 0.5392296
1 0.4849715
1 0.4845679
1 0.4092611
1 0.4092611
1 0.3226406
1 0.3220336
1 0.3316129
1 0.3310224
1 0.2825486
1 0.2839303
1 0.2859903
1 0.2853053
1 0.2859903
1 0.2306999
1 0.2306999
1 0.20842
1 0.2074791
1 0.2055842
1 0.2055842
1 0.1938267
1 0.1958353
1 0.2517883
1 0.2533378
1 0.2533378
1 0.2272819
1 0.2272819
1 0.254109
1 0.2556444
1 0.2741124
1 0.2733977
1 0.2987072
1 0.3006659
1 0.2967354
1 0.2940859
1 0.2825486
1 0.2825486
1 0.2967354
1 0.2954137
1 0.3045456
1 0.3064671
1 0.3051875
1 0.360452
1 0.3609945
1 0.3732531
1 0.373777
1 0.4379019
1 0.4383485
1 0.4597013
1 0.4601268
1 4.211381
1 4.211474
1 4.189327
1 4.189327
1 2.155767
1 2.155767
1 2.156039
1 2.155767
1 2.156039
3 17.96401
3 17.8389
3 17.5759
3 17.32437
3 17.16387
3 17.01551
3 17.14908
3 54.05074
3 51.4366
3 43.64102
3 43.52607
3 43.20704
3 43.20711
3 43.34478
3 58.65247
3 51.43654
3 42.56299
3 42.45544
3 42.38131
3 42.3551
3 51.4366
3 51.43657
3 51.43657
3 35.43895
3 18.4182
3 18.4252
3 18.30286
3 18.21675
3 28.88905
3 28.82853
3 28.82481
3 28.9061
3 28.97126
3 29.00519
3 29.00517
3 29.00513
3 29.00521
3 29.01853
3 29.01857
3 29.03834
3 29.03832
3 29.03836
3 29.08365
3 29.08359
3 29.08357
3 29.08361
3 29.1104
3 29.11037
3 51.43655
3 51.43651
3 51.43654
3 51.43657
3 20.01205
3 20.01191
3 20.08839
3 20.26714
3 20.26724
3 20.14048
3 20.14044
3 20.07067
3 20.07063
3 20.04643
3 20.04644
3 19.96294
3 19.96304
3 19.96297
3 19.91664
3 19.91664
3 19.89354
3 19.89356
3 34.77399
3 34.77398
3 51.43657
3 51.43655
3 29.79089
3 29.79095
3 29.7909
3 29.85144
3 29.85136
3 29.88636
3 29.88649
3 29.92258
3 29.92262
3 8.197884
3 8.197884
3 29.99016
3 29.99017
3 29.99012
3 29.99019
3 29.99013
3 29.99493
3 29.99496
3 30.1465
3 30.14652
3 30.20636
3 30.20628
3 30.20642
3 10.43519
3 10.43522
3 10.4024
3 10.4025
3 8.440571
3 8.440524
3 49.92071
3 49.92067
3 49.92065
3 32.82643
3 32.8265
3 14.16242
3 14.16238
3 12.12426
3 12.12423
3 12.27017
3 12.27011
3 12.30246
3 12.30248
3 12.45608
3 12.45603
3 12.45592
3 33.33495
3 33.33495
3 51.43655
3 51.43656
3 48.81495
3 48.81501
3 48.87017
3 48.87014
3 13.8395
3 13.83943
3 14.19974
3 14.19986
3 49.05171
3 49.0517
3 49.0517
3 31.80458
3 31.80459
3 31.98266
3 31.98274
3 31.98267
3 31.98268
3 31.9827
3 53.22429
3 53.2243
3 56.35278
3 56.35274
3 13.51571
3 13.51589
3 51.43655
3 51.43655
3 31.83232
3 31.83229
3 31.89617
3 31.89618
3 31.89621
3 31.74634
3 31.7464
3 31.62317
3 31.62317
3 31.59083
3 31.59076
3 31.59087
3 31.59081
3 31.63221
3 31.63226
3 31.63221
3 31.61009
3 31.61006
3 31.60996
3 31.60998
3 51.43655
3 51.43658
3 51.4366
3 51.43653
3 51.43655
3 51.43655
3 51.43657
3 51.43661
3 51.43659
3 51.43658
3 51.43657
3 37.64639
3 37.64643
3 37.64643
3 37.64634
3 37.64631
3 37.64639
3 37.82777
3 37.82777
3 37.82778
3 14.40929
3 14.40928
3 14.43736
3 14.43736
3 14.64765
3 14.64754
3 14.64769
3 15.57314
3 15.57309
3 15.57613
3 15.5761
3 48.28784
3 48.28785
3 48.28784
3 48.28783
3 46.66365
3 46.66364
3 46.66364
3 51.43657
3 51.43658
3 46.51519
3 46.51516
3 8.647927
3 8.64795
3 8.647837
3 8.647792
3 8.647859
3 5.786112
3 5.786248
3 4.866833
3 4.866793
3 4.786879
3 4.786757
3 4.786879
3 12.38631
3 12.38633
3 12.62472
3 12.62462
3 12.89971
3 12.89976
3 12.51807
3 12.51818
3 12.52527
3 12.5252
3 12.47348
3 12.47364
3 12.4735
3 36.88725
3 36.88726
3 16.1543
3 16.15426
3 16.21163
3 16.21169
3 16.30507
3 16.30502
3 16.49756
3 16.49764
3 18.72075
3 18.72063
3 18.7207
3 18.90949
3 18.90942
3 38.89251
3 38.89258
3 39.00507
3 39.00505
3 38.84457
3 38.84452
3 18.48576
3 18.48584
3 18.5113
3 18.51138
3 18.51126
3 18.34548
3 18.34547
3 38.55685
3 38.55682
3 38.55678
3 38.55339
3 38.55342
3 38.67443
3 38.67445
3 38.67441
3 38.7093
3 38.70931
3 38.71031
3 38.7103
3 38.7103
3 17.16951
3 17.1695
3 38.86026
3 38.8602
3 38.86027
3 38.86025
3 38.6384
3 38.63843
3 17.90509
3 17.905
3 17.9051
3 38.74682
3 38.74678
3 38.68517
3 38.68507
3 38.85962
3 38.85961
3 38.91164
3 38.91164
3 19.50566
3 19.72573
3 19.72574
3 19.80209
3 19.80201
3 19.67819
3 19.67826
3 19.65966
3 19.65978
3 19.65984
3 20.0726
3 20.07259
3 20.04835
3 20.04826
3 20.17768
3 20.1777
3 20.17762
3 20.31446
3 20.31462
3 39.28632
3 39.28642
3 39.44098
3 39.44099
3 39.25566
3 39.25566
3 20.4099
3 20.40975
3 20.40978
3 20.50004
3 20.49989
3 20.52099
3 20.52106
3 20.73876
3 20.73868
3 20.71123
3 20.7112
3 21.05663
3 21.05669
3 21.05655
3 21.01714
3 21.01708
3 20.98458
3 20.98465
3 20.96899
3 20.96914
3 20.83743
3 20.83753
3 20.8374
3 20.71666
3 20.71671
3 20.79001
3 20.79003
3 20.90026
3 20.90021
3 20.9889
3 20.98878
3 20.98891
3 21.03021
3 21.03029
3 40.06216
3 40.0622
3 40.00096
3 40.00098
3 20.86981
3 20.8698
3 20.65417
3 20.65412
3 20.65412
3 20.6273
3 20.62746
3 20.65064
3 20.65065
3 20.63299
3 20.63293
3 20.63304
3 20.63733
3 20.63734
3 20.60688
3 20.60691
3 20.6069
3 20.4635
3 20.46353
3 39.74947
3 39.74954
3 39.66808
3 39.66811
3 39.66818
3 39.77079
3 39.77084
3 39.96225
3 39.96222
3 20.01923
3 20.0192
3 40.07499
3 40.07496
3 39.89693
3 39.89684
3 39.89692
3 39.89688
3 39.89686
3 51.43661
3 51.43655
3 32.66276
3 32.66289
3 32.75536
3 32.75527
3 32.75536
3 32.75523
3 32.75529
3 32.71332
3 32.71336
3 32.7628
3 32.76272
3 32.76286
3 30.413
3 30.41286
3 5.898971
3 5.899004
3 51.43653
3 51.43659
3 51.43656
3 51.43658
3 51.43652
3 23.88585
3 23.88584
3 10.31723
3 10.31717
3 10.14152
3 10.14152
3 8.647541
3 8.647496
3 8.591921
3 8.501843
3 8.501728
3 8.465731
3 8.465778
3 8.460301
3 8.460324
3 8.281785
3 8.281857
3 8.281785
3 8.2888
3 8.28873
3 8.221082
3 8.221273
3 8.216854
3 8.21683
3 8.216926
3 30.34326
3 30.34326
3 30.30106
3 30.30117
3 30.30114
3 30.31443
3 30.31443
3 30.32805
3 30.32808
3 30.32811
3 30.32815
3 30.28416
3 30.28403
3 30.24518
3 30.2452
3 30.24527
3 30.2726
3 30.27269
3 30.27282
3 30.30676
3 30.3068
3 30.2986
3 30.29844
3 30.29849
3 30.26254
3 30.26267
3 30.26271
3 30.2627
3 30.26267
3 3.324665
3 3.3249
3 3.291345
3 3.291226
3 3.250223
3 3.250223
3 3.250163
3 3.242444
3 3.242625
3 3.220452
3 3.220209
3 3.219844
3 3.220087
3 3.178784
3 3.178846
3 3.162483
3 3.162422
3 3.16236
3 3.178353
3 3.178292
3 3.12136
3 3.121485
3 3.030605
3 3.03067
3 3.013829
3 3.013699
3 2.952738
3 2.952539
3 2.948359
3 2.948425
3 2.931646
3 2.93178
3 2.931713
3 2.990223
3 2.990157
3 2.955322
3 2.955322
3 2.931646
3 2.931379
3 2.966759
3 2.966759
3 2.915845
3 2.915711
3 2.937583
3 2.937783
3 2.937516
3 2.954461
3 2.954461
3 2.953069
3 2.952936
3 2.928573
3 2.92864
3 2.92884
3 2.941113
3 2.941046
3 2.936517
3 2.93645
3 2.949354
3 2.943707
3 2.943508
3 2.964119
3 2.964317
3 2.957375
3 2.957242
3 2.990681
3 2.990746
3 2.948226
3 2.948226
3 2.967353
3 2.967353
3 2.967155
3 2.901443
3 2.901308
3 2.901375
3 2.901308
3 2.892523
3 2.892456
3 2.890628
3 2.890492
3 2.940913
3 2.940913
3 2.940847
3 2.938849
3 2.938982
3 2.940114
3 2.940114
3 2.878616
3 2.878548
3 2.825423
3 2.825423
3 2.822928
3 2.82272
3 2.82279
3 2.759744
3 2.759673
3 2.748585
3 2.748585
3 2.692682
3 2.692609
3 2.685403
3 2.685403
3 2.685475
3 2.689773
3 2.6897
3 2.693045
3 2.692827
3 2.692973
3 2.692827
3 2.6929
3 2.707616
3 2.707832
3 2.681391
3 2.681172
3 2.650406
3 2.650627
3 2.650406
3 2.64012
3 2.64012
3 2.634554
3 2.634851
3 2.643158
3 2.643306
3 2.624877
3 2.625101
3 2.63975
3 2.639823
3 2.603087
3 2.603012
3 2.567426
3 2.567426
3 2.56735
3 2.587626
3 2.587475
3 2.647967
3 2.647893
3 2.638637
3 2.638489
3 2.640565
3 2.640491
3 2.637153
3 2.63693
3 2.637004
3 2.64138
3 2.641306
3 2.656602
3 2.656455
3 2.684601
3 2.684674
3 2.671151
3 2.671078
3 2.658885
3 2.658738
3 2.628827
3 2.62905
3 2.628901
3 2.662269
3 2.662269
3 2.650923
3 2.650996
3 2.632398
3 2.632696
3 2.632473
3 2.640491
3 2.640417
3 2.62689
3 2.62689
3 2.657412
3 2.65756
3 2.688098
3 2.688389
3 2.810488
3 2.810558
3 30.30786
3 30.30784
3 30.30777
3 30.3368
3 30.33681
3 30.33681
3 30.33679
3 30.40762
3 30.40774
3 30.38271
3 30.38271
3 30.3827
3 30.30997
3 30.30998
3 30.29745
3 30.29741
3 30.29749
3 30.25538
3 30.25543
3 30.25532
3 30.19388
3 30.19377
3 30.23078
3 30.2308
3 30.23087
3 30.23084
3 30.20765
3 30.20765
3 30.20758
3 30.18693
3 30.18705
3 30.19036
3 30.19032
3 30.19022
3 30.23268
3 30.23261
3 30.20993
3 30.20999
3 30.20984
3 30.20992
3 30.20992
3 30.13259
3 30.13255
3 30.17087
3 30.17082
3 30.18764
3 30.18764
3 30.18762
3 30.15472
3 30.15483
3 51.43653
3 51.43653
3 51.43662
3 51.43655
3 24.88605
3 24.88606
3 24.83814
3 24.83812
3 24.67438
3 24.67433
3 24.67432
3 24.67439
3 24.6744
3 30.18152
3 30.18165
3 23.74107
3 23.74108
3 56.26449
3 56.26449
3 47.17955
3 47.17954
3 2.720813
3 2.720813
3 2.721029
3 45.37218
3 45.3722
3 19.91709
3 19.91706
3 28.93734
3 28.93733
3 28.91347
3 28.91348
3 28.8454
3 28.84543
3 28.84543
3 47.03279
3 47.03288
3 47.01271
3 47.01282
3 47.0712
3 47.07122
3 47.0712
3 47.07124
3 47.07122
3 47.02623
3 47.02615
3 37.70149
3 37.70151
3 37.70153
3 40.7157
3 40.71562
3 37.70157
3 37.7015
3 37.70145
3 37.70146
3 28.83626
3 28.83625
3 28.83626
3 28.83628
3 28.8363
3 28.83628
3 28.75041
3 28.75041
3 28.75043
3 37.7015
3 37.7014
3 29.62874
3 29.62872
3 29.64
3 29.63996
3 29.63996
3 29.66352
3 29.66351
3 29.66349
3 29.66349
3 29.66351
3 29.66349
3 29.65964
3 29.65966
3 2.813203
3 2.813343
3 2.790848
3 2.779815
3 2.779885
3 2.781082
3 2.781152
3 2.733804
3 2.73366
3 2.749369
3 2.74944
3 2.774599
3 2.77467
3 2.708916
3 2.727639
3 2.727854
3 2.719014
3 2.71887
3 2.743667
3 2.743667
3 2.701608
3 2.701608
3 2.701608
3 2.756124
3 2.756266
3 2.694789
3 2.694644
3 2.624505
3 2.624355
3 2.566435
3 2.566359
3 2.595934
3 2.595858
3 2.653653
3 2.653506
3 2.653653
3 2.627337
3 2.627263
3 2.644935
3 2.645157
3 2.640491
3 2.640565
3 2.666677
3 2.666897
3 2.655349
3 2.655349
3 2.655423
3 2.656676
3 2.656676
3 2.61509
3 2.61509
3 2.623908
3 2.623908
3 2.594727
3 2.594501
3 2.651513
3 2.651587
3 2.651144
3 2.651366
3 2.651218
3 2.628305
3 2.628231
3 2.647006
3 2.647154
3 2.658738
3 2.658959
3 2.658885
3 2.667264
3 2.667338
3 2.626592
3 2.626443
3 2.635668
3 2.635594
3 2.630018
3 2.629869
3 2.566053
3 2.565977
3 2.535513
3 2.535513
3 2.483725
3 2.483647
3 2.483568
3 2.483804
3 2.483725
3 2.510844
3 2.510922
3 2.478598
3 2.478677
3 2.472272
3 2.472272
3 2.445446
3 2.445206
3 2.445446
3 2.41638
3 2.416299
3 2.455112
3 2.454952
3 2.382199
3 2.382035
3 2.352018
3 2.352102
3 2.329694
3 2.329694
3 2.345519
3 2.345519
3 2.345435
3 2.339837
3 2.33967
3 2.310798
3 2.310798
3 2.368603
3 2.36852
3 2.35027
3 2.350187
3 2.307832
3 2.308002
3 2.273484
3 2.273484
3 2.306475
3 2.306305
3 2.302228
3 2.302228
3 2.302313
3 2.275291
3 2.275549
3 2.239745
3 2.239745
3 2.205845
3 2.205934
3 2.166724
3 2.166995
3 2.159305
3 2.159486
3 2.159577
3 2.162203
3 2.162203
3 2.216467
3 2.216643
3 2.227126
3 2.227038
3 2.220877
3 2.220877
3 2.220877
3 2.256547
3 2.256634
3 2.231691
3 2.231603
3 2.271847
3 2.271675
3 2.289868
3 2.289611
3 2.277784
3 2.249075
3 2.248989
3 2.221582
3 2.221318
3 2.130746
3 2.130563
3 2.164013
3 2.163922
3 2.150677
3 2.150768
3 2.150586
3 2.176098
3 2.176188
3 2.196242
3 2.196331
3 2.223168
3 2.222992
3 2.268571
3 2.26883
3 2.264945
3 2.264945
3 2.264858
3 2.265463
3 2.265463
3 2.265463
3 2.26555
3 2.253335
3 2.253335
3 2.204336
3 2.204247
3 2.157763
3 2.157763
3 2.137166
3 2.137258
3 2.137258
3 2.103754
3 2.103754
3 2.155495
3 2.155404
3 2.113778
3 2.11387
3 2.0766
3 2.076506
3 2.076694
3 2.0766
3 2.08891
3 2.089004
3 2.150677
3 2.150768
3 2.143476
3 2.143567
3 2.143476
3 2.115536
3 2.115629
3 2.085159
3 2.085065
3 2.070654
3 2.070654
3 2.06933
3 2.069519
3 17.45305
3 17.45297
3 17.45299
3 17.46521
3 17.46517
3 17.4665
3 17.46645
3 17.4744
3 17.47434
3 17.4871
3 17.48705
3 17.49779
3 17.49784
3 17.47406
3 17.47409
3 17.47411
3 17.47999
3 17.47996
3 31.98036
3 31.98036
3 31.98038
3 31.98035
3 6.406279
3 6.40634
3 6.406371
3 35.50303
3 35.50304
3 26.18876
3 26.18874
3 2.280446
3 2.280704
3 2.300952
3 2.305116
3 2.304862
3 2.232919
3 2.233094
3 2.191156
3 2.191067
3 2.097419
3 2.097325
3 2.064217
3 2.064122
3 2.035671
3 2.035767
3 2.007889
3 2.007791
3 2.007986
3 2.008278
3 2.008473
3 2.012173
3 2.007206
3 2.007304
3 2.052426
3 2.052236
3 2.009837
3 2.009837
3 1.989873
3 1.990168
3 1.997726
3 1.997628
3 1.99753
3 1.973281
3 1.973479
3 1.973479
3 2.040376
3 2.040376
3 2.081025
3 2.081025
3 2.178705
3 2.178615
3 2.178525
3 2.182654
3 2.182744
3 2.154042
3 2.154132
3 2.085159
3 2.084971
3 2.034132
3 2.034132
3 2.034228
3 1.973975
3 1.973975
3 1.898367
3 1.898161
3 1.86624
3 1.866345
3 1.976353
3 1.976452
3 1.908136
3 1.908136
3 1.875758
3 1.875758
3 1.87774
3 1.877844
3 1.843238
3 1.842919
3 1.843238
3 1.843662
3 1.843662
3 1.88917
3 1.889066
3 1.953144
3 1.953244
3 1.962041
3 1.961942
3 1.950838
3 1.950737
3 1.862146
3 1.862251
3 1.850443
3 1.850443
3 1.850443
3 1.760253
3 1.760364
3 1.716688
3 1.716688
3 1.722265
3 1.722151
3 1.810241
3 1.810024
3 1.894859
3 1.894756
3 1.943702
3 1.943702
3 1.943501
3 1.972487
3 1.972388
3 1.941284
3 1.940981
3 1.914075
3 1.913973
3 1.899192
3 1.899089
3 1.899295
3 1.845042
3 1.844829
3 1.76414
3 1.76414
3 1.775309
3 1.775309
3 1.783886
3 1.783886
3 1.786627
3 1.786627
3 1.87701
3 1.87701
3 1.881696
3 1.881488
3 1.881696
3 1.916017
3 1.915915
3 1.976848
3 1.976848
3 1.985935
3 1.985837
3 2.011297
3 2.011297
3 2.037208
3 2.067911
3 2.068006
3 2.098351
3 2.098351
3 2.060421
3 2.060326
3 2.079426
3 2.079426
3 2.076788
3 2.076788
3 2.100123
3 2.100123
3 2.024101
3 2.024004
3 2.013242
3 2.013242
3 2.01334
3 1.976353
3 1.976254
3 1.8032
3 1.8032
3 1.803308
3 1.806019
3 1.806019
3 1.872939
3 1.862671
3 1.862566
3 1.90793
3 1.908033
3 1.907725
3 1.97942
3 1.979519
3 1.948529
3 1.948529
3 1.985837
3 1.985738
3 1.98268
3 1.98268
3 1.98268
3 1.930568
3 1.930568
3 1.934518
3 1.93472
3 1.934619
3 1.889998
3 1.889998
3 1.879407
3 1.879511
3 1.806019
3 1.806128
3 1.806019
3 1.792095
3 1.792205
3 1.767354
3 1.767465
3 1.773434
3 1.773323
3 1.758473
3 1.758362
3 1.777072
3 1.794169
3 1.794169
3 1.815638
3 1.815315
3 1.822523
3 1.822631
3 1.795587
3 1.795805
3 1.784654
3 1.784873
3 1.755354
3 1.755577
3 1.755354
3 1.724082
3 1.723969
3 1.700769
3 1.700884
3 1.674679
3 1.674796
3 1.674796
3 1.643658
3 1.643539
3 1.678064
3 1.678181
3 1.678181
3 1.712465
3 1.712694
3 1.718967
3 1.719081
3 1.745516
3 1.745516
3 1.745516
3 1.732913
3 1.7328
3 1.745852
3 1.74574
3 1.745628
3 1.779823
3 1.779713
3 1.80851
3 1.80851
3 1.80851
3 1.808185
3 1.807969
3 1.804176
3 1.804068
3 1.843662
3 1.843874
3 1.853613
3 1.853613
3 1.853508
3 18.03635
3 18.03642
3 18.07912
3 18.07903
3 18.0499
3 18.04983
3 18.06856
3 18.03733
3 18.03734
3 18.07611
3 18.07617
3 18.12877
3 18.12867
3 18.16858
3 18.16856
3 18.17821
3 18.17823
3 18.1369
3 18.13699
3 18.10035
3 6.492564
3 6.492503
3 36.07671
3 36.07671
3 44.77608
3 44.77609
3 13.50631
3 13.50632
3 13.65936
3 13.6594
3 13.62991
3 13.62995
3 13.63
3 13.63439
3 13.63439
3 0.985562
3 0.9857605
3 0.9456397
3 0.9456397
3 0.8880135
3 0.8882338
3 0.8882338
3 0.7576976
3 0.7579558
3 0.7579558
3 0.7574393
3 14.2595
3 14.25948
3 14.2596
3 1.578428
3 1.578304
3 14.23476
3 14.23469
3 14.24323
3 14.24323
3 1.192061
3 1.191897
3 1.191733
3 1.159441
3 1.159609
3 1.159778
3 1.159272
3 1.159609
3 1.159441
3 1.032682
3 1.032493
3 1.000733
3 1.000538
3 1.000733
3 0.9999508
3 0.9999508
3 0.9721684
3 0.9721684
3 0.9671232
3 0.9675278
3 0.9396197
3 0.939828
3 0.9396197
3 0.9306217
3 0.9304113
3 0.8996165
3 0.9000514
3 0.8970026
3 0.8970026
3 0.8448781
3 0.8451096
3 0.8897746
3 0.8897746
3 0.9206861
3 0.9323022
3 0.9325122
3 0.9479132
3 0.9475003
3 0.9373261
3 0.9375348
3 0.9285166
3 0.9285166
3 0.9356545
3 0.9358636
3 0.9360726
3 0.9362817
3 0.9358636
3 0.9479132
3 0.9481196
3 0.9414921
3 0.9419076
3 0.9127884
3 0.9127884
3 0.892629
3 0.8930672
3 0.9291486
3 0.9291486
3 0.9291486
3 0.9350269
3 0.9354453
3 0.8972207
3 0.8974388
3 0.8715547
3 0.8720036
3 0.8729007
3 0.8731248
3 0.873349
3 0.8577499
3 0.8572935
3 0.8645667
3 0.8645667
3 0.8645667
3 0.8527163
3 0.8531751
3 0.8742447
3 0.8744686
3 0.8858072
3 0.8862489
3 0.9170658
3 0.9172792
3 0.9174925
3 0.9681343
3 0.9683364
3 0.9863558
3 0.9867525
3 1.013943
3 1.01375
3 1.079197
3 1.079378
3 1.066795
3 1.066979
3 1.047171
3 1.047545
3 1.047171
3 1.042302
3 1.042489
3 1.050157
3 1.05053
3 1.034765
3 1.034197
3 0.993472
3 0.9932752
3 0.9932752
3 0.9918951
3 0.9916978
3 0.9547011
3 0.9549061
3 0.9283059
3 0.9278842
3 0.9280951
3 0.9366996
3 0.9366996
3 0.9052542
3 0.9054703
3 0.8780415
3 0.8784871
3 0.8902143
3 0.8904341
3 0.8711056
3 0.8717791
3 0.848345
3 0.8488063
3 0.8485757
3 0.8515682
3 0.8515682
3 0.8517979
3 0.8517979
3 0.8315719
3 0.8313365
3 0.8313365
3 0.7903101
3 0.7898148
3 0.7399282
3 0.7396637
3 0.7107937
3 0.7107937
3 0.7149112
3 0.7154584
3 0.7149112
3 0.7314168
3 0.7319516
3 0.7351527
3 0.7351527
3 0.7319516
3 0.7319516
3 0.7855918
3 0.7855918
3 0.7798419
3 0.7800927
3 0.7519946
3 0.751474
3 0.7225344
3 0.7222635
3 0.7225344
3 0.7033216
3 0.7027649
3 0.7138155
3 0.7135413
3 0.7486043
3 0.7491269
3 0.7459858
3 0.7457234
3 27.98226
3 27.95743
3 27.95745
3 27.96368
3 27.9637
3 27.98186
3 27.98189
3 27.96494
3 27.96493
3 27.97083
3 27.97084
3 27.95269
3 27.95269
3 27.92786
3 27.92786
3 27.92785
3 27.97299
3 27.97297
3 27.99245
3 27.99244
3 28.03403
3 28.03402
3 12.56327
3 12.56335
3 12.56333
3 12.56332
3 12.56337
3 12.5633
3 27.78595
3 27.78591
3 27.78595
3 27.7273
3 27.72733
3 3.449974
3 3.449747
3 3.44986
3 3.459495
3 3.459552
3 3.304286
3 3.304286
3 3.306774
3 3.306833
3 3.306774
3 3.312394
3 3.312453
3 3.276201
3 3.276261
3 3.219601
3 3.219357
3 3.219479
3 3.161121
3 3.160997
3 3.115207
3 3.11527
3 3.116778
3 3.116715
3 3.023685
3 3.023815
3 3.02375
3 2.962401
3 2.962203
3 2.911276
3 2.911411
3 2.896919
3 2.896919
3 2.886426
3 2.886358
3 2.874738
3 2.87467
3 2.854031
3 2.854099
3 2.854031
3 2.848951
3 2.849088
3 2.82667
3 2.826601
3 2.776715
3 2.776503
3 2.776644
3 2.802677
3 2.802747
3 2.769444
3 2.769232
3 2.751788
3 2.751859
3 2.707688
3 2.70776
3 2.675617
3 2.675691
3 2.675691
3 2.668145
3 2.668072
3 2.681537
3 2.681463
3 2.720021
3 2.719949
3 2.745664
3 2.745806
3 2.739312
3 2.739312
3 2.739383
3 2.77347
3 2.773611
3 2.772623
3 2.772694
3 2.784318
3 2.793723
3 2.793863
3 2.809444
3 2.809374
3 2.831237
3 2.831306
3 2.832619
3 2.832827
3 2.840142
3 2.840142
3 2.840211
3 2.815151
3 2.815151
3 2.811394
3 2.811394
3 2.825493
3 2.825423
3 2.804003
3 2.804073
3 2.807143
3 2.807004
3 2.807004
3 2.781856
3 2.781786
3 2.789866
3 2.789866
3 2.726132
3 2.72606
3 2.719878
3 2.719878
3 2.687079
3 2.687224
3 2.653653
3 2.653727
3 2.653801
3 2.625026
3 2.625026
3 2.61037
3 2.610445
3 2.542913
3 2.542913
3 2.553283
3 2.553206
3 2.530722
3 2.530799
3 2.530799
3 2.555735
3 2.555735
3 2.564985
3 2.565062
3 2.565062
3 2.572073
3 2.572073
3 2.570474
3 2.57055
3 2.586794
3 2.586945
3 2.586794
3 2.603688
3 2.603538
3 2.631655
3 2.631506
3 2.663519
3 2.663372
3 2.646784
3 2.64671
3 2.646784
3 2.619428
3 2.619278
3 2.60827
3 2.60842
3 2.595406
3 2.595406
3 2.591254
3 2.591254
3 2.586869
3 2.586794
3 2.566282
3 2.566282
3 2.566282
3 2.55895
3 2.558873
3 2.595556
3 2.595481
3 2.606544
3 2.606544
3 2.592614
3 2.592765
3 2.592689
3 2.572909
3 2.572985
3 2.57633
3 2.576179
3 2.570169
3 2.570169
3 2.527007
3 2.526929
3 2.53559
3 2.535667
3 2.509129
3 2.478203
3 2.478361
3 2.475911
3 2.476069
3 2.43759
3 2.43767
3 2.426
3 2.426161
3 2.426
3 2.422609
3 2.422689
3 2.454554
3 2.454554
3 2.40094
3 2.401022
3 2.40094
3 2.394328
3 2.394328
3 2.335567
3 2.335567
3 2.32692
3 2.327004
3 2.29891
3 2.298995
3 2.29038
3 2.290295
3 2.290124
3 2.292174
3 2.292174
3 2.31173
3 2.311815
3 2.319759
3 2.319759
3 2.314184
3 2.336824
3 2.336908
3 2.343933
3 2.3441
3 2.43003
3 2.430111
3 2.426
3 2.42608
3 2.426
3 2.426968
3 2.426968
3 2.457343
3 2.457502
3 2.472193
3 2.472193
3 2.472114
3 2.496695
3 2.496616
3 2.501629
3 2.501785
3 2.491436
3 2.491358
3 2.493007
3 2.49285
3 2.513571
3 2.513649
3 2.513727
3 2.520415
3 2.520337
3 2.511935
3 2.51178
3 2.508426
3 2.508504
3 2.530645
3 2.530645
3 2.530722
3 2.530722
3 2.530645
3 2.571007
3 2.571083
3 2.581643
3 2.581795
3 2.606844
3 2.606844
3 2.603087
3 2.589895
3 2.590045
3 2.569712
3 2.569712
3 2.521346
3 2.521424
3 2.51139
3 2.511468
3 2.527317
3 2.527084
3 2.527317
3 2.546528
3 2.546528
3 2.549678
3 2.549678
3 2.542759
3 2.542759
3 2.566359
3 2.566282
3 2.566282
3 2.553283
3 2.553053
3 2.564451
3 2.564375
3 2.562313
3 2.562389
3 2.562466
3 2.624505
3 2.62443
3 2.624654
3 2.624505
3 2.623385
3 2.623535
3 2.623385
3 2.640491
3 2.640565
3 2.669318
3 2.669245
3 2.656602
3 2.656602
3 2.694789
3 2.694571
3 2.614117
3 2.614042
3 2.614042
5 22.41389
5 22.41961
5 22.41947
5 22.41952
5 22.46531
5 22.46536
5 22.47405
5 22.47401
5 22.47419
5 22.49168
5 22.49173
5 22.50361
5 22.50356
5 22.50351
5 22.49141
5 22.49145
5 22.50418
5 22.50417
5 22.5422
5 22.54224
5 22.50748
5 22.46973
5 22.46969
5 34.09914
5 34.09909
5 34.09908
5 51.43655
5 51.43653
5 36.1349
5 36.13474
5 36.13483
5 51.4366
5 51.4366
5 51.43658
5 51.43663
5 51.43654
5 51.43657
5 51.43659
5 51.43663
5 51.43653
5 51.43656
5 4.770112
5 4.770071
5 29.70144
5 29.70145
5 51.43657
5 51.43654
5 51.43658
5 29.39624
5 29.39642
5 51.43653
5 51.43665
5 51.4366
5 51.43659
5 51.43655
5 29.17528
5 29.17533
5 29.17522
5 29.17524
5 29.17531
5 29.12737
5 29.1274
5 29.02568
5 29.02568
5 29.02565
5 28.91264
5 28.91263
5 28.73806
5 28.73811
5 28.73811
5 28.75676
5 28.75675
5 45.21038
5 45.21034
5 29.38575
5 29.38577
5 29.38576
5 29.38565
5 29.38577
5 29.43522
5 29.43521
5 29.43521
5 3.720418
5 3.72047
5 29.24253
5 29.24245
5 29.24263
5 29.24253
5 29.24258
5 29.28061
5 29.28064
5 29.2807
5 29.27856
5 29.27858
5 29.32759
5 29.32761
5 2.260707
5 2.26062
5 29.29874
5 29.29871
5 29.2987
5 29.29867
5 29.29873
5 29.28923
5 29.28934
5 29.28929
5 29.30256
5 29.30261
5 29.27487
5 29.27477
5 1.715662
5 1.715776
5 1.715776
5 1.709148
5 1.709033
5 1.689802
5 1.689918
5 1.694313
5 1.694544
5 1.694659
5 1.665422
5 1.665304
5 1.620396
5 1.620033
5 1.620154
5 1.620637
5 1.620637
5 1.670818
5 1.671052
5 1.670935
5 1.699848
5 1.699502
5 1.763918
5 1.763807
5 1.810889
5 1.810889
5 1.810889
5 29.2722
5 29.27222
5 29.26712
5 29.267
5 29.23711
5 29.23712
5 29.23714
5 29.2368
5 29.23689
5 29.24723
5 29.24724
5 2.485931
5 2.485931
5 2.485931
5 29.27065
5 29.27058
5 29.2095
5 29.20943
5 29.21694
5 29.21694
5 29.24471
5 29.24466
5 29.2447
5 29.21515
5 29.21519
5 29.24366
5 29.24363
5 29.23291
5 29.23286
5 29.23296
5 29.22494
5 29.22483
5 29.2021
5 29.20216
5 29.1932
5 29.19313
5 3.317119
5 3.31706
5 3.317178
5 3.304701
5 3.304701
5 3.249681
5 3.249621
5 3.249621
5 3.229436
5 3.229497
5 3.234646
5 3.234585
5 3.234585
5 3.164031
5 3.164031
5 3.130128
5 3.130128
5 3.089905
5 3.089905
5 3.089905
5 3.021419
5 3.021548
5 29.08915
5 29.08899
5 29.08913
5 29.08914
5 29.08915
5 24.84048
5 24.8405
5 29.12309
5 29.12292
5 29.12296
5 29.08983
5 29.08987
5 29.08987
5 29.0898
5 29.13604
5 29.1361
5 29.136
5 29.14477
5 29.14483
5 29.14474
5 29.14479
5 29.14469
5 29.153
5 29.15294
5 29.19109
5 29.1911
5 29.19105
5 29.12295
5 29.12285
5 32.99369
5 32.99376
5 32.99372
5 33.00928
5 33.00926
5 32.95922
5 32.9592
5 32.93964
5 32.93966
5 32.93972
5 32.90292
5 32.90286
5 32.80804
5 32.808
5 32.95134
5 32.95128
5 32.95132
5 32.92291
5 32.92293
5 32.88702
5 32.88699
5 32.887
5 32.82735
5 32.82736
5 32.83729
5 32.7765
5 32.77642
5 32.79674
5 32.79675
5 32.81482
5 32.81483
5 32.81473
5 32.84661
5 32.84656
5 32.84233
5 32.84236
5 32.84236
5 32.87061
5 32.8706
5 32.87064
5 32.85261
5 32.85264
5 32.82114
5 32.82117
5 32.82115
5 32.82635
5 32.8264
5 32.82637
5 32.82633
5 32.82633
5 32.82639
5 32.87468
5 32.87475
5 32.87468
5 32.86557
5 32.86561
5 32.83777
5 32.83774
5 32.83769
5 32.84045
5 32.84045
5 32.79909
5 32.79908
5 32.74402
5 32.74402
5 32.74409
5 32.77343
5 32.77343
5 32.72556
5 32.72553
5 32.71623
5 32.71619
5 32.71622
5 32.72074
5 32.72073
5 32.67855
5 32.67857
5 32.6786
5 32.71466
5 32.71467
5 32.77602
5 32.77605
5 32.79467
5 32.79462
5 32.79466
5 32.84568
5 32.84574
5 32.87457
5 32.87452
5 32.87453
5 32.88974
5 32.88975
5 32.90999
5 32.91005
5 32.90999
5 32.87442
5 32.87441
5 32.86617
5 32.86617
5 32.86613
5 32.89783
5 32.89785
5 32.80775
5 32.80779
5 32.79846
5 32.79844
5 32.79847
5 32.8223
5 32.82225
5 32.84246
5 32.84248
5 32.87768
5 32.87767
5 32.87772
5 32.89057
5 32.89055
5 32.93122
5 32.93124
5 32.96198
5 32.96559
5 32.9656
5 32.89371
5 32.89372
5 32.8701
5 32.87001
5 32.92159
5 32.94199
5 32.94203
5 32.90402
5 32.90406
5 32.96204
5 32.96202
5 32.96208
5 32.90337
5 32.90331
5 32.89262
5 32.89265
5 32.89027
5 32.89027
5 32.92436
5 32.92437
5 32.92439
5 32.97962
5 32.9796
5 32.97844
5 32.97844
5 33.0042
5 33.0042
5 32.92649
5 32.92647
5 32.92646
5 32.94329
5 32.94333
5 32.9373
5 32.93731
5 32.89286
5 32.89284
5 32.89281
5 32.86243
5 32.86245
5 32.82757
5 32.82754
5 32.82756
5 32.85355
5 32.85353
5 32.85772
5 32.85769
5 32.87373
5 32.87371
5 32.87367
5 32.8737
5 32.8737
5 32.86216
5 32.87843
5 32.87838
5 32.85746
5 32.85746
5 32.82588
5 32.8259
5 32.82591
5 32.81372
5 32.81369
5 32.8041
5 32.80416
5 32.82652
5 32.82653
5 32.82659
5 32.78893
5 32.78891
5 32.77379
5 32.77374
5 32.77375
5 32.772
5 32.772
5 32.78926
5 32.78922
5 32.78926
5 32.80165
5 32.80166
5 32.80107
5 32.8011
5 32.80493
5 32.80484
5 32.78448
5 32.78446
5 32.78448
5 32.80722
5 32.80724
5 32.76532
5 32.76527
5 32.7653
5 32.67972
5 32.6797
5 32.77688
5 32.77689
5 32.77687
5 32.75337
5 32.75339
5 32.78429
5 32.78424
5 32.78211
5 32.78207
5 32.79974
5 32.79977
5 32.79974
5 32.7504
5 32.75035
5 32.71529
5 32.71524
5 32.73299
5 32.73299
5 32.73297
5 32.70314
5 32.70317
5 32.66421
5 32.6642
5 32.67449
5 32.67455
5 32.70616
5 32.70618
5 32.70616
5 32.78107
5 32.78109
5 32.74017
5 32.74013
5 32.75072
5 32.75076
5 32.69276
5 32.65878
5 32.65882
5 32.66728
5 32.66732
5 32.66731
5 32.70518
5 32.70518
5 32.65371
5 32.65374
5 32.71521
5 32.71519
5 32.70428
5 32.70428
5 32.70423
5 32.66196
5 32.66193
5 32.63224
5 32.63222
5 32.62781
5 32.62782
5 32.6278
5 32.56577
5 32.56577
5 32.56568
5 32.69773
5 32.69773
5 32.59403
5 32.594
5 32.59402
5 32.40779
5 32.40781
5 32.39383
5 32.39384
5 59.7034
5 59.70341
5 59.70338
5 59.70153
5 59.70155
5 59.69783
5 59.69785
5 59.69784
5 30.27934
5 30.27931
5 30.2793
5 30.30522
5 30.30523
5 32.61848
5 32.61851
5 32.70414
5 32.70412
5 32.70416
5 32.68943
5 32.68944
5 32.55494
5 32.55493
5 32.57831
5 32.57837
5 32.57833
5 32.53069
5 32.53075
5 30.23764
5 30.23767
5 30.23766
5 30.18156
5 30.18158
5 30.21702
5 30.21709
5 30.21703
5 59.70399
5 59.70398
5 32.74795
5 32.74793
5 32.74796
5 32.77936
5 32.77936
5 32.76757
5 32.76761
5 32.78653
5 32.78652
5 32.73396
5 32.76915
5 32.76914
5 32.66572
5 32.66569
5 32.68232
5 32.6823
5 32.6823
5 32.75837
5 32.75837
5 32.83199
5 32.83196
5 32.82115
5 32.82113
5 32.82111
5 32.83886
5 32.83886
5 32.84419
5 32.84416
5 32.84423
5 32.86712
5 32.86708
5 32.86498
5 32.85646
5 32.85646
5 32.89336
5 32.89343
5 32.87191
5 32.87192
5 32.8595
5 32.85947
5 32.85951
5 32.88688
5 32.88685
5 32.82824
5 32.82827
5 32.82829
5 32.8469
5 32.84699
5 32.81733
5 32.81726
5 32.81726
5 32.83665
5 32.83661
5 32.76143
5 32.76141
5 32.82168
5 32.82171
5 32.82172
5 32.78365
5 32.78367
5 32.78525
5 32.78524
5 32.75817
5 32.75819
5 32.75819
5 32.75818
5 32.75819
5 32.8274
5 32.82744
5 32.82743
5 32.82678
5 32.82671
5 32.91218
5 32.91218
5 32.9196
5 32.95466
5 32.95467
5 32.93029
5 32.93029
5 32.94534
5 32.94532
5 32.94531
5 32.9987
5 32.99873
5 32.9548
5 32.9548
5 32.95485
5 32.94819
5 32.94817
5 32.94818
5 32.85221
5 32.85219
5 32.86092
5 32.86097
5 32.86091
5 59.8472
5 59.8472
5 59.85262
5 59.8526
5 59.85981
5 59.85979
5 59.85977
5 59.86007
5 59.86006
5 35.55006
5 35.55009
5 35.55007
5 35.06843
5 35.06845
5 35.0684
5 35.06842
5 35.06841
5 59.85375
5 59.85376
5 59.85377
5 29.45791
5 29.45791
5 29.01431
5 29.01432
5 28.99476
5 32.40656
5 32.40664
5 32.39902
5 32.39904
5 32.37781
5 32.37788
5 32.31541
5 32.31546
5 32.31544
5 32.31859
5 32.31858
5 32.24859
5 32.24861
5 32.24861
5 32.16179
5 32.16173
5 32.13505
5 32.13507
5 32.10055
5 32.10058
5 32.06412
5 32.06419
5 32.06416
5 32.05959
5 32.05956
5 32.05956
5 32.05952
5 32.01143
5 32.01141
5 32.01142
5 33.24636
5 33.24633
5 6.458011
5 6.45786
5 6.474689
5 6.474629
5 6.47472
5 6.472115
5 6.472145
5 6.402942
5 6.402942
5 6.402942
5 6.324682
5 6.324558
5 33.10559
5 33.10562
5 33.10559
5 33.05278
5 33.05268
5 33.01486
5 33.01488
5 33.01472
5 33.01623
5 33.01628
5 33.01632
5 33.01629
5 33.01636
5 24.4488
5 24.44878
5 24.45808
5 24.45808
5 32.94386
5 32.94373
5 32.94384
5 32.94382
5 32.94378
5 32.94382
5 32.89627
5 32.89632
5 32.89845
5 32.89843
5 32.8985
5 32.87754
5 32.87765
5 32.86591
5 32.86577
5 32.92312
5 32.9232
5 32.92324
5 32.88469
5 32.8847
5 32.8847
5 32.88466
5 32.86628
5 32.86625
5 32.86625
5 32.83047
5 32.83041
5 32.81152
5 32.81162
5 4.813121
5 4.813243
5 4.81304
5 4.740451
5 4.740575
5 4.722815
5 4.722939
5 4.723022
5 4.803424
5 4.803424
5 4.929865
5 4.929746
5 4.953098
5 4.95294
5 4.953059
5 4.975002
5 4.975081
5 4.975121
5 4.889363
5 4.889403
5 4.926924
5 4.927003
5 5.091815
5 5.091891
5 5.091699
5 5.068713
5 5.068558
5 5.010476
5 5.010358
5 5.047293
5 5.047293
5 5.04706
5 5.065156
5 5.065156
5 5.06504
5 5.04065
5 5.040495
5 5.063725
5 5.063763
5 5.063802
5 5.019851
5 5.019969
5 5.102078
5 5.101924
5 4.970314
5 4.970235
5 4.988099
5 4.98802
5 4.988216
5 4.934989
5 4.935029
5 4.93483
5 4.946171
5 4.94625
5 4.889804
5 4.889924
5 4.912987
5 4.928395
5 4.928395
5 4.987784
5 4.987667
5 4.979057
5 4.979057
5 4.985859
5 4.986016
5 4.985898
5 4.971772
5 4.971693
5 5.008794
5 5.008794
5 5.008794
5 4.992496
5 4.992417
5 4.965069
5 4.965187
5 4.965147
5 32.79807
5 32.79806
5 32.83039
5 32.83044
5 32.83036
5 32.83033
5 32.83036
5 32.85345
5 32.85337
5 32.78963
5 32.78957
5 32.78955
5 32.76247
5 32.76244
5 32.79748
5 32.79752
5 32.79748
5 32.79748
5 32.79753
5 32.79241
5 32.79246
5 32.81965
5 32.81966
5 32.81964
5 32.7857
5 32.78571
5 32.78932
5 32.78922
5 32.80843
5 32.76243
5 32.76247
5 32.76245
5 32.70726
5 32.70724
5 32.651
5 32.65101
5 32.65002
5 32.65005
5 32.65006
5 32.64262
5 32.64263
5 32.63102
5 32.63103
5 32.60524
5 32.60526
5 32.60519
5 32.62597
5 32.62592
5 32.58219
5 32.58214
5 32.58218
5 32.58216
5 32.58217
5 32.58215
5 32.58216
5 32.58724
5 32.58725
5 32.58723
5 32.56486
5 32.56485
5 32.5649
5 32.53353
5 32.53349
5 32.50987
5 32.50989
5 32.4711
5 32.47113
5 32.47197
5 32.47195
5 32.47195
5 32.43637
5 32.43636
5 32.40617
5 32.4062
5 32.40617
5 32.41582
5 32.41579
5 32.39452
5 32.39451
5 32.40122
5 32.41749
5 32.41748
5 32.41161
5 32.41162
5 32.44214
5 32.44209
5 32.44213
5 32.43577
5 32.43577
5 32.44997
5 32.44999
5 32.44995
5 32.4497
5 32.44971
5 32.46196
5 32.46199
5 32.46198
5 32.45995
5 32.45992
5 32.44619
5 32.44623
5 32.48756
5 32.48758
5 32.4876
5 32.49222
5 32.49222
5 32.48002
5 32.48003
5 32.48004
5 32.47696
5 32.47696
5 32.4906
5 32.49061
5 32.4879
5 32.50161
5 32.50163
5 9.92349
5 9.92345
5 9.92349
5 9.942377
5 9.942239
5 9.927967
5 9.927967
5 32.96766
5 32.9676
5 32.96759
5 32.91526
5 32.91512
5 32.9376
5 32.93764
5 32.93751
5 32.91819
5 32.91823
5 32.97003
5 32.9701
5 32.98309
5 32.98315
5 32.98309
5 32.98315
5 32.98308
5 32.96449
5 32.96455
5 32.96984
5 32.96992
5 32.96987
5 32.94396
5 32.944
5 32.94392
5 32.9439
5 32.944
5 32.96824
5 32.96817
5 33.01561
5 33.01568
5 33.01564
5 33.01561
5 33.0156
5 32.94934
5 32.94934
5 33.14149
5 33.1415
5 33.14137
5 33.0841
5 33.08406
5 33.12795
5 33.1279
5 33.12798
5 6.699049
5 6.69902
5 6.698874
5 6.717
5 6.717088
5 33.22562
5 33.22564
5 33.22558
5 33.33563
5 33.33554
5 29.97977
5 29.97982
5 29.79916
5 29.79912
5 29.79922
5 29.79918
5 29.79919
5 51.43655
5 51.43657
5 29.89777
5 29.89771
5 29.8977
5 29.91978
5 29.91983
5 29.84238
5 29.84239
5 29.84232
5 29.73798
5 29.73791
5 29.60031
5 29.60035
5 29.60051
5 29.60039
5 29.54102
5 29.54111
5 29.54119
5 29.46734
5 29.46738
5 29.43556
5 29.43558
5 29.42454
5 29.42455
5 29.42467
5 29.48338
5 29.48318
5 29.47591
5 29.47597
5 29.48913
5 29.48925
5 29.48268
5 29.48278
5 29.48278
5 29.41569
5 29.41571
5 29.37239
5 29.37226
5 1.792205
5 1.792095
5 1.782789
5 1.754797
5 1.754462
5 1.799289
5 1.799506
5 1.767908
5 1.767908
5 1.768018
5 1.814344
5 1.814452
5 1.837921
5 1.837708
5 1.802006
5 1.801788
5 1.801571
5 1.796023
5 1.795696
5 1.783886
5 1.784106
5 1.783996
5 1.783996
5 1.784106
5 1.745852
5 1.745852
5 1.769899
5 1.769678
5 1.769789
5 1.810997
5 1.811321
5 1.823597
5 1.823597
5 1.860989
5 1.8612
5 1.861094
5 1.915097
5 1.914995
5 1.914586
5 1.914484
5 1.980507
5 1.980409
5 1.980211
5 1.931176
5 1.931278
5 1.931278
5 1.977442
5 1.977541
5 1.974371
5 1.974173
5 2.006523
5 2.006523
5 2.006328
5 2.021779
5 2.021876
5 1.993411
5 1.993705
5 1.993509
5 1.962739
5 1.962839
5 1.918263
5 1.918161
5 1.964434
5 1.964235
5 1.964235
5 1.957847
5 1.957847
5 1.963736
5 1.963936
5 1.963836
5 1.955547
5 1.955647
5 2.017612
5 2.017709
5 2.145849
5 2.145757
5 2.145757
5 2.11174
5 2.111925
5 2.127437
5 2.127345
5 2.127345
5 2.219379
5 2.219467
5 2.219379
5 2.242365
5 2.242103
5 2.235109
5 2.235109
5 45.61316
5 45.61316
5 45.61314
5 45.59719
5 45.59717
5 45.61427
5 45.61423
5 2.171687
5 2.171507
5 2.171687
5 2.08375
5 2.083844
5 2.009447
5 2.009447
5 2.009447
5 2.016448
5 2.016642
5 1.910186
5 1.910288
5 1.910084
5 1.82842
5 1.82842
5 1.840262
5 1.840262
5 1.840156
5 1.785202
5 1.785202
5 1.842388
5 1.842388
5 1.842494
5 1.892895
5 1.892895
5 1.948529
5 1.948529
5 1.948428
5 2.001152
5 2.001152
5 1.994687
5 1.994785
5 1.916221
5 1.916425
5 1.916221
5 1.948328
5 1.948228
5 2.003986
5 2.004084
5 1.954146
5 1.953945
5 1.954045
5 1.954146
5 1.954045
5 29.24302
5 29.24309
5 29.24302
5 42.94537
5 42.94529
5 42.80688
5 42.80689
5 42.80676
5 42.96336
5 42.96332
5 42.96335
5 42.96326
5 43.07721
5 43.07716
5 43.07721
5 51.43657
5 51.43657
5 29.2259
5 29.22598
5 29.22601
5 29.2559
5 29.25598
5 29.25598
5 29.25597
5 29.25588
5 30.79667
5 30.79668
5 43.23134
5 43.23138
5 29.27326
5 29.27325
5 29.27331
5 1.143466
5 1.143808
5 1.150291
5 1.150291
5 1.15012
5 1.13832
5 1.137976
5 1.147736
5 1.147906
5 1.170025
5 1.169858
5 1.16969
5 1.238121
5 1.238121
5 1.250701
5 1.250388
5 1.250544
5 1.283594
5 1.283594
5 1.256943
5 1.257099
5 1.26625
5 1.266405
5 1.266405
5 1.288464
5 1.28816
5 1.28816
5 1.354653
5 1.354797
5 1.25523
5 1.25523
5 1.255074
5 1.219167
5 1.219007
5 1.209337
5 1.209337
5 1.209175
5 1.230193
5 1.230352
5 1.18068
5 1.181012
5 29.28598
5 29.28597
5 29.286
5 29.31586
5 29.31593
5 29.32297
5 29.32312
5 29.31679
5 29.31671
5 29.31669
5 29.32621
5 29.32622
5 29.36005
5 29.36009
5 29.36005
5 29.36006
5 29.30659
5 29.30665
5 29.30653
5 29.29712
5 29.29718
5 29.32322
5 29.32319
5 29.32203
5 29.32203
5 29.32207
5 29.2822
5 29.28216
5 29.23829
5 29.23827
5 29.23835
5 29.20342
5 29.20342
5 29.21184
5 29.21178
5 29.21862
5 29.21857
5 29.21858
5 29.24491
5 29.24485
5 29.2639
5 29.26405
5 29.25714
5 29.25702
5 29.25708
5 29.27496
5 29.27489
5 29.27577
5 29.27581
5 29.30955
5 29.30947
5 29.3094
5 29.32322
5 29.32329
5 29.33541
5 29.33537
5 29.34421
5 29.34425
5 29.3187
5 29.31881
5 29.31876
5 29.34211
5 29.3419
5 29.38224
5 29.38224
5 29.39179
5 29.39191
5 29.39176
5 29.39187
5 29.39191
5 29.41991
5 29.41987
5 29.46637
5 29.46643
5 29.46634
5 29.46639
5 29.46631
5 29.45015
5 29.45019
5 29.45014
5 29.46733
5 29.46725
5 29.40765
5 29.40762
5 29.40744
5 29.40765
5 29.4076
5 29.40835
5 29.40836
5 29.43486
5 29.43484
5 29.43479
5 29.43481
5 29.43482
5 29.42935
5 29.42939
5 29.43129
5 29.43125
5 29.43133
5 29.47585
5 29.47589
5 29.47591
5 1.52675
5 1.52675
5 29.41005
5 29.41005
5 29.4099
5 29.45536
5 29.45543
5 3.290036
5 3.289917
5 29.45379
5 29.45384
5 29.45375
5 29.43988
5 29.43989
5 29.43207
5 29.43203
5 29.43215
5 29.40947
5 29.40953
5 29.42661
5 29.42659
5 29.42661
5 1.143808
5 1.143979
5 29.42968
5 29.4297
5 29.44605
5 29.44608
5 29.44597
5 29.44603
5 29.44609
5 0.8182884
5 0.8180492
5 0.798684
5 0.7981939
5 0.7981939
5 29.39103
5 29.39098
5 3.060559
5 3.060622
5 3.060431
5 29.42205
5 29.42189
5 1.485431
5 1.485299
5 1.50298
5 1.50285
5 1.50298
5 1.520585
5 1.520456
5 1.583997
5 1.584368
5 1.584121
5 1.595936
5 1.596059
5 1.663188
5 1.663423
5 1.663423
5 1.797656
5 1.797221
5 1.751671
5 1.751671
5 1.751783
5 1.755912
5 1.756023
5 1.731331
5 1.731445
5 1.72147
5 1.72147
5 1.721697
5 1.726011
5 1.725897
5 1.761809
5 1.762031
5 1.762031
5 1.718397
5 1.718283
5 1.736636
5 1.736749
5 1.7491
5 1.748764
5 1.748876
5 1.787503
5 1.787394
5 1.8097
5 1.809916
5 1.809916
5 1.792205
5 1.792205
5 1.78597
5 1.786189
5 1.8032
5 1.802983
5 1.802983
5 1.777842
5 1.777842
5 1.777952
5 1.831628
5 1.8312
5 1.8097
5 1.8097
5 1.838879
5 1.83856
5 1.838879
5 1.885644
5 1.885748
5 1.894859
5 1.895065
5 1.900119
5 1.900119
5 1.900119
5 1.872312
5 1.872626
5 1.877114
5 1.877219
5 1.87701
5 1.905775
5 1.905775
5 1.896923
5 1.89713
5 1.897026
5 1.89713
5 1.896923
5 1.897026
5 1.896923
5 1.839943
5 1.84005
5 1.813481
5 1.813697
5 1.813697
5 1.782679
5 1.78257
5 1.817362
5 1.817254
5 1.817146
5 1.766911
5 1.766911
5 1.766357
5 1.766357
5 1.854563
5 1.854458
5 1.900119
5 1.960145
5 1.960245
5 1.986034
5 1.985935
5 1.984654
5 1.984752
5 1.984555
5 1.989086
5 1.988889
5 1.985147
5 1.984949
5 1.992232
5 1.992232
5 1.980804
5 1.980903
5 1.992527
5 1.992723
5 1.992723
5 2.006719
5 2.006621
5 2.011589
5 2.011395
5 2.060516
5 2.060326
5 2.060421
5 1.975759
5 1.975759
5 2.126885
5 2.127069
5 2.126701
5 2.165911
5 2.165911
5 2.165911
5 2.173939
5 2.173849
5 2.00935
5 2.009253
5 2.107565
5 2.107751
5 29.44093
5 29.44094
5 29.44092
5 29.44846
5 29.44851
5 29.44965
5 29.44957
5 29.44963
5 29.53989
5 29.53991
5 29.53992
5 29.53984
5 29.68283
5 29.71521
5 29.71512
5 29.69789
5 29.6979
5 29.69799
5 29.68925
5 29.68929
5 4.817719
5 4.817678
5 44.21045
5 44.21046
5 44.21049
5 8.621951
5 8.621906
5 8.577048
5 8.577095
5 8.577095
5 8.631287
5 8.6314
5 32.60617
5 32.60622
5 32.60627
5 32.49238
5 32.49243
5 32.3853
5 32.38539
5 32.89466
5 32.89455
5 32.89462
5 30.85245
5 30.85257
5 30.85249
5 30.85249
5 31.04351
5 31.04354
5 31.04361
5 5.172559
5 5.172559
5 5.196218
5 5.196256
5 5.196256
5 5.224948
5 5.225023
5 5.268791
5 5.268828
5 5.268828
5 5.304891
5 5.304817
5 5.326382
5 5.326272
5 5.34808
5 5.34808
5 5.34808
5 5.439776
5 5.439704
5 5.515159
5 5.51523
5 5.515123
5 5.529637
5 5.529637
5 5.54786
5 5.54786
5 5.547789
5 5.561619
5 5.56169
5 5.623959
5 5.623959
5 5.623993
5 5.611051
5 5.611015
5 5.636908
5 5.636873
5 5.664343
5 5.664309
5 5.664274
5 44.77412
5 44.7741
5 23.2248
5 23.2248
5 23.2248
5 23.22476
5 23.22479
5 44.74401
5 44.744
5 44.69648
5 44.69649
5 44.69648
5 44.69902
5 44.69901
5 44.70706
5 44.70703
5 44.70408
5 44.70408
5 44.70409
5 1.91714
5 1.91714
5 1.933101
5 1.933202
5 1.933202
5 2.092841
5 2.092748
5 2.124214
5 2.123938
5 2.124122
5 44.71027
5 44.71029
5 9.536134
5 9.536113
5 25.40866
5 25.40867
5 25.40862
5 29.47816
5 29.47806
5 45.5876
5 45.58765
5 45.58749
5 40.43746
5 40.43755
5 40.32821
5 40.32815
5 40.32821
5 29.46396
5 29.46389
5 29.46954
5 29.46958
5 29.46952
5 29.48075
5 29.48084
5 29.46867
5 29.46861
5 29.46869
5 29.46866
5 29.46879
5 29.50689
5 29.50697
5 29.46879
5 29.46874
5 29.46866
5 29.4687
5 29.46875
5 29.48684
5 29.48683
5 29.48771
5 29.48769
5 29.48757
5 51.4366
5 51.43661
5 51.43612
5 51.43614
5 51.43611
5 27.4284
5 27.42839
5 51.43659
5 51.43658
5 29.35098
5 29.35102
5 29.35096
5 29.41375
5 29.41374
5 29.41898
5 29.4189
5 29.41888
5 29.41899
5 29.41893
5 29.43083
5 29.43081
5 29.44452
5 29.44447
5 29.44452
5 5.326051
5 5.326014
5 5.325977
5 29.31416
5 29.31415
5 5.5777
5 5.57777
5 5.5777
5 5.587179
5 5.587179
5 5.631272
5 5.631446
5 5.67233
5 5.672296
5 5.702277
5 5.702277
5 5.702311
5 5.712853
5 5.712682
5 5.743989
5 5.743989
5 5.743989
5 5.742112
5 5.74218
5 5.742146
5 5.742146
5 5.742146
5 5.716763
5 5.716866
5 5.716832
5 5.669911
5 5.669842
5 5.662093
5 5.662093
5 5.670014
5 5.670014
5 5.66998
5 5.689511
5 5.689442
5 5.697704
5 5.697704
5 5.697669
5 5.697704
5 5.697704
5 5.617473
5 5.617508
5 5.586091
5 5.586126
5 5.586056
5 29.40002
5 29.40006
5 29.40002
5 29.40014
5 29.38656
5 29.41055
5 29.41064
5 29.4383
5 29.43842
5 29.4384
5 29.4384
5 29.41137
5 29.41142
5 29.41135
5 29.43755
5 29.43756
5 29.43756
5 29.43789
5 29.43797
5 29.42219
5 29.42221
5 29.42215
5 29.42228
5 29.42221
5 29.46311
5 29.46307
5 29.46318
5 29.46313
5 29.46304
5 29.44678
5 29.4466
5 29.43484
5 29.43495
5 29.43489
5 5.714294
5 5.714328
5 29.44659
5 29.44663
5 29.44667
5 29.38564
5 29.38557
5 29.40523
5 29.40514
5 29.41468
5 29.41469
5 29.41478
5 29.41471
5 29.41465
5 29.39279
5 29.39269
5 29.39279
5 5.19437
5 5.194446
5 33.82711
5 33.82708
5 33.82709
5 33.81575
5 33.81573
5 33.72868
5 33.72871
5 33.65181
5 33.65184
5 33.65178
5 33.65897
5 33.65892
5 33.63109
5 33.63111
5 33.63974
5 33.63974
5 33.63974
5 33.6397
5 33.63977
5 33.65944
5 33.65944
5 33.65942
5 33.6399
5 33.63993
5 33.52908
5 33.52901
5 33.52906
5 29.58156
5 29.58176
5 29.62395
5 29.62396
5 29.62401
5 29.62404
5 29.62404
5 29.58645
5 29.58645
5 29.56834
5 29.56832
5 29.56833
5 29.52516
5 29.52502
5 29.41959
5 29.41967
5 29.4197
5 29.41976
5 29.41975
5 29.43225
5 29.43222
5 29.43657
5 29.43657
5 29.44274
5 29.44279
5 29.44272
5 29.43616
5 29.43616
5 29.43617
5 29.46094
5 29.46089
5 29.46096
5 29.46094
5 29.46104
5 29.45426
5 29.45426
5 29.45479
5 29.45462
5 29.45457
5 29.45467
5 29.45478
5 1.022973
5 1.023355
5 1.041175
5 1.041362
5 1.041175
5 1.130212
5 1.130385
5 1.16634
5 1.166675
5 1.166675
5 1.235747
5 1.235747
5 1.348427
5 1.348427
5 1.450909
5 1.451043
5 1.451043
5 1.543703
5 1.543576
5 1.445639
5 1.445233
5 1.503371
5 1.503241
5 1.503371
5 1.529055
5 1.529055
5 1.55972
5 1.559845
5 1.559971
5 1.554315
5 1.554315
5 1.561726
5 1.561726
5 1.561851
5 1.552552
5 1.552678
5 1.530974
5 1.530974
5 1.547502
5 1.547375
5 1.547502
5 1.569975
5 1.570224
5 1.475252
5 1.475119
5 1.475119
5 1.474721
5 1.474588
5 1.433131
5 1.433131
5 1.433404
5 1.416927
5 1.416927
5 1.385928
5 1.385504
5 1.385786
5 1.404581
5 1.404721
5 1.459917
5 1.459917
5 1.480548
5 1.480548
5 1.494624
5 1.494624
5 1.494624
5 29.48637
5 29.48646
5 1.101096
5 1.101096
5 1.101273
5 3.259246
5 3.259426
5 29.43184
5 29.43194
5 29.44323
5 29.44322
5 29.44317
5 29.45923
5 29.45926
5 29.48781
5 29.48792
5 29.48786
5 29.48974
5 29.48982
5 29.48933
5 29.48932
5 29.48935
5 29.52091
5 29.52091
5 29.53727
5 29.53729
5 29.5373
5 29.53726
5 29.53733
5 29.54424
5 29.54437
5 29.54436
5 29.55515
5 29.55513
5 29.54051
5 29.54049
5 29.54057
5 29.56375
5 29.56375
5 29.57236
5 29.57234
5 29.57247
5 29.58008
5 29.58012
5 29.59459
5 29.59462
5 29.59463
5 29.5947
5 1.415269
5 1.41513
5 1.414992
5 1.415683
5 1.415822
5 1.493314
5 1.493052
5 1.49279
5 1.486879
5 1.486748
5 1.495933
5 1.495933
5 1.495671
5 1.54459
5 1.544337
5 1.490954
5 1.491085
5 1.490822
5 1.493445
5 1.493445
5 1.448614
5 1.448479
5 1.429166
5 1.429303
5 1.429303
5 1.472198
5 1.472331
5 1.429576
5 1.429576
5 1.429713
5 1.407921
5 1.407921
5 1.324117
5 1.324117
5 1.324265
5 1.329721
5 1.329868
5 1.313135
5 1.313284
5 1.270262
5 1.270416
5 1.270262
5 1.275489
5 1.275489
5 1.265168
5 1.265168
5 1.26083
5 1.26083
5 1.260985
5 1.213698
5 1.214182
5 1.242696
5 1.242696
5 1.242853
5 1.228282
5 1.228442
5 1.227167
5 1.227326
5 1.265941
5 1.270108
5 1.270108
5 1.266096
5 1.265632
5 1.265632
5 1.247724
5 1.247568
5 1.255542
5 1.255386
5 1.255074
5 1.294222
5 1.294373
5 1.358691
5 1.358691
5 1.358547
5 1.303863
5 1.303713
5 1.317153
5 1.316855
5 1.390439
5 1.390439
5 1.390579
5 1.404999
5 1.404999
5 1.459381
5 1.459649
5 1.459515
5 1.459515
5 1.459515
5 1.459381
5 1.459381
5 1.496456
5 1.496587
5 1.512455
5 1.512714
5 1.565981
5 1.566106
5 1.597652
5 1.597407
5 1.597529
5 1.562853
5 1.562478
5 1.570722
5 1.570971
5 29.70771
5 29.70755
5 29.71692
5 29.71697
5 29.71696
5 29.69016
5 29.69016
5 29.68488
5 29.68488
5 29.6576
5 29.65755
5 29.65745
5 29.67559
5 29.67548
5 29.6848
5 29.68486
5 5.52329
5 5.523219
5 5.523396
5 5.503634
5 5.503563
5 29.65695
5 29.65686
5 29.65702
5 29.6679
5 29.66781
5 29.64134
5 29.64145
5 29.64134
5 29.6427
5 29.64263
5 29.632
5 29.63209
5 29.63468
5 29.63475
5 29.63465
5 29.6202
5 29.6201
5 29.63347
5 29.63343
5 29.63352
5 29.64031
5 29.64028
5 29.64037
5 29.6169
5 29.61689
5 5.379426
5 5.379353
5 29.65844
5 29.65824
5 29.65839
5 29.66101
5 29.66094
5 29.64477
5 29.64478
5 29.65107
5 29.65111
5 29.65117
5 29.6657
5 29.66577
5 29.65872
5 29.65864
5 29.65874
5 29.6801
5 29.68012
5 29.67735
5 29.67746
5 29.67746
5 29.70855
5 29.70856
5 29.69329
5 29.69327
5 29.69137
5 29.69136
5 29.69134
5 29.72181
5 29.72186
5 29.74281
5 29.74288
5 29.74231
5 29.74225
5 29.74222
5 29.74225
5 29.74216
5 29.77535
5 29.77541
5 29.77529
5 29.78226
5 29.78214
5 29.79469
5 29.79463
5 29.7945
5 29.79459
5 29.79466
5 29.78591
5 29.78589
5 29.8207
5 29.8206
5 29.82786
5 29.82791
5 29.8279
5 29.78996
5 29.79001
5 29.79001
5 29.81238
5 29.81243
5 29.81244
5 29.79663
5 29.79664
5 29.77837
5 29.77842
5 29.77847
5 29.79752
5 29.79758
5 29.77021
5 29.77031
5 29.76253
5 29.76262
5 29.76961
5 29.76968
5 29.76958
5 29.78616
5 29.78611
5 3.891437
5 3.891387
5 3.891437
5 3.778542
5 3.778439
5 3.714202
5 3.714307
5 3.755619
5 3.755723
5 3.755619
5 3.772786
5 3.772786
5 3.783928
5 3.783928
5 3.748835
5 3.748731
5 3.748783
5 3.741411
5 3.741463
5 3.709032
5 3.708979
5 3.708979
5 3.699253
5 3.699306
5 3.654253
5 3.654199
5 3.658269
5 3.658322
5 3.658269
5 3.685837
5 3.685784
5 3.669598
5 3.669758
5 3.712356
5 3.736069
5 3.736121
5 3.818391
5 3.818391
5 3.81834
5 3.817621
5 3.817724
5 51.43655
5 51.43657
5 51.43662
5 51.43657
5 51.43656
5 51.43659
5 51.43657
5 51.43655
5 51.43662
5 51.43656
5 51.43657
5 51.43651
5 51.4366
5 51.43655
5 51.43658
5 45.16819
5 45.1682
5 45.3846
5 45.38463
5 45.38466
5 45.17252
5 45.1724
5 45.17239
5 45.2153
5 45.2153
5 45.19724
5 45.19725
5 45.46343
5 45.46355
5 45.46351
5 45.53954
5 45.53962
5 45.53524
5 45.53522
5 45.59935
5 45.59929
5 45.59931
5 45.57662
5 45.57665
5 45.60886
5 45.60881
5 45.60893
5 45.71
5 45.70992
5 45.69959
5 45.69964
5 45.69958
5 45.6996
5 45.69963
5 45.74512
5 45.74514
5 45.78067
5 45.7807
5 45.78072
5 23.91813
5 23.91811
5 23.9581
5 23.95808
5 23.9745
5 24.1071
5 24.10717
5 24.24637
5 24.2463
5 24.18524
5 24.18514
5 24.18522
5 24.1134
5 24.11341
5 24.04639
5 24.04639
5 24.07188
5 24.07185
5 24.07177
5 24.11418
5 24.11431
5 24.12556
5 24.0526
5 24.05273
5 45.92122
5 45.92117
5 45.92118
5 23.15205
5 23.15201
5 9.957319
5 9.957339
5 9.435861
5 9.435798
5 9.512812
5 9.501626
5 9.501646
5 9.562586
5 9.562607
5 9.689475
5 9.689576
5 9.689536
5 9.689455
5 9.689435
5 9.915163
5 9.915183
5 9.915183
5 9.92878
5 9.928859
5 9.759773
5 9.759673
5 9.734518
5 9.734538
5 9.73462
5 9.798679
5 9.798679
5 9.730478
5 9.730538
5 9.730438
5 9.736114
5 9.736235
5 9.707781
5 9.695764
5 9.695723
5 9.721704
5 9.721704
5 9.692985
5 9.693046
5 9.722109
5 9.722129
5 9.72217
5 9.646364
5 9.646344
5 9.780924
5 9.780945
5 9.780904
5 9.789524
5 9.789484
5 9.789464
5 9.789444
5 9.802773
5 9.802832
5 9.802732
5 9.879399
5 9.87928
5 9.944532
5 9.944613
5 9.988555
5 9.988516
5 9.988555
5 10.03815
5 10.03811
5 10.06245
5 10.06249
5 10.10172
5 10.08863
5 10.08869
5 10.10153
5 10.10143
5 10.10149
5 10.16109
5 10.16101
5 10.15284
5 10.1529
5 10.15282
5 10.21835
5 10.21846
5 10.35617
5 10.35615
5 10.37902
5 10.37887
5 10.379
5 10.44922
5 10.44926
5 10.48425
5 10.49248
5 10.49244
5 10.49243
5 10.49235
5 10.49244
5 46.7692
5 46.7692
5 13.41651
5 13.41648
5 13.41647
5 15.26156
5 15.26162
5 15.39359
5 15.39357
5 15.33169
5 15.33165
5 15.55231
5 15.55225
5 15.55231
5 15.59725
5 15.59726
5 15.67187
5 15.6718
5 15.67181
5 16.03562
5 16.03559
5 16.18178
5 16.18167
5 16.1816
5 16.1161
5 16.11605
5 16.11068
5 16.1107
5 16.21821
5 16.21818
5 16.21815
5 16.19915
5 16.19922
5 16.29485
5 16.29496
5 16.29497
5 16.04913
5 16.04926
5 15.93285
5 15.93275
5 16.04509
5 16.0449
5 16.04503
5 15.95035
5 15.95022
5 15.85623
5 15.85616
5 15.85628
5 15.86749
5 15.86748
5 15.64149
5 15.64157
5 15.88939
5 15.88951
5 15.88948
5 15.85136
5 15.85143
5 15.99487
5 15.99485
5 15.9948
5 16.1925
5 16.19236
5 16.19246
5 4.594399
5 4.594441
5 4.545321
5 4.545407
5 4.615115
5 4.657745
5 4.657829
5 4.738798
5 4.738674
5 15.76007
5 15.76005
5 15.78612
5 15.78615
5 15.78634
5 16.04818
5 16.04824
5 16.04831
5 16.15656
5 16.15666
5 16.0472
5 16.04733
5 16.04724
5 16.271
5 16.27101
5 16.43197
5 16.43195
5 16.40041
5 16.40052
5 16.4004
5 16.27407
5 16.2741
5 16.30655
5 16.30666
5 16.14902
5 16.17319
5 16.17298
5 16.2074
5 16.20723
5 16.08197
5 16.08202
5 16.082
5 15.85063
5 15.8507
5 16.04574
5 16.04574
5 16.17266
5 16.17266
5 16.17269
5 16.19044
5 16.19041
5 16.17938
5 16.17936
5 16.21468
5 16.17878
5 16.17865
5 16.15368
5 16.15381
5 16.13148
5 16.15785
5 16.15782
5 16.19124
5 16.19118
5 15.94498
5 15.94492
5 15.94498
5 16.03186
5 16.03181
5 16.23757
5 16.2375
5 16.25397
5 16.2539
5 16.25376
5 16.30784
5 16.30781
5 16.33353
5 16.33362
5 16.3336
5 16.38008
5 16.38021
5 16.22111
5 16.22106
5 16.22113
5 16.23764
5 16.2377
5 16.07389
5 16.07383
5 16.09172
5 16.09175
5 16.24273
5 16.24264
5 16.24269
5 16.3989
5 16.39887
5 16.39898
5 16.48885
5 16.48875
5 16.55618
5 16.55629
5 16.55622
5 16.60296
5 16.60302
5 16.67142
5 16.67125
5 16.66063
5 16.66066
5 16.6606
5 16.6116
5 16.61142
5 16.56839
5 16.5684
5 16.56843
5 16.5936
5 16.59345
5 16.8215
5 16.82161
5 16.82159
5 16.887
5 16.88688
5 16.92191
5 16.92183
5 17.05243
5 17.05236
5 17.05243
5 17.01411
5 17.01405
5 16.67282
5 16.67283
5 16.67285
5 16.63535
5 16.63537
5 16.43271
5 16.4326
5 16.43262
5 16.32586
5 16.32591
5 16.1721
5 16.17203
5 16.18236
5 16.10232
5 16.10237
5 16.06903
5 16.06915
5 16.18901
5 16.189
5 16.19473
5 16.35839
5 16.35831
5 16.36864
5 16.36874
5 16.36866
5 16.36869
5 16.36877
5 16.24509
5 16.24502
5 16.32559
5 16.32564
5 16.32566
5 16.31705
5 16.31712
5 16.31723
5 16.10103
5 16.10093
5 16.20276
5 16.20266
5 16.16874
5 16.16875
5 16.16881
5 16.15802
5 16.15794
5 16.07871
5 16.07864
5 15.9737
5 15.9738
5 15.97381
5 15.95647
5 15.95647
5 16.08291
5 16.08291
5 16.08288
5 16.06699
5 16.06696
5 16.12926
5 16.12917
5 16.14282
5 16.14298
5 16.14294
5 15.76109
5 15.76114
5 15.72802
5 15.72812
5 15.7281
5 15.89434
5 15.89445
5 15.89427
5 15.89435
5 15.8944
5 15.89449
5 15.76799
5 15.76806
5 15.76795
5 15.91594
5 15.91588
5 15.87591
5 15.87578
5 15.88464
5 15.88467
5 15.89346
5 16.13628
5 16.13634
5 16.23836
5 16.23846
5 16.20131
5 16.20145
5 16.19922
5 16.20542
5 16.20542
5 16.41831
5 16.41819
5 16.43699
5 16.43684
5 16.43698
5 16.36196
5 16.36199
5 16.31964
5 16.31964
5 16.6185
5 16.61847
5 16.39231
5 16.39221
5 16.3923
5 16.39398
5 16.39396
5 16.44547
5 16.42039
5 16.42034
5 16.31819
5 16.31814
5 16.35642
5 16.35645
5 16.33386
5 16.05652
5 16.05651
5 15.95147
5 15.95152
5 16.15047
5 16.15049
5 16.15141
5 16.15134
5 16.15147
5 16.11292
5 16.11297
5 16.11294
5 16.2369
5 16.23692
5 16.2544
5 16.25437
5 16.23464
5 16.23453
5 16.11961
5 16.11969
5 16.11969
5 16.07864
5 16.07858
5 16.00699
5 16.00707
5 16.00709
5 16.1602
5 16.16004
5 16.07623
5 16.07611
5 16.07626
5 16.13923
5 16.13933
5 16.11697
5 16.11706
5 16.09242
5 16.09248
5 16.09248
5 16.14596
5 16.14596
5 16.05712
5 16.05704
5 16.04053
5 16.04042
5 16.04048
5 16.08936
5 16.08918
5 16.08939
5 16.20938
5 16.20951
5 16.24098
5 16.24089
5 16.33308
5 16.33313
5 16.33296
5 45.14795
5 45.14791
5 51.43656
5 51.43651
5 51.43657
5 51.43653
5 51.4366
5 51.4366
5 51.43655
5 51.43657
5 51.43653
5 51.4365
5 30.63947
5 30.63953
5 30.63948
