5 30.68245 0
5 30.68244 0
5 30.14359 0
5 30.14352 0
5 30.14359 0
5 30.14356 0
5 30.21394 0
5 30.21392 0
5 30.214 0
5 30.2139 0
5 30.35919 0
5 31.86999 0
5 31.87007 0
5 31.87006 0
5 30.21896 0
5 30.23833 0
5 30.23838 0
5 30.23835 0
5 30.23853 0
5 29.62474 0
5 29.6248 0
5 29.62472 0
5 25.81483 0
5 25.81482 0
5 25.81503 0
5 25.81495 0
5 25.81499 0
5 13.16663 0
5 13.16674 0
5 13.16668 0
5 13.16672 0
5 7.65504 0
5 7.655092 0
5 7.65504 0
5 7.654989 0
5 13.85051 0
5 13.85047 0
5 13.85051 0
5 13.85059 0
5 14.71715 0
5 14.71712 0
5 14.71719 0
5 14.71712 0
5 25.815 0
5 25.81494 0
5 25.81493 0
5 25.81492 0
5 20.70872 0
5 20.70862 0
5 20.70875 0
5 12.58362 0
5 12.58365 0
5 12.58368 0
5 12.58362 0
5 12.5836 0
5 12.95011 0
5 12.95007 0
5 12.95019 0
5 12.95011 0
5 13.49927 0
5 13.49926 0
5 13.4993 0
5 13.49926 0
5 8.082087 0
5 8.082111 0
5 8.082087 0
5 8.08216 0
5 18.36976 0
5 18.36983 0
5 18.36978 0
5 18.36971 0
5 9.45382 0
5 9.453841 0
5 9.45382 0
5 9.4538 0
5 9.006211 0
5 9.00619 0
5 9.006211 0
5 9.00619 0
5 18.13371 0
5 18.13358 0
5 18.13354 0
5 18.13366 0
5 11.90042 0
5 11.90039 0
5 11.90044 0
5 11.90049 0
5 11.90044 0
5 25.81501 0
5 25.81487 0
5 25.81488 0
5 25.815 0
5 25.81496 0
5 25.81494 0
5 25.81499 0
5 25.81496 0
5 25.81495 0
5 25.81498 0
5 25.81498 0
5 25.81486 0
5 16.66826 0
5 16.66825 0
5 16.66825 0
5 16.66809 0
5 16.82988 0
5 16.82983 0
5 16.82984 0
5 16.82989 0
5 4.608914 0
5 4.608914 0
5 4.609 0
5 4.608957 0
5 12.33759 0
5 12.33756 0
5 12.33766 0
5 12.33774 0
5 12.21101 0
5 12.21109 0
5 12.21104 0
5 12.21104 0
5 7.017441 0
5 7.017441 0
5 7.017469 0
5 7.017525 0
5 21.49562 0
5 21.49583 0
5 21.30428 0
5 21.30419 0
5 2.62771 0
5 2.627933 0
5 2.62771 0
5 2.627784 0
5 20.57947 0
5 20.57946 0
5 20.57952 0
5 20.57948 0
5 20.57945 0
5 18.9872 0
5 18.98726 0
5 18.98722 0
5 18.9873 0
5 12.63573 0
5 12.63588 0
5 12.63584 0
5 12.6359 0
5 12.59515 0
5 12.59514 0
5 12.59517 0
5 12.59506 0
5 12.14015 0
5 12.14007 0
5 12.14001 0
5 12.14002 0
5 12.13997 0
5 8.929027 0
5 8.928916 0
5 8.928983 0
5 11.66321 0
5 11.66307 0
5 11.66319 0
5 11.66314 0
5 11.66316 0
5 25.81485 0
5 25.81492 0
5 25.815 0
5 25.81491 0
5 12.04187 0
5 12.04199 0
5 12.04197 0
5 12.04191 0
5 11.36613 0
5 11.36602 0
5 11.366 0
5 11.36609 0
5 13.09865 0
5 13.09881 0
5 13.0988 0
5 13.09884 0
5 7.811002 0
5 7.811002 0
5 7.811002 0
5 7.811028 0
5 5.003198 0
5 5.003119 0
5 5.003159 0
5 5.003237 0
5 5.155105 0
5 5.155219 0
5 5.155105 0
5 5.155105 0
5 5.338508 0
5 5.338435 0
5 5.338582 0
5 5.338545 0
5 5.272285 0
5 5.272323 0
5 5.272137 0
5 5.272174 0
5 18.0733 0
5 18.07317 0
5 18.07321 0
5 18.0733 0
5 11.80494 0
5 11.80497 0
5 11.80489 0
5 11.80485 0
5 2.884594 0
5 2.884798 0
5 2.884594 0
5 2.884662 0
5 2.313253 0
5 2.313338 0
5 2.313338 0
5 2.313423 0
5 2.111091 0
5 2.111091 0
5 2.110998 0
5 2.111184 0
5 2.111276 0
5 6.427943 0
5 6.427851 0
5 6.427943 0
5 6.427943 0
5 6.315469 0
5 6.315376 0
5 6.315469 0
5 6.315469 0
5 5.926487 0
5 5.926421 0
5 5.926421 0
5 5.926487 0
5 2.552593 0
5 2.552823 0
5 2.552747 0
5 2.55267 0
5 2.603764 0
5 2.315029 0
5 2.314945 0
5 2.314691 0
5 2.314776 0
5 1.783557 0
5 1.783448 0
5 1.783557 0
5 1.783667 0
5 1.755243 0
5 1.755577 0
5 1.755243 0
5 1.755131 0
5 1.674328 0
5 1.674328 0
5 1.674328 0
5 1.674211 0
5 1.727937 0
5 1.727937 0
5 1.72805 0
5 1.728164 0
5 16.47856 0
5 16.47866 0
5 16.47863 0
5 16.47865 0
5 16.47853 0
5 17.70688 0
5 17.70674 0
5 17.70672 0
5 17.70677 0
5 12.08002 0
5 12.08 0
5 12.08008 0
5 12.07999 0
5 11.86074 0
5 11.86069 0
5 11.86065 0
5 11.86068 0
5 11.1142 0
5 11.11422 0
5 11.11418 0
5 11.11409 0
5 4.88776 0
5 4.8878 0
5 4.8878 0
5 4.88776 0
5 4.88776 0
5 5.06531 0
5 5.065388 0
5 5.065388 0
5 5.065388 0
5 5.083573 0
5 5.08365 0
5 5.08365 0
5 5.083689 0
5 5.008755 0
5 5.008794 0
5 5.008755 0
5 5.008677 0
5 4.882828 0
5 4.882787 0
5 4.882787 0
5 4.882787 0
5 4.67726 0
5 4.67726 0
5 4.677302 0
5 4.67726 0
5 4.446997 0
5 4.446864 0
5 4.446908 0
5 4.446908 0
5 4.371929 0
5 4.371974 0
5 4.371929 0
5 4.371974 0
5 4.251509 0
5 4.251509 0
5 4.251555 0
5 4.251555 0
5 4.200439 0
5 4.200299 0
5 4.200345 0
5 4.200485 0
5 25.81504 0
5 25.8149 0
5 25.81493 0
5 25.81496 0
5 25.81503 0
5 25.81502 0
5 25.8149 0
5 25.81489 0
5 25.81482 0
5 12.0663 0
5 12.06629 0
5 12.0663 0
5 12.06629 0
5 11.82585 0
5 11.8259 0
5 11.82588 0
5 11.82578 0
5 3.433762 0
5 3.433762 0
5 3.433762 0
5 3.433762 0
5 3.770968 0
5 3.771073 0
5 3.77102 0
5 3.77102 0
5 3.771073 0
5 3.872167 0
5 3.872066 0
5 3.872116 0
5 3.872015 0
5 3.84359 0
5 3.84359 0
5 3.84359 0
5 3.843794 0
5 3.703749 0
5 3.703696 0
5 3.703749 0
5 3.703696 0
5 3.588724 0
5 3.588833 0
5 3.588778 0
5 3.588724 0
5 3.556498 0
5 3.556388 0
5 3.462323 0
5 3.462437 0
5 3.462267 0
5 3.489025 0
5 3.489137 0
5 3.489025 0
5 3.488968 0
5 3.397247 0
5 3.397305 0
5 3.397189 0
5 3.397247 0
5 3.407203 0
5 3.40726 0
5 3.40726 0
5 3.407145 0
5 3.60918 0
5 3.609071 0
5 3.60918 0
5 3.609288 0
5 3.60918 0
5 3.907807 0
5 3.907757 0
5 3.907807 0
5 3.907908 0
5 4.099545 0
5 4.099497 0
5 4.099545 0
5 4.099497 0
5 4.185398 0
5 4.185445 0
5 4.185398 0
5 4.185352 0
5 4.259748 0
5 4.259655 0
5 4.259655 0
5 4.259701 0
5 4.211939 0
5 4.211939 0
5 4.211893 0
5 4.2118 0
5 4.143875 0
5 4.14397 0
5 4.143922 0
5 4.143922 0
5 4.147088 0
5 4.147135 0
5 4.14704 0
5 4.147088 0
5 4.114945 0
5 4.11504 0
5 4.11504 0
5 4.114945 0
5 4.183573 0
5 4.183527 0
5 4.183479 0
5 4.183573 0
5 4.183527 0
5 4.242055 0
5 4.242055 0
5 4.242102 0
5 4.24201 0
5 4.200952 0
5 4.200998 0
5 4.200998 0
5 4.200952 0
5 4.288569 0
5 4.288524 0
5 4.288524 0
5 4.288478 0
5 4.271914 0
5 4.271914 0
5 4.271822 0
5 4.271914 0
5 4.253122 0
5 4.253076 0
5 4.253076 0
5 4.253076 0
5 4.253167 0
5 4.253122 0
5 4.24224 0
5 4.242332 0
5 4.242332 0
5 4.24224 0
5 4.289163 0
5 4.289209 0
5 4.289209 0
5 4.2893 0
5 4.355411 0
5 4.355276 0
5 4.355321 0
5 4.355411 0
5 4.293134 0
5 4.293225 0
5 4.293134 0
5 4.293043 0
5 4.194933 0
5 4.19498 0
5 4.194933 0
5 4.19498 0
5 4.231516 0
5 4.231516 0
5 4.23147 0
5 4.231423 0
5 4.197967 0
5 4.197967 0
5 4.197967 0
5 4.197874 0
5 4.088926 0
5 4.088974 0
5 4.088974 0
5 4.088878 0
5 3.892946 0
5 3.892946 0
5 3.893047 0
5 3.892946 0
5 3.892896 0
5 3.834511 0
5 3.834511 0
5 3.83446 0
5 3.834562 0
5 3.860112 0
5 3.860061 0
5 3.860061 0
5 3.860163 0
5 3.860366 0
5 3.860163 0
5 3.860163 0
5 3.860214 0
5 3.833745 0
5 3.833898 0
5 3.833694 0
5 3.833796 0
5 3.790133 0
5 3.790029 0
5 3.790133 0
5 3.789978 0
5 3.668958 0
5 3.668905 0
5 3.668958 0
5 3.668851 0
5 3.583482 0
5 3.583373 0
5 3.583428 0
5 3.583428 0
5 3.47119 0
5 3.47119 0
5 3.47119 0
5 3.471134 0
5 3.471021 0
5 3.476545 0
5 3.476601 0
5 3.476601 0
5 3.476713 0
5 3.473897 0
5 3.473897 0
5 3.473727 0
5 3.473784 0
5 3.538395 0
5 3.538395 0
5 3.538395 0
5 3.53834 0
5 3.63033 0
5 3.630384 0
5 3.63033 0
5 3.630438 0
5 3.69634 0
5 3.736121 0
5 3.736226 0
5 3.736174 0
5 3.750245 0
5 3.695757 0
5 3.695864 0
5 3.695757 0
5 3.69581 0
5 3.600435 0
5 3.600544 0
5 3.600435 0
5 3.600381 0
5 3.558315 0
5 3.55826 0
5 3.558315 0
5 3.558315 0
5 3.484195 0
5 3.484251 0
5 3.48442 0
5 3.484364 0
5 3.48442 0
5 3.378987 0
5 3.379045 0
5 3.378987 0
5 3.379161 0
5 3.287655 0
5 3.287774 0
5 3.287833 0
5 3.287714 0
5 11.12314 0
5 11.12316 0
5 11.1232 0
5 11.12318 0
5 18.91246 0
5 18.91236 0
5 18.91238 0
5 18.91241 0
5 18.91243 0
5 4.371212 0
5 4.371167 0
5 4.371212 0
5 4.371122 0
5 14.0114 0
5 14.01127 0
5 14.01136 0
5 14.01133 0
5 7.424441 0
5 7.424468 0
5 7.424388 0
5 7.424441 0
5 13.84736 0
5 13.84729 0
5 13.84739 0
5 13.8474 0
5 13.84805 0
5 13.8481 0
5 13.84812 0
5 13.84807 0
5 13.80749 0
5 13.80748 0
5 13.80745 0
5 13.80744 0
5 13.83521 0
5 13.83517 0
5 13.83524 0
5 13.83534 0
5 13.86621 0
5 13.86603 0
5 13.8661 0
5 13.86608 0
5 13.87564 0
5 13.87556 0
5 13.87561 0
5 13.87554 0
5 13.90876 0
5 13.90876 0
5 13.90876 0
5 13.90874 0
5 13.90873 0
5 13.93737 0
5 13.93737 0
5 13.9373 0
5 13.93733 0
5 14.0451 0
5 14.04512 0
5 14.0451 0
5 14.04512 0
5 14.05839 0
5 14.05851 0
5 14.05845 0
5 14.05846 0
5 3.781495 0
5 3.781443 0
5 3.781443 0
5 3.781443 0
5 3.673704 0
5 3.673704 0
5 3.673758 0
5 3.673864 0
5 3.355614 0
5 3.355497 0
5 3.355497 0
5 3.355555 0
5 3.355555 0
5 3.355614 0
5 3.355497 0
5 3.355497 0
5 3.00433 0
5 3.004461 0
5 3.004461 0
5 3.00433 0
5 3.043432 0
5 3.043497 0
5 3.043497 0
5 3.043561 0
5 2.966231 0
5 2.966165 0
5 2.966231 0
5 2.966297 0
5 2.969332 0
5 2.969463 0
5 2.969463 0
5 2.969463 0
5 2.952008 0
5 2.951942 0
5 2.952141 0
5 2.951876 0
5 2.934583 0
5 2.934583 0
5 2.934583 0
5 2.934383 0
5 2.99526 0
5 2.994933 0
5 2.99526 0
5 2.99526 0
5 2.886087 0
5 2.886087 0
5 2.886019 0
5 2.886019 0
5 2.859649 0
5 2.859855 0
5 2.859855 0
5 2.859649 0
5 2.800721 0
5 2.80079 0
5 2.800721 0
5 2.800721 0
5 2.787901 0
5 2.78769 0
5 2.78762 0
5 2.78762 0
5 2.766615 0
5 2.766828 0
5 2.766757 0
5 2.766686 0
5 2.766686 0
5 2.808677 0
5 2.808607 0
5 2.808677 0
5 2.808607 0
5 2.753566 0
5 2.753566 0
5 2.753495 0
5 2.753566 0
5 2.712238 0
5 2.712166 0
5 2.71195 0
5 2.696169 0
5 2.696169 0
5 2.696169 0
5 2.696169 0
5 2.696169 0
5 2.683798 0
5 2.683726 0
5 2.683653 0
5 2.683507 0
5 2.732873 0
5 2.732801 0
5 25.87906 1
5 25.87905 1
5 25.89303 1
5 25.89309 1
5 25.89303 1
5 25.89303 1
5 28.84289 1
5 28.843 1
5 28.84294 1
5 28.84291 1
5 25.93627 1
5 25.93623 1
5 25.93624 1
5 25.93624 1
5 18.92017 1
5 18.92026 1
5 18.92019 1
5 18.92022 1
5 22.57614 1
5 22.57615 1
5 22.57612 1
5 22.57614 1
5 18.85343 1
5 18.85338 1
5 18.85337 1
5 18.85341 1
5 11.20402 1
5 11.20409 1
5 11.20403 1
5 11.20412 1
5 28.84298 1
5 28.84293 1
5 28.84292 1
5 28.84295 1
5 28.84304 1
5 10.83325 1
5 10.83324 1
5 10.83327 1
5 10.83327 1
5 10.97566 1
5 10.97564 1
5 10.97567 1
5 10.97573 1
5 11.0759 1
5 11.07603 1
5 11.07596 1
5 11.07594 1
5 10.92881 1
5 10.92872 1
5 10.92869 1
5 10.92874 1
5 10.10945 1
5 10.10951 1
5 10.10957 1
5 10.10949 1
5 9.986232 1
5 9.98633 1
5 9.986291 1
5 9.986252 1
5 9.895727 1
5 9.895687 1
5 9.895629 1
5 9.895668 1
5 9.821488 1
5 9.821469 1
5 9.821388 1
5 9.821448 1
5 9.90935 1
5 9.90931 1
5 9.909232 1
5 9.90937 1
5 28.84298 1
5 28.84302 1
5 28.84294 1
5 28.84293 1
5 14.02657 1
5 14.02654 1
5 14.02657 1
5 14.0267 1
5 9.545117 1
5 9.544993 1
5 9.545013 1
5 9.545035 1
5 9.678309 1
5 9.67837 1
5 9.678391 1
5 9.67837 1
5 9.722878 1
5 9.722918 1
5 9.722836 1
5 9.722918 1
5 9.565053 1
5 9.565053 1
5 9.565032 1
5 9.565032 1
5 9.595197 1
5 9.595217 1
5 9.595217 1
5 9.595176 1
5 9.595197 1
5 9.641818 1
5 9.641634 1
5 9.641696 1
5 9.641737 1
5 9.668167 1
5 9.668106 1
5 9.668065 1
5 9.668024 1
5 2.240531 1
5 2.240269 1
5 2.240444 1
5 2.240531 1
5 9.87257 1
5 9.872649 1
5 9.872649 1
5 9.87257 1
5 9.905738 1
5 9.905837 1
5 9.905857 1
5 9.905837 1
5 9.881111 1
5 9.881151 1
5 9.881151 1
5 9.88125 1
5 9.861071 1
5 9.861011 1
5 9.86119 1
5 9.861011 1
5 9.870239 1
5 9.870219 1
5 9.870219 1
5 9.870258 1
5 1.912234 1
5 1.912132 1
5 1.912336 1
5 1.912336 1
5 1.912132 1
5 9.625492 1
5 9.625553 1
5 9.625492 1
5 9.62543 1
5 9.625165 1
5 9.625104 1
5 9.625226 1
5 9.625165 1
5 9.660599 1
5 9.660701 1
5 9.66062 1
5 9.66062 1
5 9.683427 1
5 9.683427 1
5 9.683387 1
5 9.683366 1
5 9.712842 1
5 9.712782 1
5 9.712802 1
5 9.712883 1
5 9.688136 1
5 9.688095 1
5 9.688075 1
5 9.688014 1
5 1.852029 1
5 1.851712 1
5 1.851923 1
5 1.851818 1
5 1.964135 1
5 1.964135 1
5 1.964035 1
5 1.964035 1
5 9.522828 1
5 9.522828 1
5 9.522993 1
5 9.522787 1
5 9.493036 1
5 9.493036 1
5 9.493015 1
5 9.493119 1
5 9.496287 1
5 9.496265 1
5 9.496307 1
5 9.49641 1
5 9.571771 1
5 9.571792 1
5 9.571833 1
5 9.571771 1
5 9.571853 1
5 9.571812 1
5 5.841807 1
5 5.84184 1
5 5.84174 1
5 5.84184 1
5 9.609978 1
5 9.610059 1
5 9.61008 1
5 9.610059 1
5 9.543963 1
5 9.543819 1
5 9.543963 1
5 9.543943 1
5 9.339425 1
5 9.339298 1
5 9.339298 1
5 9.339298 1
5 9.339362 1
5 9.286392 1
5 9.28654 1
5 9.286561 1
5 9.286519 1
5 6.142642 1
5 6.142706 1
5 6.142546 1
5 6.142706 1
5 9.338751 1
5 9.338751 1
5 9.33873 1
5 9.338646 1
5 28.843 1
5 28.84293 1
5 28.84297 1
5 28.8429 1
5 28.84297 1
5 28.8429 1
5 28.84299 1
5 28.84296 1
5 28.84296 1
5 8.270848 1
5 8.27099 1
5 8.270944 1
5 8.270896 1
5 8.812804 1
5 8.812849 1
5 8.812917 1
5 9.076363 1
5 9.076471 1
5 9.076385 1
5 9.076514 1
5 9.131079 1
5 9.131079 1
5 9.131079 1
5 9.131079 1
5 9.046351 1
5 9.046373 1
5 9.046329 1
5 9.046416 1
5 9.139467 1
5 9.139381 1
5 9.139402 1
5 9.13951 1
5 9.291343 1
5 9.291428 1
5 9.291364 1
5 9.291364 1
5 9.272096 1
5 9.272139 1
5 9.272181 1
5 9.272117 1
5 9.249921 1
5 9.250027 1
5 9.250027 1
5 9.250005 1
5 9.280676 1
5 9.280719 1
5 9.280613 1
5 9.280613 1
5 9.342813 1
5 9.342792 1
5 9.34277 1
5 9.34275 1
5 9.342854 1
5 9.287556 1
5 9.287514 1
5 9.287535 1
5 9.244054 1
5 9.244161 1
5 9.244267 1
5 9.244033 1
5 9.244183 1
5 4.004284 1
5 4.004382 1
5 4.004382 1
5 8.83449 1
5 8.834423 1
5 8.834534 1
5 8.834512 1
5 8.834401 1
5 9.057401 1
5 9.057487 1
5 9.057313 1
5 9.057248 1
5 9.370854 1
5 9.370833 1
5 9.370791 1
5 9.370854 1
5 9.457936 1
5 9.45802 1
5 9.457916 1
5 9.457832 1
5 9.489474 1
5 9.489515 1
5 9.489536 1
5 9.489453 1
5 9.469775 1
5 9.469796 1
5 9.469796 1
5 9.469609 1
5 9.398395 1
5 9.398417 1
5 9.398437 1
5 9.398417 1
5 9.347629 1
5 9.347733 1
5 9.347713 1
5 9.347733 1
5 9.159506 1
5 9.159462 1
5 9.159527 1
5 9.159613 1
5 9.021535 1
5 9.021492 1
5 9.021535 1
5 9.021557 1
5 9.02147 1
5 9.058376 1
5 9.058247 1
5 9.058332 1
5 9.058203 1
5 9.169926 1
5 9.169969 1
5 9.170012 1
5 9.169905 1
5 9.066312 1
5 9.066377 1
5 9.06629 1
5 9.066442 1
5 8.668911 1
5 8.66898 1
5 8.669024 1
5 8.668957 1
5 8.850618 1
5 8.850618 1
5 8.850574 1
5 8.850707 1
5 5.767757 1
5 5.767689 1
5 5.767655 1
5 5.767655 1
5 5.699114 1
5 5.699286 1
5 5.699252 1
5 5.699252 1
5 5.470706 1
5 5.470742 1
5 5.470742 1
5 5.470777 1
5 5.384342 1
5 5.384342 1
5 5.384268 1
5 5.384414 1
5 4.985034 1
5 4.984995 1
5 4.984995 1
5 4.984956 1
5 4.861195 1
5 4.861235 1
5 4.861235 1
5 4.861154 1
5 4.735655 1
5 4.464887 1
5 4.464843 1
5 4.464799 1
5 4.464887 1
5 4.300017 1
5 4.300017 1
5 4.300154 1
5 4.300063 1
5 4.102791 1
5 4.102744 1
5 4.102744 1
5 4.102696 1
5 3.948089 1
5 3.948139 1
5 3.948288 1
5 3.948188 1
5 3.805188 1
5 3.805188 1
5 3.805137 1
5 3.805137 1
5 3.75541 1
5 3.75541 1
5 3.755463 1
5 3.755463 1
5 3.913316 1
5 3.913416 1
5 3.913466 1
5 3.913365 1
5 3.7639 1
5 3.763744 1
5 3.763796 1
5 3.763744 1
5 3.704806 1
5 3.621961 1
5 3.622069 1
5 3.621852 1
5 3.621906 1
5 3.540995 1
5 3.540995 1
5 3.540995 1
5 3.540939 1
5 3.418275 1
5 3.418218 1
5 3.418218 1
5 3.418275 1
5 9.708996 1
5 9.709016 1
5 9.709016 1
5 9.708834 1
5 2.404118 1
5 2.403955 1
5 2.403955 1
5 2.404118 1
5 2.431882 1
5 2.431721 1
5 2.431802 1
5 2.431721 1
5 2.569636 1
5 2.569712 1
5 2.56956 1
5 2.569636 1
5 2.539909 1
5 2.540063 1
5 2.539909 1
5 2.539909 1
5 2.540141 1
5 2.548833 1
5 2.549063 1
5 2.548986 1
5 2.435099 1
5 2.435099 1
5 2.43518 1
5 2.435019 1
5 2.43518 1
5 2.441281 1
5 2.441361 1
5 2.441441 1
5 2.441361 1
5 2.564222 1
5 2.564146 1
5 2.564222 1
5 2.643232 1
5 2.643306 1
5 2.643232 1
5 2.643306 1
5 2.643306 1
5 2.630538 1
5 2.63039 1
5 2.630464 1
5 2.630538 1
5 2.651956 1
5 2.652104 1
5 2.651956 1
5 2.61883 1
5 2.618681 1
5 2.618905 1
5 2.618755 1
5 2.618755 1
5 2.538368 1
5 2.538291 1
5 2.538445 1
5 2.538368 1
5 2.651366 1
5 2.651366 1
5 2.651218 1
5 2.651144 1
5 9.609447 1
5 9.609569 1
5 9.609488 1
5 9.609488 1
5 9.546331 1
5 9.54627 1
5 9.54629 1
5 9.546414 1
5 9.529307 1
5 9.529266 1
5 9.52939 1
5 9.529287 1
5 9.524335 1
5 9.524294 1
5 9.524252 1
5 9.524252 1
5 9.561866 1
5 9.561866 1
5 9.561907 1
5 9.561866 1
5 9.583531 1
5 9.583613 1
5 9.583654 1
5 9.583552 1
5 9.59534 1
5 9.595258 1
5 9.595238 1
5 9.595279 1
5 9.619669 1
5 9.61971 1
5 9.61969 1
5 9.619649 1
5 9.600686 1
5 9.600767 1
5 9.600767 1
5 9.600829 1
5 9.463048 1
5 9.462964 1
5 9.463068 1
5 9.463027 1
5 9.463089 1
5 9.464958 1
5 9.464958 1
5 9.465062 1
5 9.464917 1
5 9.442628 1
5 9.442795 1
5 9.442753 1
5 9.442753 1
5 9.406882 1
5 9.406735 1
5 9.406819 1
5 9.406777 1
5 9.388206 1
5 9.388184 1
5 9.388226 1
5 9.388184 1
5 9.403309 1
5 9.403309 1
5 9.403288 1
5 9.403372 1
5 9.389817 1
5 9.389879 1
5 9.389837 1
5 9.389775 1
5 9.416677 1
5 9.416614 1
5 9.416614 1
5 9.416677 1
5 9.424876 1
5 9.424981 1
5 9.425001 1
5 9.424959 1
5 9.375341 1
5 9.375383 1
5 9.375426 1
5 9.375446 1
5 9.416489 1
5 9.436506 1
5 9.436569 1
5 9.436527 1
5 9.436527 1
5 5.891256 1
5 5.891356 1
5 5.891356 1
5 5.891389 1
5 5.742351 1
5 5.742419 1
5 5.742317 1
5 5.742419 1
5 6.252067 1
5 6.251973 1
5 6.252224 1
5 6.252036 1
5 9.54318 1
5 9.54316 1
5 9.543263 1
5 9.543283 1
5 9.620629 1
5 9.620568 1
5 9.620548 1
5 9.620528 1
5 9.731569 1
5 9.731589 1
5 9.73171 1
5 9.731609 1
5 9.763077 1
5 9.763077 1
5 9.763057 1
5 9.763057 1
5 9.783677 1
5 9.783738 1
5 9.783578 1
5 9.783717 1
5 9.823391 1
5 9.82333 1
5 9.823391 1
5 9.823391 1
5 9.830774 1
5 9.830694 1
5 9.830614 1
5 9.830694 1
5 9.812977 1
5 9.812956 1
5 9.813017 1
5 9.812937 1
5 9.845585 1
5 9.845585 1
5 9.845524 1
5 9.845545 1
5 9.845445 1
5 9.836493 1
5 9.836553 1
5 9.836553 1
5 9.823931 1
5 9.823751 1
5 9.823851 1
5 9.823771 1
5 9.823811 1
5 2.473301 1
5 2.473301 1
5 2.47338 1
5 2.473459 1
5 2.378663 1
5 2.378581 1
5 2.378581 1
5 2.378581 1
5 2.469341 1
5 2.469341 1
5 2.469341 1
5 2.469341 1
5 2.640268 1
5 2.640342 1
5 2.640342 1
5 2.640342 1
5 2.637747 1
5 2.637821 1
5 2.637821 1
5 2.637895 1
5 2.65756 1
5 2.657486 1
5 2.657339 1
5 2.657633 1
5 2.703998 1
5 2.704288 1
5 2.66587 1
5 2.665796 1
5 9.947124 1
5 9.947183 1
5 9.947183 1
5 9.947124 1
5 28.84293 1
5 28.84295 1
5 28.84297 1
5 28.84297 1
5 36.96873 1
5 36.96876 1
5 36.96878 1
5 36.96878 1
5 18.68776 1
5 18.68772 1
5 18.68761 1
5 18.68773 1
5 28.84299 1
5 28.84302 1
5 28.84298 1
5 28.84289 1
5 10.15375 1
5 10.15373 1
5 10.15377 1
5 10.15373 1
5 28.84298 1
5 28.8429 1
5 28.84303 1
5 28.84287 1
5 12.02371 1
5 12.02371 1
5 12.02362 1
5 12.0238 1
5 12.02936 1
5 12.02933 1
5 12.02936 1
5 12.02936 1
5 28.84291 1
5 28.84301 1
5 28.84303 1
5 28.843 1
5 28.84298 1
5 28.84298 1
5 28.84305 1
5 28.84291 1
5 35.66306 1
5 35.66312 1
5 35.66314 1
5 35.66306 1
5 35.6631 1
5 28.84295 1
5 28.84299 1
5 22.22575 1
5 22.22577 1
5 22.22577 1
5 22.22576 1
5 12.22394 1
5 12.224 1
5 12.22394 1
5 12.22386 1
5 13.00078 1
5 13.00071 1
5 13.00073 1
5 13.00074 1
5 13.1013 1
5 13.1013 1
5 13.10118 1
5 13.10128 1
5 13.21676 1
5 13.21673 1
5 13.21682 1
5 13.2167 1
5 17.58056 1
5 17.58065 1
5 17.5805 1
5 17.58054 1
5 28.84305 1
5 28.84303 1
5 28.84287 1
5 28.84292 1
5 28.84299 1
5 28.84295 1
5 28.84295 1
5 28.84295 1
5 28.84297 1
5 28.84297 1
5 28.84291 1
5 28.84297 1
5 28.84295 1
5 28.84293 1
5 28.84296 1
5 28.84293 1
5 12.62904 1
5 12.62898 1
5 12.62898 1
5 12.62892 1
5 12.55371 1
5 12.55361 1
5 12.55371 1
5 12.55372 1
5 12.54869 1
5 12.54855 1
5 12.54857 1
5 12.54849 1
5 12.55382 1
5 12.55383 1
5 12.55379 1
5 12.55379 1
5 12.51162 1
5 12.51172 1
5 12.51161 1
5 12.51177 1
5 12.49099 1
5 12.49096 1
5 12.49102 1
5 12.491 1
5 12.4835 1
5 12.48352 1
5 12.48352 1
5 12.48345 1
5 12.46446 1
5 12.46443 1
5 12.46429 1
5 12.46439 1
5 12.43003 1
5 12.42991 1
5 12.42989 1
5 12.42989 1
5 12.35374 1
5 12.35368 1
5 12.35373 1
5 12.35366 1
5 12.35117 1
5 12.35122 1
5 12.35109 1
5 12.35112 1
5 12.34966 1
5 12.34974 1
5 12.34975 1
5 12.34975 1
5 28.84297 1
5 28.84294 1
5 28.84295 1
5 28.84291 1
5 20.06286 1
5 20.06278 1
5 20.06291 1
5 20.06283 1
5 28.84294 1
5 28.84298 1
5 28.84296 1
5 28.843 1
5 28.84295 1
5 28.84293 1
5 28.84291 1
5 28.84297 1
5 28.84303 1
5 28.84295 1
5 28.84302 1
5 28.84295 1
5 28.84291 1
5 12.3285 1
5 12.32858 1
5 12.3285 1
5 12.32847 1
5 12.28219 1
5 12.28228 1
5 12.28222 1
5 12.28224 1
5 12.30624 1
5 12.30623 1
5 12.30616 1
5 12.30621 1
5 12.30906 1
5 12.30895 1
5 12.3089 1
5 12.30905 1
5 12.62837 1
5 12.62833 1
5 12.6284 1
5 12.6284 1
5 12.72878 1
5 12.72881 1
5 12.72884 1
5 12.72889 1
5 12.76783 1
5 12.76778 1
5 12.76787 1
5 12.7678 1
5 6.950539 1
5 6.950596 1
5 6.950539 1
5 6.950483 1
5 7.40523 1
5 7.40523 1
5 7.405177 1
5 7.40523 1
5 7.405203 1
5 12.69945 1
5 12.69942 1
5 12.69953 1
5 12.69941 1
5 12.66937 1
5 12.66925 1
5 12.6694 1
5 12.66936 1
5 12.63972 1
5 12.63975 1
5 12.63965 1
5 12.63974 1
5 12.6073 1
5 12.6072 1
5 12.60725 1
5 12.60731 1
5 12.6623 1
5 12.6623 1
5 12.66235 1
5 12.66227 1
5 12.68795 1
5 12.68786 1
5 12.68792 1
5 12.68791 1
5 12.70202 1
5 12.70205 1
5 12.70211 1
5 12.70205 1
5 12.67565 1
5 12.67563 1
5 12.67579 1
5 12.67571 1
5 12.73662 1
5 12.73667 1
5 12.73665 1
5 12.73673 1
5 12.7887 1
5 12.78881 1
5 12.78858 1
5 12.78878 1
5 12.78864 1
5 5.746922 1
5 5.746922 1
5 5.746957 1
5 5.746922 1
5 5.762998 1
5 5.762998 1
5 5.763134 1
5 5.762862 1
5 5.781538 1
5 5.781605 1
5 5.781572 1
5 5.781572 1
5 5.781572 1
5 5.86812 1
5 5.868187 1
5 5.868254 1
5 5.868187 1
5 5.722931 1
5 5.722897 1
5 5.723034 1
5 5.722965 1
5 5.871293 1
5 5.871459 1
5 5.871426 1
5 5.87136 1
5 5.86832 1
5 5.941121 1
5 5.94122 1
5 5.941286 1
5 5.870725 1
5 5.870725 1
5 5.870725 1
5 5.870792 1
5 5.870725 1
5 5.925263 1
5 5.925428 1
5 5.925428 1
5 5.925329 1
5 5.82063 1
5 5.820596 1
5 5.820596 1
5 5.820529 1
5 5.883233 1
5 5.883333 1
5 5.883366 1
5 5.883399 1
5 5.836738 1
5 5.836839 1
5 5.836805 1
5 5.836839 1
5 5.887329 1
5 5.887163 1
5 5.887063 1
5 5.887129 1
5 5.893119 1
5 5.962167 1
5 5.96197 1
5 5.9622 1
5 6.042021 1
5 6.041988 1
5 6.042053 1
5 6.042053 1
5 6.041988 1
5 6.01728 1
5 6.017149 1
5 6.017247 1
5 6.017247 1
5 5.958517 1
5 5.958418 1
5 5.958451 1
5 5.958484 1
5 6.075929 1
5 6.075768 1
5 6.075735 1
5 6.075799 1
5 6.075864 1
5 6.075799 1
5 6.075929 1
5 6.105861 1
5 28.84296 1
5 28.84293 1
5 28.84283 1
5 28.84299 1
5 22.19701 1
5 22.34399 1
5 22.34404 1
5 22.34393 1
5 12.92201 1
5 12.92212 1
5 12.92212 1
5 12.9221 1
5 12.92213 1
5 12.81376 1
5 12.81362 1
5 12.81376 1
5 12.81381 1
5 12.71724 1
5 12.71723 1
5 12.71724 1
5 12.71732 1
5 12.60404 1
5 12.60417 1
5 12.60401 1
5 12.60393 1
5 8.669591 1
5 8.669591 1
5 8.669569 1
5 8.669591 1
5 12.6314 1
5 12.63122 1
5 12.63131 1
5 12.63125 1
5 12.70206 1
5 12.70202 1
5 12.70197 1
5 12.70208 1
5 12.72515 1
5 12.72529 1
5 12.72526 1
5 12.72515 1
5 12.71596 1
5 12.71608 1
5 12.71608 1
5 12.71608 1
5 12.71613 1
5 12.69691 1
5 12.69695 1
5 12.69694 1
5 12.69698 1
5 12.71242 1
5 12.71239 1
5 12.71237 1
5 12.71243 1
5 12.70054 1
5 12.70043 1
5 12.70051 1
5 12.70048 1
5 12.70284 1
5 12.70282 1
5 12.70279 1
5 12.70273 1
5 12.64863 1
5 12.6486 1
5 12.64863 1
5 12.64868 1
5 12.6337 1
5 12.69133 1
5 12.69128 1
5 12.69136 1
5 12.69133 1
5 12.69126 1
5 12.66246 1
5 12.66247 1
5 12.66244 1
5 12.66251 1
5 28.84291 1
5 28.84297 1
5 28.84298 1
5 28.843 1
5 28.84302 1
5 28.84294 1
5 28.84289 1
5 28.84303 1
5 12.21306 1
5 12.21311 1
5 12.21306 1
5 12.21301 1
5 12.37161 1
5 12.3715 1
5 12.37154 1
5 12.37151 1
5 12.35114 1
5 12.35111 1
5 12.35114 1
5 12.35117 1
5 12.23311 1
5 12.233 1
5 12.23295 1
5 12.23309 1
5 12.23305 1
5 12.17118 1
5 12.17116 1
5 12.17111 1
5 12.1711 1
5 12.14256 1
5 12.14273 1
5 12.14259 1
5 12.14256 1
5 12.1531 1
5 12.15301 1
5 12.15301 1
5 12.1531 1
5 12.15573 1
5 12.1556 1
5 12.15576 1
5 12.15565 1
5 12.22236 1
5 12.22242 1
5 12.22232 1
5 12.22232 1
5 3.062924 1
5 3.06286 1
5 3.063052 1
5 3.06286 1
5 3.114139 1
5 3.11395 1
5 3.114013 1
5 3.11395 1
5 6.561573 1
5 6.561513 1
5 6.561633 1
5 12.50391 1
5 12.50391 1
5 12.50394 1
5 12.50391 1
5 12.43602 1
5 12.43592 1
5 12.43602 1
5 12.43603 1
5 12.44288 1
5 12.44291 1
5 12.44296 1
5 12.44299 1
5 12.32063 1
5 12.32061 1
5 12.32053 1
5 12.3205 1
5 12.32423 1
5 12.32429 1
5 12.32439 1
5 12.32421 1
5 12.38661 1
5 12.3866 1
5 12.3865 1
5 12.3866 1
5 8.687696 1
5 8.687742 1
5 8.687696 1
5 8.68781 1
5 12.47478 1
5 12.47471 1
5 12.47473 1
5 12.4747 1
5 12.47462 1
5 12.46727 1
5 12.46719 1
5 12.46725 1
5 12.46728 1
5 12.57887 1
5 12.57893 1
5 12.57893 1
5 12.57899 1
5 28.843 1
5 28.84295 1
5 28.84301 1
5 28.84298 1
5 24.43649 1
5 24.43654 1
5 24.43645 1
5 24.43647 1
5 24.43647 1
5 28.84302 1
5 28.84295 1
5 28.84294 1
5 28.84302 1
5 28.84305 1
5 28.84295 1
5 28.84298 1
5 28.84306 1
5 12.25464 1
5 12.25471 1
5 12.25469 1
5 12.25462 1
5 12.35371 1
5 12.35368 1
5 12.35369 1
5 12.35362 1
5 12.44263 1
5 12.44264 1
5 12.44275 1
5 12.44266 1
5 12.4947 1
5 12.49467 1
5 12.49454 1
5 12.49457 1
5 12.53855 1
5 12.53846 1
5 12.5385 1
5 12.53855 1
5 12.55674 1
5 12.55688 1
5 12.55685 1
5 12.55679 1
5 12.53465 1
5 12.53467 1
5 12.53465 1
5 12.53462 1
5 28.84302 1
5 28.84296 1
5 28.84297 1
5 28.84296 1
5 26.00592 1
5 26.00602 1
5 26.00597 1
5 26.00598 1
5 28.8429 1
5 28.84303 1
5 28.84297 1
5 28.84297 1
5 28.843 1
5 28.84295 1
5 28.8429 1
5 28.84295 1
5 28.84293 1
5 10.89573 1
5 10.89565 1
5 10.89585 1
5 10.89569 1
5 10.8889 1
5 10.88875 1
5 10.88875 1
5 10.88877 1
5 11.18377 1
5 11.1838 1
5 11.1837 1
5 11.18379 1
5 11.19883 1
5 11.19888 1
5 11.19887 1
5 11.19881 1
5 11.26313 1
5 11.26315 1
5 11.2633 1
5 11.26311 1
5 11.31465 1
5 11.31461 1
5 11.31463 1
5 11.3146 1
5 11.31569 1
5 11.31569 1
5 11.31576 1
5 11.31583 1
5 11.41135 1
5 11.41144 1
5 11.41128 1
5 11.41132 1
5 11.48576 1
5 11.48585 1
5 11.4859 1
5 11.48588 1
5 11.56797 1
5 11.56798 1
5 11.56795 1
5 11.56798 1
5 11.60504 1
5 11.605 1
5 11.60509 1
5 11.60507 1
5 28.84301 1
5 28.84298 1
5 28.84303 1
5 28.84287 1
5 28.84297 1
5 28.84287 1
5 28.84297 1
5 28.84293 1
5 28.84295 1
5 28.84285 1
5 28.84293 1
5 28.84299 1
5 28.84298 1
5 28.84301 1
5 28.84293 1
5 28.84295 1
5 8.875001 1
5 8.875112 1
5 8.875068 1
5 8.875023 1
5 12.25615 1
5 12.2562 1
5 12.25617 1
5 12.25617 1
5 12.274 1
5 12.27405 1
5 12.274 1
5 12.27409 1
5 12.26612 1
5 12.26616 1
5 12.26616 1
5 12.26612 1
5 5.730119 1
5 5.730221 1
5 5.730187 1
5 5.730153 1
5 5.694332 1
5 5.694297 1
5 5.694229 1
5 5.694229 1
5 12.29546 1
5 12.29543 1
5 12.29541 1
5 12.29531 1
5 12.28344 1
5 12.2835 1
5 12.28354 1
5 12.28349 1
5 12.25752 1
5 12.25746 1
5 12.25744 1
5 12.25754 1
5 12.21653 1
5 12.21661 1
5 12.21668 1
5 12.21668 1
5 12.22223 1
5 12.22211 1
5 12.22223 1
5 12.22219 1
5 12.23733 1
5 12.23725 1
5 12.23725 1
5 12.23717 1
5 5.08099 1
5 5.080952 1
5 5.080952 1
5 5.08099 1
5 12.25845 1
5 12.25845 1
5 12.25858 1
5 12.25853 1
5 12.34162 1
5 12.34173 1
5 12.34172 1
5 12.34161 1
5 12.34169 1
5 25.1165 1
5 25.11637 1
5 25.11649 1
5 25.11645 1
5 18.50099 1
5 18.50096 1
5 18.50101 1
5 18.50104 1
5 12.7254 1
5 12.72537 1
5 12.72535 1
5 12.72529 1
5 20.53232 1
5 20.53228 1
5 20.53224 1
5 20.53216 1
5 18.25332 1
5 18.25328 1
5 18.25315 1
5 18.25332 1
5 12.44573 1
5 12.44576 1
5 7.498236 2
5 7.498367 2
5 7.520891 2
5 7.520891 2
5 7.520813 2
5 7.520944 2
5 7.520865 2
5 7.593677 2
5 7.593729 2
5 7.593729 2
5 7.593703 2
5 7.577637 2
5 7.577559 2
5 7.577585 2
5 7.577559 2
5 7.555982 2
5 7.555904 2
5 7.55593 2
5 7.555982 2
5 7.500696 2
5 7.500696 2
5 7.500748 2
5 7.500669 2
5 7.433502 2
5 7.43358 2
5 7.43358 2
5 7.43366 2
5 8.165848 2
5 8.165945 2
5 8.1658 2
5 8.16592 2
5 3.841093 2
5 3.84094 2
5 3.840991 2
5 3.841042 2
5 3.840889 2
5 2.547911 2
5 2.547681 2
5 2.547835 2
5 2.547911 2
5 2.48837 2
5 2.488135 2
5 2.488292 2
5 2.488135 2
5 2.235546 2
5 2.235721 2
5 2.235634 2
5 2.235721 2
5 2.235546 2
5 1.909161 2
5 1.908751 2
5 1.908854 2
5 1.908956 2
5 1.749324 2
5 1.749212 2
5 1.749324 2
5 1.748988 2
5 1.963537 2
5 1.963238 2
5 1.963437 2
5 1.963238 2
5 1.963537 2
5 17.47927 2
5 17.47933 2
5 17.47925 2
5 17.47922 2
5 10.18545 2
5 10.18532 2
5 10.18536 2
5 10.1854 2
5 4.032986 2
5 4.033035 2
5 4.032938 2
5 4.032938 2
5 1.474456 2
5 1.474456 2
5 1.474721 2
5 1.474588 2
5 1.474456 2
5 0.9177057 2
5 0.9174925 2
5 0.9177057 2
5 0.9174925 2
5 0.8249568 2
5 0.8247196 2
5 0.8247196 2
5 0.8249568 2
5 0.7160051 2
5 0.7168246 2
5 0.7162784 2
5 0.7165515 2
5 0.5898349 2
5 0.5891711 2
5 0.5898349 2
5 0.5901666 2
5 0.518133 2
5 0.5078341 2
5 0.5078341 2
5 0.5074486 2
5 0.4432315 2
5 0.4427898 2
5 0.4436728 2
5 0.4436728 2
5 0.4427898 2
5 0.3363003 2
5 0.3357179 2
5 0.3357179 2
5 0.3357179 2
5 9.759532 2
5 9.759471 2
5 9.75939 2
5 9.759371 2
5 10.18544 2
5 10.18526 2
5 10.18538 2
5 10.18542 2
5 10.57029 2
5 10.57019 2
5 10.57023 2
5 10.5703 2
5 1.514395 2
5 1.514524 2
5 1.514395 2
5 1.514266 2
5 0.2517883 2
5 0.2502292 2
5 0.2502292 2
5 0.25101 2
5 0.2980514 2
5 0.2987072 2
5 0.2967354 2
5 0.2973941 2
5 0.5471546 2
5 0.5478694 2
5 0.5467969 2
5 0.5464389 2
5 0.6132555 2
5 0.6132555 2
5 0.6135744 2
5 0.6135744 2
5 0.8851442 2
5 0.8851442 2
5 0.8849231 2
5 0.8853652 2
5 0.8849231 2
5 1.255074 2
5 1.254762 2
5 1.254606 2
5 1.254918 2
5 1.546363 2
5 1.545983 2
5 1.54649 2
5 1.54611 2
5 2.029026 2
5 2.029219 2
5 2.029026 2
5 2.029026 2
5 2.60459 2
5 2.60459 2
5 2.60444 2
5 2.604515 2
5 3.050692 2
5 3.050692 2
5 3.050821 2
5 3.050756 2
5 3.080959 2
5 3.080959 2
5 3.081023 2
5 3.080959 2
5 3.053643 2
5 3.053771 2
5 3.053707 2
5 3.053578 2
5 3.008042 2
5 3.008172 2
5 3.008172 2
5 3.008172 2
5 2.981306 2
5 2.98124 2
5 2.981372 2
5 2.98124 2
5 2.831099 2
5 2.831375 2
5 2.831237 2
5 2.831237 2
5 2.80079 2
5 2.80086 2
5 2.801 2
5 2.80086 2
5 2.592916 2
5 2.592991 2
5 2.592991 2
5 2.592916 2
5 2.717934 2
5 2.717934 2
5 2.717934 2
5 2.717862 2
5 2.53613 2
5 2.53613 2
5 2.536053 2
5 2.536053 2
5 2.547681 2
5 2.751504 2
5 2.751433 2
5 2.751504 2
5 2.751646 2
5 10.1853 2
5 10.1853 2
5 10.18534 2
5 10.18536 2
5 10.18534 2
5 10.18538 2
5 10.18534 2
5 10.18534 2
5 10.18532 2
5 10.1854 2
5 10.18534 2
5 10.18524 2
5 10.18542 2
5 2.329106 2
5 2.328854 2
5 2.329106 2
5 2.329106 2
5 2.141649 2
5 2.141557 2
5 2.141649 2
5 2.141557 2
5 2.202738 2
5 2.20256 2
5 2.202649 2
5 2.202649 2
5 2.119972 2
5 2.119972 2
5 2.11988 2
5 2.119972 2
5 2.033843 2
5 2.033747 2
5 2.033939 2
5 2.034228 2
5 2.04028 2
5 2.040568 2
5 2.04028 2
5 2.040472 2
5 2.040568 2
5 2.514661 2
5 2.514661 2
5 2.514739 2
5 2.514505 2
5 2.62137 2
5 2.621296 2
5 2.621296 2
5 2.621221 2
5 2.484277 2
5 2.484119 2
5 2.484119 2
5 2.484119 2
5 2.374628 2
5 2.374463 2
5 2.37471 2
5 2.374628 2
5 2.467517 2
5 2.467517 2
5 2.467676 2
5 2.467676 2
5 2.752144 2
5 2.752144 2
5 2.751931 2
5 2.752144 2
5 3.033059 2
5 3.033188 2
5 3.033123 2
5 3.033188 2
5 3.16978 2
5 3.169718 2
5 3.169718 2
5 3.169718 2
5 3.177984 2
5 3.177984 2
5 3.177984 2
5 3.177922 2
5 3.086545 2
5 3.086482 2
5 3.086418 2
5 3.086292 2
5 2.962666 2
5 2.962798 2
5 2.962798 2
5 2.962666 2
5 3.037251 2
5 3.037251 2
5 3.037058 2
5 3.037187 2
5 3.118913 2
5 3.118913 2
5 3.118725 2
5 3.118913 2
5 3.283484 2
5 3.283484 2
5 3.283484 2
5 3.283424 2
5 3.276321 2
5 3.276261 2
5 3.276261 2
5 3.276141 2
5 3.276201 2
5 3.264228 2
5 3.264348 2
5 3.264408 2
5 3.284139 2
5 3.28557 2
5 3.28551 2
5 3.28551 2
5 3.28551 2
5 3.222214 2
5 3.222153 2
5 3.222214 2
5 3.222275 2
5 3.076635 2
5 3.07689 2
5 3.076699 2
5 3.076762 2
5 3.062285 2
5 3.062157 2
5 3.062349 2
5 3.062349 2
5 3.047418 2
5 3.047289 2
5 3.047354 2
5 3.047482 2
5 2.932581 2
5 2.932648 2
5 2.932781 2
5 2.932848 2
5 2.814386 2
5 2.814386 2
5 2.814317 2
5 2.814456 2
5 2.814456 2
5 2.736452 2
5 2.736595 2
5 2.736523 2
5 2.736309 2
5 2.724911 2
5 2.724839 2
5 2.724911 2
5 2.725126 2
5 2.884866 2
5 2.884934 2
5 2.885001 2
5 2.885001 2
5 3.03551 2
5 3.035704 2
5 3.035639 2
5 3.035768 2
5 3.196962 2
5 3.197084 2
5 3.197023 2
5 3.197023 2
5 3.288369 2
5 3.288369 2
5 3.288429 2
5 3.28831 2
5 3.348663 2
5 3.348663 2
5 3.348605 2
5 3.348663 2
5 3.300908 2
5 3.301085 2
5 3.301145 2
5 3.301026 2
5 3.237852 2
5 3.237852 2
5 3.237792 2
5 3.237792 2
5 3.206684 2
5 3.070776 2
5 3.070712 2
5 3.070776 2
5 3.070967 2
5 2.955388 2
5 2.955322 2
5 2.955322 2
5 2.955256 2
5 2.947363 2
5 2.947429 2
5 2.947429 2
5 2.947429 2
5 2.768313 2
5 2.768313 2
5 2.768525 2
5 2.768525 2
5 2.623236 2
5 2.623236 2
5 2.623087 2
5 2.623236 2
5 2.442002 2
5 2.442162 2
5 2.442082 2
5 2.442082 2
5 2.219732 2
5 2.219555 2
5 2.219644 2
5 2.219644 2
5 2.291235 2
5 2.291149 2
5 2.291064 2
5 2.291149 2
5 2.550522 2
5 2.550292 2
5 2.550368 2
5 2.550368 2
5 2.550292 2
5 2.574279 2
5 2.574203 2
5 2.574203 2
5 2.574279 2
5 2.616811 2
5 2.616886 2
5 2.616961 2
5 2.616961 2
5 13.63161 2
5 13.63152 2
5 13.63146 2
5 13.63152 2
5 10.88367 2
5 10.88372 2
5 10.88352 2
5 10.88362 2
5 10.53816 2
5 10.5381 2
5 10.5381 2
5 10.53812 2
5 2.112388 2
5 2.112388 2
5 2.112759 2
5 2.112481 2
5 1.951941 2
5 1.951941 2
5 1.951941 2
5 1.952142 2
5 1.951941 2
5 1.913155 2
5 1.913155 2
5 1.913257 2
5 1.913257 2
5 1.950838 2
5 1.950737 2
5 1.950838 2
5 1.951038 2
5 1.950938 2
5 1.562478 2
5 1.562102 2
5 1.562478 2
5 1.562478 2
5 1.702149 2
5 1.701919 2
5 1.701919 2
5 1.702034 2
5 1.817793 2
5 1.817793 2
5 1.817793 2
5 1.817793 2
5 1.808835 2
5 1.808726 2
5 1.808835 2
5 1.808726 2
5 1.834617 2
5 1.83483 2
5 1.834724 2
5 1.834724 2
5 1.873044 2
5 1.872835 2
5 1.872835 2
5 1.872939 2
5 1.872939 2
5 1.820912 2
5 1.820804 2
5 1.820912 2
5 1.770231 2
5 1.677364 2
5 1.677481 2
5 1.677364 2
5 1.677364 2
5 1.635422 2
5 1.635422 2
5 1.635303 2
5 1.635183 2
5 1.753123 2
5 1.753123 2
5 1.753123 2
5 1.753235 2
5 2.061655 2
5 2.06137 2
5 2.061465 2
5 2.061655 2
5 1.999097 2
5 1.999195 2
5 1.999293 2
5 1.998999 2
5 1.924171 2
5 1.924069 2
5 1.923968 2
5 1.924069 2
5 1.167011 2
5 1.167178 2
5 1.167011 2
5 1.167178 2
5 1.167681 2
5 1.168016 2
5 1.167849 2
5 1.168016 2
5 1.011431 2
5 1.011817 2
5 1.011817 2
5 1.011624 2
5 0.8418618 2
5 0.8418618 2
5 0.8418618 2
5 0.8423266 2
5 0.7855918 2
5 0.7855918 2
5 0.7855918 2
5 0.7858408 2
5 0.7850935 2
5 0.7840959 2
5 0.7840959 2
5 0.7840959 2
5 0.7843454 2
5 1.271955 2
5 1.271648 2
5 1.271955 2
5 1.272109 2
5 10.18538 2
5 10.18532 2
5 10.18538 2
5 10.18542 2
5 10.18536 2
5 10.18524 2
5 10.18538 2
5 10.18544 2
5 10.27466 2
5 10.27466 2
5 10.27464 2
5 10.27454 2
5 1.369165 2
5 1.368879 2
5 1.369165 2
5 1.368879 2
5 1.42615 2
5 1.426013 2
5 1.425876 2
5 1.426013 2
5 1.390157 2
5 1.432994 2
5 1.432994 2
5 1.432858 2
5 1.433131 2
5 1.449964 2
5 1.449964 2
5 1.450099 2
5 1.450099 2
5 1.468471 2
5 1.468338 2
5 1.468071 2
5 1.468338 2
5 1.418307 2
5 1.418169 2
5 1.418307 2
5 1.399417 2
5 1.359843 2
5 1.359699 2
5 1.359843 2
5 1.359555 2
5 1.298449 2
5 1.29875 2
5 1.298449 2
5 1.2986 2
5 1.339399 2
5 1.338668 2
5 1.339107 2
5 1.339107 2
5 1.455353 2
5 1.455218 2
5 1.455487 2
5 1.455353 2
5 1.472198 2
5 1.472198 2
5 1.472065 2
5 1.472065 2
5 1.503891 2
5 1.503761 2
5 1.503891 2
5 1.503891 2
5 1.353063 2
5 1.353063 2
5 1.352918 2
5 1.353063 2
5 1.222533 2
5 1.222373 2
5 1.222373 2
5 1.222533 2
5 1.304463 2
5 1.304613 2
5 1.304463 2
5 1.304313 2
5 1.465937 2
5 1.465803 2
5 1.465536 2
5 1.465803 2
5 1.681676 2
5 1.681908 2
5 1.681559 2
5 1.681908 2
5 1.842707 2
5 1.8426 2
5 1.842494 2
5 1.8426 2
5 1.842494 2
5 1.833123 2
5 1.833123 2
5 1.833123 2
5 1.833444 2
5 1.74125 2
5 1.741025 2
5 1.741025 2
5 1.74125 2
5 1.673861 2
5 1.673627 2
5 1.673744 2
5 1.673627 2
5 1.578552 2
5 1.578552 2
5 1.578304 2
5 1.578552 2
5 1.581153 2
5 1.581401 2
5 1.581153 2
5 1.581401 2
5 1.603155 2
5 1.603032 2
5 1.603155 2
5 1.603032 2
5 1.661657 2
5 1.713036 2
5 1.713265 2
5 1.713151 2
5 1.728277 2
5 1.697198 2
5 1.697083 2
5 1.697544 2
5 1.697428 2
5 1.699848 2
5 1.699733 2
5 1.699963 2
5 1.699963 2
5 1.699848 2
5 1.699848 2
5 1.699848 2
5 1.743497 2
5 1.743609 2
5 1.743384 2
5 1.743497 2
5 1.743609 2
5 1.748428 2
5 1.748428 2
5 1.748093 2
5 1.747981 2
5 1.675263 2
5 1.675263 2
5 1.675497 2
5 1.67538 2
5 1.656467 2
5 1.656585 2
5 1.656585 2
5 1.656585 2
5 1.622689 2
5 1.622447 2
5 1.622809 2
5 1.622447 2
5 1.617253 2
5 1.617131 2
5 1.617253 2
5 1.617253 2
5 1.577063 2
5 1.576939 2
5 1.577063 2
5 1.576939 2
5 1.405835 2
5 1.406113 2
5 1.405974 2
5 1.406113 2
5 1.321454 2
5 1.321454 2
5 1.321306 2
5 1.321454 2
5 1.371593 2
5 1.371878 2
5 1.371735 2
5 1.371735 2
5 1.418997 2
5 1.418859 2
5 1.418859 2
5 1.418997 2
5 1.456428 2
5 1.456562 2
5 1.456428 2
5 1.456428 2
5 1.408199 2
5 1.408338 2
5 1.408199 2
5 1.408199 2
5 1.455756 2
5 1.455891 2
5 1.455756 2
5 1.456025 2
5 1.455891 2
5 1.453469 2
5 1.453469 2
5 1.453469 2
5 1.453604 2
5 1.405278 2
5 1.40486 2
5 1.405138 2
5 1.405138 2
5 1.423403 2
5 1.423541 2
5 1.423403 2
5 1.423541 2
5 1.460185 2
5 1.460319 2
5 1.460453 2
5 1.460453 2
5 1.454277 2
5 1.453873 2
5 1.453873 2
5 1.454008 2
5 1.694313 2
5 1.694197 2
5 1.694313 2
5 1.694428 2
5 1.694428 2
5 10.18549 2
5 10.18532 2
5 10.18547 2
5 10.18542 2
5 3.271657 2
5 3.271477 2
5 3.271417 2
5 3.271477 2
5 10.08479 2
5 10.08469 2
5 10.08489 2
5 10.08477 2
5 1.17952 2
5 1.179685 2
5 1.17952 2
5 1.179188 2
5 1.181674 2
5 1.181674 2
5 1.181674 2
5 1.181674 2
5 1.208528 2
5 1.208366 2
5 1.208528 2
5 1.208204 2
5 1.131423 2
5 1.131423 2
5 1.131423 2
5 1.131423 2
5 1.011044 2
5 1.011237 2
5 1.011237 2
5 1.011237 2
5 0.9767869 2
5 0.9763861 2
5 0.9765865 2
5 0.9767869 2
5 1.056659 2
5 1.056288 2
5 1.056473 2
5 1.056473 2
5 1.087325 2
5 1.087505 2
5 1.087325 2
5 1.087146 2
5 1.061094 2
5 1.061094 2
5 1.061094 2
5 1.06091 2
5 1.061094 2
5 1.069177 2
5 1.068994 2
5 1.068994 2
5 1.068811 2
5 1.017795 2
5 1.01818 2
5 20.05906 3
5 20.05906 3
5 19.98129 3
5 19.98109 3
5 19.98118 3
5 19.98123 3
5 19.91978 3
5 19.91971 3
5 19.91981 3
5 19.91969 3
5 19.85861 3
5 19.85852 3
5 19.85863 3
5 19.85857 3
5 19.84311 3
5 19.84305 3
5 19.84308 3
5 19.84308 3
5 19.75732 3
5 19.75717 3
5 19.7572 3
5 19.75727 3
5 11.4907 3
5 11.49072 3
5 11.49067 3
5 11.49072 3
5 4.015468 3
5 4.015565 3
5 4.015614 3
5 4.015614 3
5 1.319231 3
5 1.319379 3
5 1.319083 3
5 1.319379 3
5 1.367449 3
5 3.863459 3
5 3.863459 3
5 3.863408 3
5 3.863509 3
5 3.918916 3
5 3.918916 3
5 3.918966 3
5 3.919016 3
5 3.826127 3
5 3.826178 3
5 3.826178 3
5 3.826178 3
5 11.49075 3
5 11.49075 3
5 11.4907 3
5 11.49065 3
5 0.4205793 3
5 0.4191812 3
5 0.4201138 3
5 0.4821389 3
5 0.4821389 3
5 0.4821389 3
5 0.4817329 3
5 0.4821389 3
5 0.4432315 3
5 0.4432315 3
5 0.4423477 3
5 0.4427898 3
5 0.530449 3
5 0.530449 3
5 0.5311863 3
5 0.5308178 3
5 3.529919 3
5 3.529697 3
5 3.53003 3
5 3.529808 3
5 0.5233933 3
5 0.5230194 3
5 0.5237671 3
5 0.5237671 3
5 3.647817 3
5 3.647763 3
5 3.647656 3
5 3.647817 3
5 3.611349 3
5 3.611349 3
5 3.611241 3
5 3.611349 3
5 0.5574291 3
5 0.3716771 3
5 0.3711503 3
5 0.3711503 3
5 0.3716771 3
5 0.5162413 3
5 0.5158621 3
5 0.5166202 3
5 0.5162413 3
5 3.613788 3
5 3.613734 3
5 3.613734 3
5 3.613734 3
5 3.647012 3
5 3.646958 3
5 3.646904 3
5 3.647012 3
5 0.6342734 3
5 0.6339648 3
5 0.6342734 3
5 0.6342734 3
5 3.612867 3
5 3.613138 3
5 3.61303 3
5 3.612921 3
5 3.612813 3
5 0.5414024 3
5 0.5417637 3
5 0.5410409 3
5 0.5417637 3
5 0.4837596 3
5 0.4841639 3
5 0.4837596 3
5 0.4841639 3
5 0.4238235 3
5 0.4247459 3
5 0.4233615 3
5 0.4238235 3
5 0.4238235 3
5 0.2158 3
5 0.2158 3
5 0.2158 3
5 0.2176059 3
5 3.44526 3
5 3.445374 3
5 3.445317 3
5 3.445431 3
5 3.438833 3
5 3.438776 3
5 3.438833 3
5 3.43889 3
5 3.320422 3
5 3.320422 3
5 3.320246 3
5 3.320422 3
5 3.3894 3
5 3.3894 3
5 3.389458 3
5 3.389516 3
5 0.4288719 3
5 0.427501 3
5 0.4279585 3
5 0.4288719 3
5 1.992232 3
5 1.992036 3
5 1.99233 3
5 1.992232 3
5 0.5093729 3
5 0.5101407 3
5 0.5089886 3
5 0.5093729 3
5 0.509757 3
5 0.2873554 3
5 0.2866737 3
5 0.2866737 3
5 0.2866737 3
5 3.274528 3
5 3.274528 3
5 3.274528 3
5 3.274587 3
5 3.331254 3
5 3.331313 3
5 3.331372 3
5 3.331313 3
5 3.345563 3
5 3.345446 3
5 3.345563 3
5 3.345388 3
5 3.438377 3
5 3.438491 3
5 3.438548 3
5 3.438434 3
5 3.473108 3
5 3.473164 3
5 3.473333 3
5 3.473051 3
5 3.599347 3
5 3.599456 3
5 3.59951 3
5 3.599402 3
5 3.444351 3
5 3.444408 3
5 3.444465 3
5 3.444351 3
5 3.60174 3
5 3.601686 3
5 3.601794 3
5 3.60174 3
5 1.300407 3
5 1.300407 3
5 1.300557 3
5 1.300407 3
5 1.586836 3
5 1.586836 3
5 1.586836 3
5 1.586713 3
5 1.586713 3
5 1.447803 3
5 1.447668 3
5 1.447803 3
5 1.5229 3
5 1.5229 3
5 1.522771 3
5 1.5229 3
5 1.522771 3
5 3.888265 3
5 3.888265 3
5 3.888114 3
5 3.888265 3
5 1.09289 3
5 1.093427 3
5 1.093427 3
5 1.093248 3
5 1.629308 3
5 1.629188 3
5 1.629308 3
5 1.629188 3
5 0.9115012 3
5 0.9117159 3
5 0.9119305 3
5 0.9117159 3
5 3.658429 3
5 3.658376 3
5 3.658536 3
5 3.658483 3
5 3.603153 3
5 3.603207 3
5 3.603207 3
5 3.603207 3
5 1.151991 3
5 1.151821 3
5 1.151821 3
5 1.151821 3
5 11.49067 3
5 11.49075 3
5 11.4907 3
5 11.49074 3
5 11.4907 3
5 11.49074 3
5 11.49069 3
5 11.49072 3
5 11.49069 3
5 11.49075 3
5 11.49074 3
5 11.49072 3
5 11.49069 3
5 11.49069 3
5 11.49072 3
5 11.49074 3
5 11.49082 3
5 11.49072 3
5 11.49074 3
5 11.49074 3
5 11.49074 3
5 11.49067 3
5 6.881052 3
5 6.881081 3
5 6.881109 3
5 6.881052 3
5 3.500454 3
5 3.500566 3
5 3.50051 3
5 3.50051 3
5 3.500566 3
5 1.885437 3
5 1.885437 3
5 1.885229 3
5 1.885229 3
5 1.219809 3
5 1.22013 3
5 1.21997 3
5 1.22013 3
5 1.071554 3
5 1.071554 3
5 1.071919 3
5 1.071919 3
5 1.124484 3
5 1.12431 3
5 1.124484 3
5 1.12431 3
5 3.620771 3
5 3.620825 3
5 3.620771 3
5 3.620825 3
5 3.595592 3
5 3.595755 3
5 3.595755 3
5 3.595592 3
5 3.587086 3
5 3.587196 3
5 3.587141 3
5 3.587141 3
5 3.498272 3
5 3.49844 3
5 3.498272 3
5 3.49816 3
5 0.4605518 3
5 0.4614008 3
5 0.4601268 3
5 0.4622481 3
5 0.906766 3
5 0.9065502 3
5 0.9069818 3
5 0.9069818 3
5 0.9320924 3
5 0.9320924 3
5 0.9316724 3
5 0.9316724 3
5 3.358121 3
5 3.358063 3
5 3.358063 3
5 1.726578 3
5 1.726804 3
5 1.726691 3
5 3.379566 3
5 3.37974 3
5 3.37974 3
5 3.379682 3
5 0.2762456 3
5 0.2755364 3
5 0.276953 3
5 0.2762456 3
5 3.40818 3
5 3.408237 3
5 3.40818 3
5 3.40818 3
5 3.451562 3
5 3.451619 3
5 3.451562 3
5 3.436156 3
5 3.436156 3
5 3.43627 3
5 3.436213 3
5 3.414665 3
5 3.41455 3
5 3.414493 3
5 3.41455 3
5 3.414607 3
5 1.15233 3
5 1.15233 3
5 1.15216 3
5 1.15233 3
5 3.488632 3
5 3.488632 3
5 3.488632 3
5 3.488744 3
5 3.444408 3
5 3.444521 3
5 3.444351 3
5 3.444408 3
5 0.4635163 3
5 0.4635163 3
5 0.4639383 3
5 0.4639383 3
5 3.343339 3
5 3.34328 3
5 3.34328 3
5 3.34328 3
5 3.320835 3
5 3.320894 3
5 3.320835 3
5 3.320776 3
5 1.240647 3
5 1.240805 3
5 1.240805 3
5 1.240173 3
5 0.4751895 3
5 0.4756011 3
5 0.4760123 3
5 0.4760123 3
5 0.4743652 3
5 0.4747775 3
5 0.4747775 3
5 0.4743652 3
5 0.533025 3
5 0.5326577 3
5 0.5326577 3
5 0.533025 3
5 3.34041 3
5 3.34041 3
5 3.340585 3
5 3.34041 3
5 0.6010084 3
5 0.6006827 3
5 0.6010084 3
5 0.6013339 3
5 0.05934703 3
5 0.05934703 3
5 0.06255726 3
5 0.05934703 3
5 0.06255726 3
5 0.5293413 3
5 0.5289715 3
5 0.5282311 3
5 0.5289715 3
5 3.279486 3
5 3.279486 3
5 3.279486 3
5 3.279486 3
5 0.3789758 3
5 0.3789758 3
5 0.3794918 3
5 0.3794918 3
5 0.2533378 3
5 0.2533378 3
5 0.254109 3
5 0.2548778 3
5 0.2027088 3
5 0.2027088 3
5 0.2017412 3
5 0.2017412 3
5 0.2887141 3
5 0.289391 3
5 0.2887141 3
5 0.2873554 3
5 0.466462 3
5 0.4673002 3
5 0.466462 3
5 0.4668813 3
5 3.171447 3
5 3.171385 3
5 3.171632 3
5 3.171632 3
5 3.239605 3
5 3.239544 3
5 3.239726 3
5 3.239605 3
5 0.220287 3
5 0.2211734 3
5 0.2211734 3
5 0.2211734 3
5 0.2220564 3
5 3.278113 3
5 3.278232 3
5 3.278292 3
5 3.278292 3
5 0.4449939 3
5 0.4449939 3
5 0.4445539 3
5 0.4445539 3
5 3.319833 3
5 3.319774 3
5 3.319774 3
5 3.319774 3
5 1.088045 3
5 1.088045 3
5 1.087685 3
5 1.087865 3
5 3.148524 3
5 3.148524 3
5 3.148587 3
5 3.148587 3
5 3.221364 3
5 3.221424 3
5 3.221303 3
5 3.221364 3
5 3.400358 3
5 3.400473 3
5 3.400531 3
5 3.400415 3
5 0.9755841 3
5 0.9759852 3
5 0.9757847 3
5 0.9759852 3
5 3.456947 3
5 3.456891 3
5 3.456947 3
5 3.456834 3
5 0.4423477 3
5 0.4436728 3
5 0.4423477 3
5 0.4432315 3
5 0.4441136 3
5 3.538727 3
5 3.538782 3
5 3.538782 3
5 3.538838 3
5 0.7002546 3
5 0.699975 3
5 0.7002546 3
5 0.7005339 3
5 11.4907 3
5 11.4907 3
5 11.49067 3
5 11.4907 3
5 11.4907 3
5 11.49079 3
5 11.49072 3
5 11.49074 3
5 5.361291 3
5 5.361291 3
5 5.361218 3
5 5.361364 3
5 5.361255 3
5 11.49072 3
5 11.49072 3
5 11.49069 3
5 11.49075 3
5 0.6167554 3
5 0.6173896 3
5 0.6167554 3
5 0.6170725 3
5 0.6299395 3
5 0.6293179 3
5 0.6293179 3
5 0.6299395 3
5 0.628073 3
5 0.6407191 3
5 0.6413296 3
5 0.6410245 3
5 0.6196041 3
5 0.5344914 3
5 0.5341251 3
5 0.533392 3
5 0.5341251 3
5 0.5366834 3
5 0.5374122 3
5 0.5377761 3
5 0.5377761 3
5 0.4981082 3
5 0.4981082 3
5 0.4981082 3
5 0.4981082 3
5 0.4731261 3
5 0.4735395 3
5 0.4727124 3
5 0.4735395 3
5 0.4727124 3
5 0.6921035 3
5 0.6923862 3
5 0.6926687 3
5 0.6923862 3
5 3.232224 3
5 3.232345 3
5 3.232284 3
5 3.232284 3
5 1.430261 3
5 1.430124 3
5 1.430398 3
5 1.430261 3
5 1.389735 3
5 1.389594 3
5 1.389594 3
5 1.389735 3
5 3.408352 3
5 3.408294 3
5 3.408352 3
5 3.408237 3
5 3.295803 3
5 3.295743 3
5 3.295862 3
5 3.295862 3
5 0.3560827 3
5 0.3566318 3
5 0.3566318 3
5 0.3571801 3
5 1.588808 3
5 1.588931 3
5 1.589178 3
5 1.589054 3
5 3.369646 3
5 3.369529 3
5 3.369529 3
5 3.369587 3
5 3.524201 3
5 3.52409 3
5 3.524145 3
5 3.524145 3
5 1.678298 3
5 1.678181 3
5 1.678064 3
5 1.678181 3
5 1.678181 3
5 2.955521 3
5 2.955521 3
5 2.955521 3
5 2.955388 3
5 0.9983841 3
5 0.9983841 3
5 0.9985801 3
5 0.9983841 3
5 1.748428 3
5 1.748317 3
5 1.748317 3
5 1.748205 3
5 1.447533 3
5 1.447533 3
5 1.447533 3
5 1.447533 3
5 3.268484 3
5 3.268543 3
5 3.268424 3
5 3.268424 3
5 3.378987 3
5 3.378871 3
5 3.378987 3
5 3.378987 3
5 3.339765 3
5 3.339999 3
5 3.339882 3
5 3.339882 3
5 3.386858 3
5 3.386858 3
5 3.386916 3
5 3.386916 3
5 3.362491 3
5 3.362491 3
5 3.362491 3
5 3.362491 3
5 3.362491 3
5 3.484139 3
5 3.484195 3
5 3.484195 3
5 3.484308 3
5 3.261288 3
5 3.261348 3
5 3.261108 3
5 3.261228 3
5 0.6623429 3
5 0.6629335 3
5 0.6629335 3
5 0.6632286 3
5 1.838773 3
5 1.838773 3
5 1.838666 3
5 1.838666 3
5 3.310324 3
5 3.310384 3
5 3.310324 3
5 3.310265 3
5 3.292118 3
5 3.292237 3
5 3.292177 3
5 3.292058 3
5 1.046237 3
5 1.046237 3
5 1.04605 3
5 1.046237 3
5 3.115082 3
5 3.115019 3
5 3.115144 3
5 3.11527 3
5 0.7682129 3
5 0.7674484 3
5 0.7671934 3
5 0.7679582 3
5 0.7571809 3
5 0.7576976 3
5 0.7569224 3
5 0.7574393 3
5 0.7217214 3
5 0.7222635 3
5 0.7217214 3
5 0.7217214 3
5 0.7214502 3
5 0.7219925 3
5 0.7214502 3
5 0.7217214 3
5 0.721179 3
5 0.7162784 3
5 0.7165515 3
5 0.7160051 3
5 0.7162784 3
5 0.7013714 3
5 0.7008132 3
5 0.7019292 3
5 0.7013714 3
5 0.7143636 3
5 0.7149112 3
5 0.7143636 3
5 0.7143636 3
5 0.7512136 3
5 0.7509531 3
5 0.7512136 3
5 0.7512136 3
5 0.6943616 3
5 0.7538139 3
5 0.7535542 3
5 0.7535542 3
5 0.7850935 3
5 0.7853427 3
5 0.7850935 3
5 0.7853427 3
5 0.7853427 3
5 0.7908052 3
5 0.7910526 3
5 0.7908052 3
5 0.7910526 3
5 0.7096917 3
5 0.7099674 3
5 0.7096917 3
5 0.7096917 3
5 0.7099674 3
5 0.7102429 3
5 0.7105184 3
5 0.7102429 3
5 0.8230571 3
5 0.8232948 3
5 0.8228193 3
5 0.8232948 3
5 0.7470343 3
5 0.7470343 3
5 0.7467723 3
5 0.7467723 3
5 0.7595032 3
5 0.7592455 3
5 0.7602757 3
5 0.7600183 3
5 0.7666831 3
5 0.7661725 3
5 0.7669383 3
5 0.7664279 3
5 0.7669383 3
5 0.8492672 3
5 0.8494976 3
5 0.8492672 3
5 0.8494976 3
5 0.7863387 3
5 0.7865875 3
5 0.7868362 3
5 0.7863387 3
5 3.546741 3
5 3.463284 3
5 3.463398 3
5 3.463228 3
5 0.9080599 3
5 0.7932757 3
5 0.7932757 3
5 0.7935224 3
5 0.8423266 3
5 0.8423266 3
5 0.8425589 3
5 0.842791 3
5 0.8420942 3
5 0.8308656 3
5 0.8308656 3
5 0.8306301 3
5 0.8303944 3
5 0.7895671 3
5 0.7895671 3
5 0.7895671 3
5 0.7893192 3
5 0.8501883 3
5 0.8501883 3
5 0.8501883 3
5 0.8499581 3
5 0.8287433 3
5 0.8285072 3
5 0.8287433 3
5 0.828271 3
5 0.8110828 3
5 0.8110828 3
5 0.8106001 3
5 0.8106001 3
5 0.8106001 3
5 0.7491269 3
5 0.7488656 3
5 0.749388 3
5 0.749388 3
5 0.783097 3
5 0.7825971 3
5 0.7828471 3
5 0.783097 3
5 0.7860898 3
5 0.7860898 3
5 0.7858408 3
5 0.7863387 3
5 0.7441474 3
5 0.7441474 3
5 0.7446731 3
5 0.7444103 3
5 0.6835691 3
5 0.6838553 3
5 0.6838553 3
5 0.6841414 3
5 3.462323 3
5 3.462267 3
5 3.462267 3
5 3.462267 3
5 3.46803 3
5 3.468087 3
5 3.46803 3
5 3.46803 3
5 3.463002 3
5 3.463002 3
5 3.463002 3
5 3.463058 3
5 3.49424 3
5 3.49424 3
5 3.494128 3
5 3.494128 3
5 3.477671 3
5 3.477783 3
5 3.477839 3
5 3.477783 3
5 3.581952 3
5 3.581952 3
5 3.582006 3
5 3.582006 3
5 3.615413 3
5 3.615576 3
5 3.615576 3
5 23.8793 4
5 23.87732 4
5 23.87734 4
5 23.87732 4
5 23.87732 4
5 23.91573 4
5 23.9157 4
5 23.91573 4
5 23.91573 4
5 26.37362 4
5 26.37362 4
5 26.37365 4
5 26.37363 4
5 26.37362 4
5 26.43801 4
5 26.43805 4
5 26.43805 4
5 26.43808 4
5 26.10063 4
5 26.1006 4
5 26.1006 4
5 26.10057 4
5 17.11866 4
5 17.11869 4
5 17.11869 4
5 17.11864 4
5 17.11868 4
5 17.11868 4
5 17.11862 4
5 17.11863 4
5 17.1187 4
5 17.11861 4
5 17.11872 4
5 17.11866 4
5 10.45224 4
5 10.45229 4
5 10.45222 4
5 10.45227 4
5 3.239786 4
5 3.239726 4
5 3.239786 4
5 3.239786 4
5 3.239605 4
5 10.51949 4
5 10.51956 4
5 10.51953 4
5 10.51956 4
5 17.11866 4
5 17.11869 4
5 17.11869 4
5 17.11865 4
5 17.11866 4
5 17.11869 4
5 17.11863 4
5 17.11863 4
5 17.11871 4
5 17.11864 4
5 17.11866 4
5 17.11868 4
5 10.56999 4
5 10.57001 4
5 10.57003 4
5 10.57004 4
5 10.58478 4
5 10.5848 4
5 10.58483 4
5 10.58482 4
5 10.56768 4
5 10.56772 4
5 10.56777 4
5 10.56772 4
5 1.435723 4
5 1.435996 4
5 1.436132 4
5 1.435723 4
5 10.43647 4
5 10.43656 4
5 10.43651 4
5 10.43647 4
5 10.3518 4
5 10.35176 4
5 10.35176 4
5 10.35184 4
5 0.5311863 4
5 0.5315546 4
5 0.5308178 4
5 0.5319225 4
5 0.5319225 4
5 10.28704 4
5 10.28698 4
5 10.287 4
5 10.28698 4
5 10.28704 4
5 10.28704 4
5 10.28706 4
5 10.23366 4
5 10.23374 4
5 10.23364 4
5 10.23372 4
5 10.2337 4
5 10.17487 4
5 10.1749 4
5 10.17492 4
5 10.17494 4
5 10.24515 4
5 10.24521 4
5 10.24515 4
5 10.24519 4
5 10.24515 4
5 0.7491269 4
5 0.7486043 4
5 0.749388 4
5 0.749388 4
5 1.940276 4
5 1.940175 4
5 1.940477 4
5 1.940477 4
5 1.940276 4
5 1.642705 4
5 1.642467 4
5 1.642467 4
5 1.791877 4
5 1.79144 4
5 1.791549 4
5 1.791659 4
5 1.648651 4
5 1.648651 4
5 1.64877 4
5 1.64877 4
5 1.64877 4
5 10.34427 4
5 10.34425 4
5 10.34427 4
5 10.34429 4
5 10.34766 4
5 10.34769 4
5 10.34775 4
5 10.34769 4
5 10.37911 4
5 10.37917 4
5 10.37911 4
5 10.37921 4
5 10.437 4
5 10.43715 4
5 10.43709 4
5 10.43707 4
5 10.43705 4
5 10.50888 4
5 10.50882 4
5 10.50884 4
5 10.50882 4
5 10.53766 4
5 10.53762 4
5 10.53766 4
5 10.53764 4
5 10.53928 4
5 10.53924 4
5 10.5393 4
5 10.53939 4
5 10.54885 4
5 10.54889 4
5 10.54885 4
5 10.54891 4
5 10.54906 4
5 10.54906 4
5 10.54908 4
5 10.54906 4
5 2.732586 4
5 2.732658 4
5 2.732515 4
5 2.732801 4
5 2.732729 4
5 10.50037 4
5 10.5003 4
5 10.50034 4
5 10.5003 4
5 10.47292 4
5 10.47296 4
5 10.47296 4
5 10.473 4
5 10.45257 4
5 10.45261 4
5 10.45265 4
5 10.45256 4
5 10.3936 4
5 10.39359 4
5 10.39355 4
5 10.39362 4
5 10.44678 4
5 10.44672 4
5 10.44678 4
5 10.44678 4
5 10.51358 4
5 10.5135 4
5 10.51348 4
5 10.5135 4
5 10.48586 4
5 10.48582 4
5 10.48577 4
5 10.48582 4
5 10.48755 4
5 10.49261 4
5 10.49258 4
5 10.49252 4
5 10.49259 4
5 10.49177 4
5 10.49168 4
5 10.49175 4
5 10.49175 4
5 10.49177 4
5 10.53065 4
5 10.53061 4
5 10.53056 4
5 10.53058 4
5 1.938964 4
5 1.938661 4
5 1.938863 4
5 1.939065 4
5 1.912746 4
5 1.848327 4
5 1.848115 4
5 1.848327 4
5 10.57501 4
5 10.57503 4
5 10.57501 4
5 10.57503 4
5 10.57503 4
5 10.54048 4
5 10.54051 4
5 10.54046 4
5 10.54042 4
5 1.235272 4
5 1.235272 4
5 1.235272 4
5 1.234955 4
5 10.42628 4
5 10.42628 4
5 10.42628 4
5 10.42623 4
5 10.45875 4
5 10.45871 4
5 10.45873 4
5 10.45873 4
5 10.74812 4
5 10.7482 4
5 10.74816 4
5 10.74814 4
5 1.159609 4
5 1.159609 4
5 1.159947 4
5 1.159778 4
5 1.2116 4
5 1.211277 4
5 1.2116 4
5 1.2116 4
5 1.070275 4
5 1.070275 4
5 1.069726 4
5 1.070092 4
5 15.40429 4
5 15.40423 4
5 15.40433 4
5 15.40429 4
5 15.40425 4
5 11.65133 4
5 11.65127 4
5 11.65133 4
5 11.65129 4
5 17.11861 4
5 17.11876 4
5 17.11865 4
5 17.11866 4
5 17.1187 4
5 17.1187 4
5 17.11869 4
5 17.11869 4
5 17.11868 4
5 17.11864 4
5 17.11865 4
5 17.1187 4
5 0.680988 4
5 0.680988 4
5 0.680988 4
5 0.6815624 4
5 0.6807005 4
5 0.5654452 4
5 0.5661368 4
5 0.5657911 4
5 0.5657911 4
5 0.6211812 4
5 0.6202354 4
5 0.6211812 4
5 0.6208661 4
5 10.29677 4
5 10.29673 4
5 10.29675 4
5 10.29673 4
5 10.28769 4
5 10.28773 4
5 10.28778 4
5 10.28767 4
5 10.28673 4
5 10.28675 4
5 10.28667 4
5 10.28667 4
5 0.2564087 4
5 0.2579304 4
5 0.2571706 4
5 0.2571706 4
5 0.2571706 4
5 0.8917516 4
5 0.8915322 4
5 0.8915322 4
5 0.8915322 4
5 0.8076981 4
5 0.8076981 4
5 0.8074558 4
5 0.8079404 4
5 0.9769872 4
5 0.9767869 4
5 0.9771874 4
5 0.9769872 4
5 0.2406627 4
5 0.2398483 4
5 0.2390311 4
5 0.2398483 4
5 0.6858553 4
5 0.6861406 4
5 0.6861406 4
5 0.6855699 4
5 0.6855699 4
5 0.7044336 4
5 0.7038778 4
5 0.7041557 4
5 0.7038778 4
5 1.055362 4
5 1.055547 4
5 1.055918 4
5 1.055547 4
5 0.7222635 4
5 0.7222635 4
5 0.7217214 4
5 0.7222635 4
5 10.13522 4
5 10.1351 4
5 10.1352 4
5 10.1352 4
5 0.7576976 4
5 0.7576976 4
5 0.7574393 4
5 0.7576976 4
5 0.7579558 4
5 0.8406988 4
5 0.8402332 4
5 0.8406988 4
5 0.8402332 4
5 0.7517344 4
5 0.7512136 4
5 0.751474 4
5 0.7509531 4
5 0.7615615 4
5 0.7615615 4
5 0.7620752 4
5 0.7615615 4
5 0.5475121 4
5 0.5467969 4
5 0.5471546 4
5 0.5471546 4
5 0.4306931 4
5 0.4311472 4
5 0.4302385 4
5 0.4306931 4
5 0.4423477 4
5 0.4423477 4
5 0.4423477 4
5 0.4423477 4
5 0.4545648 4
5 0.4541341 4
5 0.4541341 4
5 0.4545648 4
5 0.4068635 4
5 0.4078243 4
5 0.4068635 4
5 0.4073442 4
5 0.5297108 4
5 0.5297108 4
5 0.5293413 4
5 0.5293413 4
5 0.249446 4
5 0.2517883 4
5 0.2517883 4
5 0.25101 4
5 0.4857778 4
5 0.4857778 4
5 0.4857778 4
5 0.4861804 4
5 0.4861804 4
5 10.45481 4
5 10.45485 4
5 10.4548 4
5 10.45483 4
5 10.46038 4
5 10.46035 4
5 10.46038 4
5 10.46027 4
5 10.47903 4
5 10.47903 4
5 10.47901 4
5 10.47903 4
5 10.49222 4
5 10.49222 4
5 10.49228 4
5 10.49229 4
5 10.40142 4
5 10.40138 4
5 10.40146 4
5 10.40146 4
5 10.40142 4
5 10.35581 4
5 10.35581 4
5 10.35581 4
5 10.35583 4
5 10.30771 4
5 10.30775 4
5 10.30777 4
5 10.30771 4
5 0.6333472 4
5 0.6333472 4
5 0.633656 4
5 0.6330382 4
5 0.6655847 4
5 0.6658786 4
5 0.6655847 4
5 0.6652907 4
5 0.8751395 4
5 0.8758101 4
5 0.8755867 4
5 0.8755867 4
5 0.5442861 4
5 0.5439265 4
5 0.5435666 4
5 0.5432066 4
5 0.5875081 4
5 0.5875081 4
5 0.5878411 4
5 0.5878411 4
5 0.5881739 4
5 0.6763749 4
5 0.6766641 4
5 0.675796 4
5 0.6763749 4
5 0.5377761 4
5 0.5377761 4
5 0.5374122 4
5 0.5377761 4
5 0.6103771 4
5 0.6110179 4
5 0.6113381 4
5 1.03571 4
5 1.035521 4
5 1.035521 4
5 1.035521 4
5 1.03571 4
5 1.075018 4
5 1.074654 4
5 1.074836 4
5 1.074472 4
5 0.751474 4
5 0.751474 4
5 0.7517344 4
5 0.751474 4
5 10.25764 4
5 10.25757 4
5 10.25758 4
5 10.25762 4
5 0.7069291 4
5 0.7069291 4
5 0.7072059 4
5 0.7063754 4
5 10.18499 4
5 10.18495 4
5 10.18501 4
5 10.18501 4
5 10.18505 4
5 10.22574 4
5 10.22574 4
5 10.22574 4
5 10.22572 4
5 10.2087 4
5 10.20868 4
5 10.20876 4
5 10.20872 4
5 10.20974 4
5 10.20964 4
5 10.20968 4
5 10.2097 4
5 10.2059 4
5 0.5446455 4
5 0.5446455 4
5 0.5450047 4
5 0.5442861 4
5 0.6952065 4
5 0.694925 4
5 0.6946434 4
5 0.6946434 4
5 10.15699 4
5 10.15699 4
5 10.15697 4
5 10.15699 4
5 10.16069 4
5 10.16076 4
5 10.16063 4
5 10.16069 4
5 10.16074 4
5 0.6717301 4
5 0.6714388 4
5 0.6711472 4
5 0.6708556 4
5 0.7682129 4
5 0.7687222 4
5 0.7682129 4
5 0.7679582 4
5 0.8688563 4
5 0.8686311 4
5 0.8686311 4
5 0.8690815 4
5 0.9962258 4
5 0.9956363 4
5 0.9958329 4
5 0.9958329 4
5 0.970355 4
5 0.9705567 4
5 0.970355 4
5 0.9705567 4
5 0.9369085 4
5 0.9369085 4
5 0.9366996 4
5 0.9369085 4
5 0.9431533 4
5 0.9433607 4
5 0.9433607 4
5 0.9433607 4
5 0.9875455 4
5 0.9869508 4
5 0.9873473 4
5 0.9873473 4
5 0.9723696 4
5 0.9723696 4
5 0.971967 4
5 0.9725708 4
5 1.053506 4
5 1.053134 4
5 1.053134 4
5 1.05332 4
5 1.011044 4
5 1.011044 4
5 1.01085 4
5 1.01085 4
5 1.022207 4
5 0.9497693 4
5 0.9497693 4
5 0.9499753 4
5 0.9499753 4
5 1.110475 4
5 1.110475 4
5 1.110651 4
5 1.110475 4
5 1.079922 4
5 1.080103 4
5 1.07974 4
5 1.079922 4
5 1.026982 4
5 1.026792 4
5 1.026982 4
5 1.026982 4
5 1.126222 4
5 1.126222 4
5 1.126049 4
5 1.126049 4
5 1.117151 4
5 1.117326 4
5 1.117326 4
5 1.117326 4
5 1.227645 4
5 1.227485 4
5 1.227645 4
5 1.227964 4
5 1.048105 4
5 1.048479 4
5 1.048852 4
5 1.048665 4
5 1.048665 4
5 0.9221727 4
5 0.9219604 4
5 0.9217481 4
5 0.9217481 4
5 0.899399 4
5 0.899399 4
5 0.8989637 4
5 0.8991814 4
5 9.975473 4
5 9.975394 4
5 9.975453 4
5 9.975374 4
5 10.20305 4
5 10.20299 4
5 10.20307 4
5 10.20311 4
5 10.18302 4
5 10.18304 4
5 10.183 4
5 10.18302 4
5 10.21754 4
5 10.21756 4
5 10.21752 4
5 10.21748 4
5 10.21538 4
5 10.21538 4
5 10.21544 4
5 10.21542 4
5 10.2298 4
5 10.2298 4
5 10.22984 4
5 10.22985 4
5 0.8550079 4
5 0.8552368 4
5 0.8554656 4
5 0.8552368 4
5 0.8552368 4
5 10.26316 4
5 10.26313 4
5 10.26318 4
5 10.26311 4
5 0.6728944 4
5 0.6731851 4
5 0.6728944 4
5 0.6731851 4
5 10.32946 4
5 10.32943 4
5 10.32944 4
5 10.32937 4
5 10.35121 4
5 10.35125 4
5 10.35127 4
5 10.35125 4
5 10.37149 4
5 10.37149 4
5 10.37153 4
5 10.37151 4
5 0.6345818 4
5 0.6345818 4
5 0.6348901 4
5 0.6342734 4
5 10.43353 4
5 10.43351 4
5 10.43347 4
5 10.43351 4
5 10.4163 4
5 10.41631 4
5 10.41628 4
5 10.4163 4
5 10.4528 4
5 10.45274 4
5 10.45276 4
5 10.45274 4
5 10.47337 4
5 10.46646 4
5 10.46646 4
5 10.46648 4
5 10.46646 4
5 10.41152 4
5 10.41148 4
5 10.4115 4
5 10.4115 4
5 10.36462 4
5 10.36468 4
5 10.36468 4
5 10.36462 4
5 10.36468 4
5 10.37993 4
5 10.37989 4
5 10.37993 4
5 10.37991 4
5 10.3848 4
5 10.38474 4
5 10.38476 4
5 10.38478 4
5 10.39624 4
5 10.39627 4
5 10.39625 4
5 10.39625 4
5 10.37399 4
5 10.37394 4
5 10.37396 4
5 10.37396 4
5 10.37394 4
5 10.33834 4
5 10.33832 4
5 10.33834 4
5 10.33832 4
5 10.31315 4
5 10.31319 4
5 10.31315 4
5 10.31319 4
5 10.25553 4
5 10.25547 4
5 10.25547 4
5 10.25551 4
5 10.21791 4
5 10.21789 4
5 10.21789 4
5 10.21785 4
5 10.27749 4
5 10.27749 4
5 10.27745 4
5 10.27745 4
5 10.29717 4
5 10.29713 4
5 10.29721 4
5 10.29723 4
5 10.27473 4
5 10.27466 4
5 10.27462 4
5 10.27462 4
5 10.27466 4
5 10.26778 4
5 10.26772 4
5 10.26774 4
5 10.26778 4
5 10.29851 4
5 10.29856 4
5 10.29858 4
5 10.29852 4
5 10.29056 4
5 10.2906 4
5 10.29048 4
5 10.2905 4
5 10.2905 4
5 10.26345 4
5 10.26347 4
5 10.26349 4
5 10.26347 4
5 1.521485 4
5 1.521485 4
5 1.521743 4
5 1.521614 4
5 1.052948 4
5 1.052763 4
5 1.052577 4
5 1.052948 4
5 1.052763 4
5 1.155213 4
5 1.155044 4
5 1.155213 4
5 1.155213 4
5 1.171195 4
5 1.171195 4
5 1.171028 4
5 1.171028 4
5 1.198283 4
5 1.198283 4
5 1.198447 4
5 1.198447 4
5 1.214665 4
5 1.214343 4
5 1.214665 4
5 1.214665 4
5 1.207556 4
5 1.207556 4
5 1.207718 4
5 1.207556 4
5 1.276562 4
5 1.276716 4
5 1.276562 4
5 1.276716 4
5 1.267331 4
5 1.267331 4
5 1.26764 4
5 1.267795 4
5 1.252577 4
5 1.217883 4
5 1.218043 4
5 1.217561 4
5 1.217722 4
5 1.161127 4
5 1.161464 4
5 1.161464 4
5 1.161127 4
5 1.14961 4
5 1.14961 4
5 1.14978 4
5 1.149269 4
5 17.1187 4
5 17.1187 4
5 17.11872 4
5 17.1187 4
5 17.08522 4
5 17.08523 4
5 17.08524 4
5 17.08516 4
5 17.51849 4
5 17.51851 4
5 17.51843 4
5 17.51849 4
5 18.70339 4
5 18.70349 4
5 18.7035 4
5 18.70345 4
5 17.2178 4
5 20.65906 4
5 20.659 4
5 20.65899 4
5 20.65906 4
5 20.72359 4
5 20.72368 4
5 20.72371 4
5 20.7237 4
5 20.75574 4
5 20.75566 4
5 20.75565 4
5 20.75582 4
5 20.67477 4
5 15.85738 4
5 15.85741 4
5 15.85742 4
5 16.64603 4
5 17.88231 4
5 17.88228 4
5 17.88231 4
5 17.88236 4
5 19.00042 4
5 19.00038 4
5 19.00041 4
5 19.00042 4
5 22.10495 4
5 22.10498 4
5 22.10501 4
5 22.10504 4
5 19.02795 4
5 19.02796 4
5 19.02777 4
5 19.02787 4
5 19.12966 4
5 19.12983 4
5 19.12983 4
5 19.12979 4
5 19.12974 4
5 18.99387 4
5 18.9939 4
5 18.99379 4
5 18.99391 4
5 17.11868 4
5 17.11863 4
5 17.1187 4
5 17.11866 4
5 17.11866 4
5 17.11862 4
5 17.11866 4
5 17.11868 4
5 8.188873 4
5 8.188993 4
5 8.188826 4
5 8.188826 4
5 12.71807 4
5 12.71802 4
5 12.71803 4
5 12.71807 4
5 12.79868 4
5 12.83613 4
5 12.83615 4
5 12.83612 4
5 12.8677 4
5 12.82435 4
5 12.82441 4
5 12.82443 4
5 12.82445 4
5 12.67837 4
5 12.67837 4
5 12.67834 4
5 12.67834 4
5 17.11861 4
5 17.11864 4
5 17.11868 4
5 17.11863 4
5 17.11873 4
5 17.11871 4
5 17.11864 4
5 17.11868 4
5 10.68747 4
5 10.68743 4
5 10.68743 4
5 10.68747 4
5 10.68749 4
5 10.68008 4
5 10.68001 4
5 10.68001 4
5 10.68006 4
5 1.258966 4
5 1.259121 4
5 1.25881 4
5 1.25881 4
5 0.9926839 4
5 0.992881 4
5 0.9926839 4
5 0.9926839 4
5 17.11869 4
5 17.11863 4
5 17.11865 4
5 17.11868 4
5 10.88656 4
5 10.88667 4
5 10.8866 4
5 10.88658 4
5 11.18097 4
5 11.18088 4
5 11.1809 4
5 11.18083 4
5 10.51354 4
5 10.51356 4
5 10.51354 4
5 10.5136 4
5 10.48565 4
5 10.48577 4
5 10.48565 4
5 10.48563 4
5 12.31946 4
5 12.31962 4
5 12.31957 4
5 12.31955 4
5 15.91695 4
5 15.917 4
5 15.91704 4
5 15.917 4
5 15.07982 4
5 15.0799 4
5 15.07987 4
5 15.07999 4
5 15.12635 4
5 15.1263 4
5 15.12638 4
5 15.12638 4
5 15.75064 4
5 15.75062 4
5 15.75061 4
5 15.75066 4
5 15.75056 4
5 15.42576 4
5 15.42577 4
5 15.42577 4
5 15.0815 4
5 15.08148 4
5 15.08152 4
5 15.08146 4
5 15.08155 4
5 13.34458 4
5 13.34463 4
5 13.34463 4
5 13.34466 4
5 12.74726 4
5 12.7473 4
5 12.74734 4
5 12.74729 4
5 11.24675 4
5 11.24682 4
5 11.24677 4
5 11.24675 4
5 10.67883 4
5 11.04227 4
5 11.04218 4
5 11.04211 4
5 8.652401 4
5 8.652423 4
5 8.652401 4
5 8.652423 4
5 11.71205 4
5 11.71194 4
5 11.71201 4
5 11.712 4
5 11.712 4
5 12.33961 4
5 12.33962 4
5 12.33958 4
5 12.33966 4
5 16.28677 4
5 16.28681 4
5 16.28677 4
5 16.28684 4
5 16.10835 4
5 16.10831 4
5 16.10841 4
5 16.10835 4
5 20.421 4
5 20.42104 4
5 20.42104 4
5 20.42105 4
5 17.11871 4
5 17.1187 4
5 17.1187 4
5 17.11872 4
5 23.45495 4
5 23.45491 4
5 23.45501 4
5 23.45495 4
5 23.66329 4
5 23.66341 4
5 23.66325 4
5 23.6633 4
5 17.1186 4
5 17.11871 4
5 17.11855 4
5 17.11872 4
5 16.0578 4
5 16.05787 4
5 16.05775 4
5 16.05779 4
5 18.85909 4
5 18.859 4
5 18.8591 4
5 18.85911 4
5 18.49803 4
5 18.49796 4
5 18.49797 4
5 18.49806 4
5 18.53272 4
5 18.53265 4
5 18.5327 4
5 18.53261 4
5 18.53264 4
5 19.00716 4
5 19.00716 4
5 19.00716 4
5 19.00707 4
5 17.11873 4
5 17.11871 4
5 17.11873 4
5 17.11865 4
5 17.11871 4
5 17.11868 4
5 17.11866 4
5 17.1187 4
5 17.1187 4
5 17.11873 4
5 17.11863 4
5 17.1187 4
5 17.11864 4
5 17.1187 4
5 17.11864 4
5 17.11865 4
5 17.7523 4
5 17.75225 4
5 17.19917 4
5 17.19929 4
5 17.19925 4
5 17.19913 4
5 17.1992 4
5 17.90726 4
5 16.17056 4
5 16.17053 4
5 16.17064 4
5 16.17057 4
5 16.17057 4
5 17.56639 4
5 17.71744 4
5 17.71743 4
5 17.71734 4
5 17.7174 4
5 17.71737 4
5 20.24724 4
5 18.14241 4
5 18.14237 4
5 18.1424 4
5 18.14239 4
5 18.14237 4
5 18.14238 4
5 18.14242 4
5 18.1424 4
5 18.1424 4
5 18.1424 4
5 18.14236 4
5 18.14241 4
5 18.14239 4
5 18.1424 4
5 18.14237 4
5 18.14247 4
5 18.14247 4
5 18.81725 4
5 18.81733 4
5 18.81735 4
5 18.81732 4
5 18.81735 4
5 18.81725 4
5 18.18987 4
5 18.74602 4
5 18.74592 4
5 18.74595 4
5 18.74591 4
5 18.74593 4
5 18.74594 4
5 18.73054 4
5 18.7307 4
5 18.7306 4
5 18.73057 4
5 18.73068 4
5 18.73062 4
5 18.97833 4
5 18.97817 4
5 18.97826 4
5 18.97825 4
5 19.07494 4
5 19.07485 4
5 19.07496 4
5 19.0749 4
5 19.075 4
5 19.10152 4
5 19.10148 4
5 19.9534 4
5 19.95343 4
5 19.95334 4
5 19.95353 4
5 19.95346 4
5 19.95352 4
5 19.95353 4
5 19.95346 4
5 19.95353 4
5 19.95351 4
5 20.0152 4
5 19.80896 4
5 19.80906 4
5 19.80897 4
5 19.80897 4
5 19.809 4
5 19.80899 4
5 19.9437 4
5 19.94374 4
5 19.94362 4
5 19.94365 4
5 19.94368 4
5 19.94367 4
5 19.9437 4
5 19.91932 4
5 19.91925 4
5 19.91932 4
5 20.11124 4
5 20.11114 4
5 20.11114 4
5 20.10773 4
5 20.19864 4
5 20.19863 4
5 20.19861 4
5 20.1987 4
5 20.19869 4
5 20.19857 4
5 19.87155 4
5 19.87165 4
5 19.87147 4
5 19.87153 4
5 19.87167 4
5 19.87162 4
5 19.32694 4
5 19.32698 4
5 19.32697 4
5 19.32691 4
5 19.32697 4
5 19.3269 4
5 19.32697 4
5 19.32697 4
5 19.32692 4
5 19.32697 4
5 17.19798 4
5 17.19801 4
5 7.858777 4
5 7.858876 4
5 7.858727 4
5 7.958948 4
5 7.958824 4
5 0.6471007 4
5 0.6467983 4
5 0.6471007 4
5 0.6467983 4
5 0.6471007 4
5 0.6471007 4
5 0.6467983 4
5 0.1008706 4
5 0.1027921 4
5 0.09891172 4
5 0.09691329 4
5 0.1008706 4
5 0.1008706 4
5 0.1008706 4
5 0.1545051 4
5 0.5435666 4
5 0.5428462 4
5 0.5428462 4
5 0.5432066 4
5 0.5428462 4
5 0.5428462 4
5 0.5432066 4
5 0.5435666 4
5 10.86912 4
5 10.86919 4
5 10.86915 4
5 10.86921 4
5 10.8542 4
5 10.80824 4
5 10.80831 4
5 10.8083 4
5 10.80835 4
5 10.80839 4
5 10.80828 4
5 17.1187 4
5 17.11869 4
5 17.1187 4
5 17.11861 4
5 17.11868 4
5 17.11868 4
5 17.11869 4
5 17.11865 4
5 17.11863 4
5 17.11868 4
5 17.11864 4
5 9.828393 4
5 9.828454 4
5 9.828433 4
5 9.828454 4
5 9.828473 4
5 9.869083 4
5 0.5924829 4
5 0.5921526 4
5 0.591822 4
5 0.5928131 4
5 0.5924829 4
5 0.5924829 4
5 17.11865 4
5 17.11866 4
5 17.11865 4
5 17.11862 4
5 17.11856 4
5 17.1186 4
5 15.48421 4
5 15.48416 4
5 15.48421 4
5 15.48428 4
5 15.48416 4
5 14.50788 4
5 14.50775 4
5 14.50788 4
5 14.50777 4
5 14.63683 4
5 14.70553 4
5 14.70572 4
5 14.70569 4
5 14.70561 4
5 14.70567 4
5 15.80246 4
5 15.80264 4
5 15.80245 4
5 15.80246 4
5 15.87379 4
5 17.84965 4
5 17.8497 4
5 17.84975 4
5 17.84971 4
5 17.92358 4
5 17.92358 4
5 17.92353 4
5 17.92347 4
5 17.92357 4
5 17.84399 4
5 17.84388 4
5 17.84387 4
5 17.84395 4
5 17.84388 4
5 17.84398 4
5 17.93192 4
5 17.93183 4
5 17.93184 4
5 17.93173 4
5 17.93182 4
5 20.99 4
5 20.98997 4
5 20.98999 4
5 20.98999 4
5 20.98992 4
5 24.33689 4
5 24.33678 4
5 24.33669 4
5 24.33678 4
5 24.33669 4
5 24.29502 4
5 24.14606 4
5 24.14609 4
5 24.14606 4
5 24.14602 4
5 24.14614 4
5 24.21362 4
5 24.03119 4
5 24.03121 4
5 24.0312 4
5 24.0312 4
5 24.03121 4
5 23.96667 4
5 23.96683 4
5 23.96671 4
5 23.96682 4
5 23.96669 4
5 23.96678 4
5 23.95338 4
5 23.95337 4
5 23.95338 4
5 23.95342 4
5 23.9534 4
5 23.8674 4
5 23.86732 4
5 23.86738 4
5 23.8673 4
5 23.86733 4
5 23.9536 4
5 23.95348 4
5 23.95367 4
5 23.95354 4
5 23.95356 4
5 19.35673 4
5 19.3566 4
5 19.35667 4
5 19.35662 4
5 19.35663 4
5 17.1187 4
5 17.11858 4
5 17.1187 4
5 17.11865 4
5 17.11869 4
5 19.76857 4
5 19.76856 4
5 19.76862 4
5 19.76857 4
5 19.76867 4
5 19.7686 4
5 24.07068 4
5 24.07071 4
5 24.07063 4
5 24.07063 4
5 24.07063 4
5 24.7765 4
5 24.77666 4
5 24.77656 4
5 24.77659 4
5 24.77658 4
5 24.77658 4
5 25.23684 4
5 25.23681 4
5 25.23685 4
5 25.23685 4
5 25.23683 4
5 25.23681 4
5 25.37647 4
5 25.37654 4
5 25.37653 4
5 25.37654 4
5 25.37651 4
5 24.56056 4
5 24.56056 4
5 24.5606 4
5 24.56056 4
5 24.56064 4
5 19.09042 4
5 19.09038 4
5 19.09046 4
5 19.09046 4
5 19.09044 4
5 19.20343 4
5 19.20345 4
5 19.2035 4
5 19.20354 4
5 19.20354 4
5 22.66978 4
5 22.66991 4
5 22.66986 4
5 22.66974 4
5 22.66974 4
5 22.78148 4
