9 10.47146 0
9 10.25227 0
9 10.25229 0
9 10.17488 0
9 10.17485 0
9 10.32078 0
9 10.32062 0
9 10.48734 0
9 10.48729 0
9 10.56177 0
9 10.56177 0
9 10.57535 0
9 10.5754 0
9 10.49462 0
9 10.49458 0
9 9.577519 0
9 9.577539 0
9 7.329648 0
9 7.32954 0
9 7.242103 0
9 7.242048 0
9 11.77841 0
9 11.77831 0
9 11.91625 0
9 11.91621 0
9 12.00136 0
9 12.00134 0
9 12.20476 0
9 12.20482 0
9 13.55299 0
9 13.5529 0
9 13.55296 0
9 13.55286 0
9 13.81372 0
9 13.8137 0
9 13.89217 0
9 13.89222 0
9 13.89221 0
9 13.89221 0
9 13.89227 0
9 13.81399 0
9 13.81405 0
9 13.81409 0
9 13.81422 0
9 13.84239 0
9 13.84225 0
9 13.84225 0
9 13.84227 0
9 13.84235 0
9 13.92324 0
9 13.9232 0
9 13.92325 0
9 13.92321 0
9 13.83403 0
9 13.83401 0
9 13.83406 0
9 13.8341 0
9 13.83403 0
9 21.79191 0
9 21.79195 0
9 21.79195 0
9 21.79189 0
9 21.79189 0
9 21.79199 0
9 21.79198 0
9 21.79187 0
9 21.79187 0
9 5.375016 0
9 5.375053 0
9 5.375016 0
9 5.375162 0
9 5.375053 0
9 16.82179 0
9 16.82175 0
9 16.82187 0
9 16.82188 0
9 16.82176 0
9 14.76569 0
9 14.81877 0
9 14.8189 0
9 14.81897 0
9 14.81892 0
9 14.80652 0
9 14.80651 0
9 14.80649 0
9 14.80656 0
9 14.80653 0
9 14.8269 0
9 14.82679 0
9 14.82689 0
9 14.82691 0
9 14.71962 0
9 14.7195 0
9 14.71956 0
9 14.71964 0
9 14.71962 0
9 14.82244 0
9 14.82249 0
9 14.82249 0
9 14.82256 0
9 14.83108 0
9 14.83125 0
9 14.83114 0
9 14.83112 0
9 14.83116 0
9 14.73048 0
9 14.73045 0
9 14.73044 0
9 14.73053 0
9 14.66235 0
9 14.66238 0
9 14.66234 0
9 14.66226 0
9 14.78819 0
9 14.78832 0
9 14.78823 0
9 14.7882 0
9 14.65082 0
9 14.65099 0
9 14.65084 0
9 14.65097 0
9 14.40962 0
9 14.40966 0
9 14.40958 0
9 14.40955 0
9 14.14307 0
9 14.14306 0
9 14.14303 0
9 14.14298 0
9 14.14296 0
9 14.13656 0
9 14.13656 0
9 14.1365 0
9 14.13655 0
9 14.25217 0
9 14.25225 0
9 14.2521 0
9 14.25222 0
9 14.15626 0
9 14.15628 0
9 14.15629 0
9 14.15626 0
9 14.08493 0
9 14.08484 0
9 14.08488 0
9 14.08486 0
9 14.12638 0
9 14.12636 0
9 14.12643 0
9 14.12635 0
9 21.79189 0
9 21.79197 0
9 21.79188 0
9 21.79189 0
9 21.79195 0
9 21.79191 0
9 21.79187 0
9 21.79193 0
9 21.79193 0
9 21.79193 0
9 21.79195 0
9 21.79192 0
9 21.7919 0
9 14.03849 0
9 14.03856 0
9 14.03861 0
9 14.03851 0
9 17.52878 0
9 17.52881 0
9 17.5288 0
9 17.52886 0
9 17.34694 0
9 17.34696 0
9 17.3469 0
9 17.34691 0
9 15.12961 0
9 15.12952 0
9 15.12966 0
9 15.12976 0
9 15.22294 0
9 5.727861 0
9 5.727826 0
9 5.727861 0
9 5.727792 0
9 14.14429 0
9 14.14429 0
9 14.14425 0
9 14.14429 0
9 14.26869 0
9 14.26876 0
9 14.26878 0
9 14.26881 0
9 14.24402 0
9 14.24411 0
9 14.244 0
9 14.24397 0
9 13.93701 0
9 13.9369 0
9 13.93699 0
9 13.93704 0
9 14.18402 0
9 14.18419 0
9 14.18427 0
9 14.18425 0
9 14.18419 0
9 14.4755 0
9 14.47551 0
9 14.47542 0
9 14.47553 0
9 14.60899 0
9 14.60909 0
9 14.60903 0
9 14.60903 0
9 14.56309 0
9 14.56309 0
9 14.56314 0
9 14.56314 0
9 14.57997 0
9 14.58007 0
9 14.57999 0
9 14.57996 0
9 14.53606 0
9 14.55021 0
9 14.55019 0
9 14.55022 0
9 14.55021 0
9 14.51173 0
9 14.51178 0
9 14.51184 0
9 14.5118 0
9 14.8171 0
9 14.81698 0
9 14.81701 0
9 14.81715 0
9 15.01103 0
9 15.01118 0
9 15.01104 0
9 15.011 0
9 15.06946 0
9 15.06941 0
9 15.06928 0
9 15.06934 0
9 15.06476 0
9 15.06481 0
9 15.06465 0
9 15.06481 0
9 15.06471 0
9 15.07225 0
9 15.07226 0
9 15.07221 0
9 15.07226 0
9 15.0941 0
9 15.09399 0
9 15.09414 0
9 15.09416 0
9 15.09405 0
9 15.11497 0
9 15.11496 0
9 15.11495 0
9 15.11491 0
9 15.05494 0
9 15.01551 0
9 15.01543 0
9 15.01549 0
9 15.01542 0
9 14.90225 0
9 14.90212 0
9 14.90214 0
9 14.90218 0
9 14.91992 0
9 14.91985 0
9 14.91998 0
9 14.92001 0
9 14.94178 0
9 14.94182 0
9 14.9419 0
9 14.94183 0
9 14.94183 0
9 14.93632 0
9 14.93626 0
9 14.93624 0
9 14.93634 0
9 14.91041 0
9 14.91052 0
9 14.91041 0
9 14.91037 0
9 14.85445 0
9 14.85438 0
9 14.85439 0
9 14.85447 0
9 14.85443 0
9 14.85439 0
9 14.85439 0
9 14.85435 0
9 14.8617 0
9 14.86161 0
9 14.86165 0
9 14.8617 0
9 14.8617 0
9 14.97623 0
9 14.97617 0
9 14.97618 0
9 14.97622 0
9 15.0021 0
9 15.00222 0
9 15.00225 0
9 15.00213 0
9 15.00218 0
9 14.94323 0
9 14.94312 0
9 14.94319 0
9 14.94323 0
9 15.00324 0
9 15.00309 0
9 15.00328 0
9 15.00318 0
9 15.00317 0
9 14.97206 0
9 14.97204 0
9 14.97195 0
9 14.97202 0
9 14.95832 0
9 14.95836 0
9 14.95832 0
9 14.95832 0
9 14.89197 0
9 14.89197 0
9 14.89207 0
9 14.89202 0
9 14.91494 0
9 14.96133 0
9 14.96129 0
9 14.96139 0
9 14.96132 0
9 14.85959 0
9 14.85963 0
9 14.85957 0
9 14.85964 0
9 14.86696 0
9 14.8669 0
9 14.86688 0
9 14.86688 0
9 14.88785 0
9 14.84653 0
9 14.84658 0
9 14.84663 0
9 14.84663 0
9 14.84661 0
9 14.52581 0
9 14.52581 0
9 14.52572 0
9 14.52584 0
9 14.39096 0
9 14.39102 0
9 14.39095 0
9 14.39103 0
9 14.32267 0
9 14.32371 0
9 14.32371 0
9 14.32367 0
9 14.32367 0
9 14.32733 0
9 14.32716 0
9 14.32716 0
9 14.32733 0
9 14.27346 0
9 14.27341 0
9 14.27339 0
9 14.27336 0
9 14.30187 0
9 14.28775 0
9 14.28766 0
9 14.28776 0
9 14.28771 0
9 14.32603 0
9 14.32596 0
9 14.32595 0
9 14.32596 0
9 14.264 0
9 14.26404 0
9 14.26401 0
9 14.26411 0
9 14.26405 0
9 14.35321 0
9 14.35315 0
9 14.35314 0
9 14.35307 0
9 14.35322 0
9 14.35323 0
9 14.35315 0
9 14.35154 0
9 14.35158 0
9 14.35155 0
9 14.35162 0
9 13.94596 0
9 13.9459 0
9 13.9459 0
9 13.94593 0
9 13.94597 0
9 5.431015 0
9 5.430979 0
9 5.430943 0
9 5.431015 0
9 6.583175 0
9 3.701052 0
9 3.701422 0
9 3.701316 0
9 3.70121 0
9 3.847816 0
9 3.847765 0
9 3.847867 0
9 3.847867 0
9 3.8628 0
9 3.8628 0
9 3.862851 0
9 3.863104 0
9 3.807863 0
9 3.807915 0
9 3.807966 0
9 3.807966 0
9 3.983494 0
9 3.983445 0
9 3.983494 0
9 3.983396 0
9 3.983543 0
9 3.81757 0
9 3.817724 0
9 3.81757 0
9 3.817776 0
9 3.817519 0
9 3.817468 0
9 3.817468 0
9 3.817621 0
9 3.817621 0
9 3.820441 0
9 3.820288 0
9 3.820339 0
9 3.820493 0
9 14.62734 0
9 14.62734 0
9 14.62733 0
9 14.62724 0
9 14.62729 0
9 13.81904 0
9 13.81908 0
9 13.81908 0
9 13.81902 0
9 13.64541 0
9 13.64541 0
9 13.64542 0
9 13.64541 0
9 13.64542 0
9 13.51112 0
9 13.51113 0
9 13.51115 0
9 13.51112 0
9 13.45411 0
9 13.45408 0
9 13.45414 0
9 13.45409 0
9 13.35353 0
9 13.35353 0
9 13.3535 0
9 13.35349 0
9 13.33751 0
9 13.28992 0
9 13.28992 0
9 13.28989 0
9 13.2899 0
9 13.28234 0
9 13.28231 0
9 13.28236 0
9 13.28227 0
9 13.16173 0
9 13.16171 0
9 13.1617 0
9 13.16176 0
9 13.0985 0
9 13.09853 0
9 13.09854 0
9 13.09851 0
9 13.09853 0
9 13.03228 0
9 13.03225 0
9 13.03222 0
9 13.03228 0
9 13.03564 0
9 13.0357 0
9 13.03574 0
9 13.03568 0
9 13.0357 0
9 13.06441 0
9 13.06444 0
9 13.06447 0
9 13.06441 0
9 12.95 0
9 12.94994 0
9 12.95 0
9 12.95 0
9 12.94997 0
9 12.80489 0
9 12.80488 0
9 12.80484 0
9 12.80488 0
9 12.60652 0
9 12.60647 0
9 12.60648 0
9 12.60655 0
9 12.51351 0
9 12.51353 0
9 12.51355 0
9 12.51348 0
9 12.29098 0
9 12.29097 0
9 12.29097 0
9 12.29097 0
9 12.29097 0
9 18.90892 0
9 18.90899 0
9 18.90905 0
9 18.90905 0
9 17.0502 0
9 21.79193 0
9 21.79195 0
9 21.79204 0
9 21.79193 0
9 25.12321 0
9 25.12315 0
9 25.12315 0
9 25.12315 0
9 25.12313 0
9 25.34178 0
9 25.34176 0
9 25.34172 0
9 25.34174 0
9 24.94899 0
9 24.94895 0
9 24.94897 0
9 24.94893 0
9 24.94893 0
9 24.74223 0
9 24.7422 0
9 24.74227 0
9 24.74223 0
9 24.72919 0
9 24.72918 0
9 24.72921 0
9 24.72913 0
9 24.79541 0
9 24.79541 0
9 24.79534 0
9 24.79535 0
9 24.80385 0
9 24.80381 0
9 24.8039 0
9 24.80385 0
9 24.74774 0
9 24.74771 0
9 24.74769 0
9 24.74769 0
9 23.81344 0
9 23.8134 0
9 23.81333 0
9 23.81341 0
9 23.81337 0
9 23.5876 0
9 23.58757 0
9 23.58759 0
9 23.58759 0
9 23.61414 0
9 23.61417 0
9 23.61417 0
9 23.61411 0
9 23.40944 0
9 23.4094 0
9 23.40943 0
9 23.40945 0
9 23.40946 0
9 23.46307 0
9 23.46303 0
9 23.46309 0
9 23.46301 0
9 23.46297 0
9 20.78981 0
9 20.78985 0
9 20.78979 0
9 20.78988 0
9 20.73118 0
9 20.73118 0
9 20.7311 0
9 20.73122 0
9 20.73119 0
9 22.94191 0
9 22.94202 0
9 22.94188 0
9 22.94198 0
9 22.83089 0
9 22.83089 0
9 22.83092 0
9 22.83094 0
9 22.8309 0
9 22.1013 0
9 22.10131 0
9 22.10132 0
9 22.10128 0
9 21.7068 0
9 21.70681 0
9 21.70678 0
9 21.70679 0
9 21.70672 0
9 20.95317 0
9 20.95328 0
9 20.95315 0
9 20.9532 0
9 19.8728 0
9 19.87276 0
9 19.87268 0
9 19.87273 0
9 19.87274 0
9 10.64076 0
9 10.64067 0
9 10.64069 0
9 10.64069 0
9 10.64072 0
9 20.32652 0
9 20.32652 0
9 20.32652 0
9 20.32652 0
9 20.32651 0
9 14.70852 0
9 14.70856 0
9 14.7086 0
9 14.70864 0
9 14.70861 0
9 21.79187 0
9 21.79202 0
9 21.79195 0
9 21.79193 0
9 21.79197 0
9 31.47027 0
9 31.4702 0
9 31.47026 0
9 31.47019 0
9 30.57939 0
9 30.57948 0
9 30.57957 0
9 30.57959 0
9 30.57963 0
9 26.02881 0
9 26.02863 0
9 26.02868 0
9 26.02862 0
9 26.0286 0
9 21.33565 0
9 21.33573 0
9 21.33574 0
9 21.33574 0
9 21.33574 0
9 16.81224 0
9 16.81217 0
9 16.81227 0
9 16.8123 0
9 21.02772 0
9 21.02769 0
9 21.02763 0
9 21.02768 0
9 27.49316 0
9 27.49298 0
9 27.4932 0
9 27.49295 0
9 27.49306 0
9 21.86696 0
9 21.86693 0
9 21.86678 0
9 21.86706 0
9 21.86686 0
9 21.01281 0
9 21.01266 0
9 21.01296 0
9 21.01268 0
9 21.01266 0
9 15.66615 0
9 15.66622 0
9 15.66613 0
9 15.66612 0
9 15.66623 0
9 13.22984 0
9 13.22978 0
9 13.22974 0
9 13.2298 0
9 13.22987 0
9 21.7919 0
9 21.79197 0
9 21.79205 0
9 21.79188 0
9 21.79206 0
9 20.60397 0
9 20.60395 0
9 20.60407 0
9 20.60417 0
9 20.60405 0
9 19.50208 0
9 19.50221 0
9 19.50227 0
9 19.5022 0
9 22.19209 0
9 22.19218 0
9 22.19229 0
9 22.19215 0
9 18.18366 0
9 18.18352 0
9 18.18349 0
9 18.18344 0
9 18.18351 0
9 21.50254 0
9 21.50286 0
9 21.50245 0
9 21.50261 0
9 22.70154 0
9 22.70133 0
9 22.70132 0
9 22.70143 0
9 19.62802 0
9 19.62798 0
9 19.62803 0
9 19.62801 0
9 19.62809 0
9 18.55661 0
9 18.55663 0
9 18.55647 0
9 18.55655 0
9 18.55653 0
9 16.78196 0
9 16.78194 0
9 16.78188 0
9 16.78183 0
9 16.78187 0
9 14.22494 0
9 14.22493 0
9 14.22476 0
9 14.22493 0
9 13.16504 0
9 13.16504 0
9 13.16491 0
9 13.16494 0
9 13.16507 0
9 15.88121 0
9 15.88122 0
9 15.88122 0
9 15.88127 0
9 15.88125 0
9 16.59724 0
9 16.59726 0
9 16.59737 0
9 16.59751 0
9 16.25917 0
9 16.25928 0
9 16.25911 0
9 16.25932 0
9 16.10811 0
9 11.25165 0
9 11.25164 0
9 11.25171 0
9 11.25158 0
9 10.90977 0
9 10.90976 0
9 10.90983 0
9 10.90985 0
9 16.67508 0
9 16.6748 0
9 16.675 0
9 16.67509 0
9 16.67494 0
9 21.79189 0
9 21.79204 0
9 21.79192 0
9 21.79189 0
9 21.79189 0
9 18.75243 0
9 18.75248 0
9 18.7523 0
9 18.75236 0
9 18.35624 0
9 17.92899 0
9 17.92892 0
9 17.92896 0
9 17.92892 0
9 17.23896 0
9 17.23911 0
9 17.23895 0
9 17.23908 0
9 17.23905 0
9 16.58654 0
9 16.58638 0
9 16.58634 0
9 16.58651 0
9 16.58634 0
9 15.88871 0
9 15.88856 0
9 15.88869 0
9 15.88857 0
9 15.8887 0
9 21.79192 0
9 21.79204 0
9 21.79191 0
9 21.79206 0
9 21.79189 0
9 21.79188 0
9 21.79198 0
9 21.7919 0
9 21.79187 0
9 43.19813 0
9 43.19791 0
9 43.19794 0
9 43.19801 0
9 43.1981 0
9 21.79199 0
9 21.79205 0
9 21.79204 0
9 21.79187 0
9 21.79203 0
9 21.79195 0
9 21.79205 0
9 21.79191 0
9 21.79198 0
9 23.53976 0
9 23.53978 0
9 23.53969 0
9 23.53973 0
9 25.55194 0
9 25.55201 0
9 25.55201 0
9 25.55205 0
9 25.5518 0
9 25.55209 0
9 20.83614 0
9 20.83582 0
9 20.83626 0
9 20.83603 0
9 20.83604 0
9 20.83606 0
9 22.88143 0
9 22.88136 0
9 22.8814 0
9 22.88149 0
9 22.45111 0
9 22.4513 0
9 22.45121 0
9 22.45123 0
9 22.45122 0
9 22.25991 0
9 22.25989 0
9 22.2599 0
9 22.2601 0
9 21.67887 0
9 21.67868 0
9 21.67872 0
9 21.67873 0
9 21.67877 0
9 21.23979 0
9 21.23977 0
9 21.23984 0
9 21.23977 0
9 21.06171 0
9 20.89846 0
9 20.89836 0
9 20.89826 0
9 20.89847 0
9 20.68463 0
9 20.68476 0
9 20.6846 0
9 20.68465 0
9 20.3645 0
9 20.36442 0
9 20.36447 0
9 20.36425 0
9 19.895 0
9 19.89482 0
9 19.89484 0
9 19.89493 0
9 19.14252 0
9 19.14242 0
9 19.14261 0
9 19.14227 0
9 18.64504 0
9 18.64511 0
9 18.64493 0
9 18.64512 0
9 18.07388 0
9 18.07406 0
9 18.07403 0
9 18.07382 0
9 17.71633 0
9 17.71644 0
9 17.71655 0
9 17.71669 0
9 17.56697 0
9 17.56685 0
9 17.56681 0
9 17.56699 0
9 17.57931 0
9 17.65903 0
9 17.65902 0
9 17.65903 0
9 17.65924 0
9 17.96119 0
9 17.96111 0
9 17.96111 0
9 17.96148 0
9 18.24167 0
9 18.24121 0
9 18.24141 0
9 18.24135 0
9 18.26165 0
9 18.26157 0
9 18.26161 0
9 18.2614 0
9 18.42131 0
9 18.42137 0
9 18.42112 0
9 18.42121 0
9 18.42111 0
9 21.79193 0
9 21.79197 0
9 21.79198 0
9 21.79206 0
9 21.79201 0
9 21.79192 0
9 21.79188 0
9 21.79206 0
9 21.79195 0
9 33.33859 0
9 33.33874 0
9 33.33868 0
9 33.33868 0
9 33.33865 0
9 21.79185 0
9 21.79187 0
9 21.79198 0
9 21.79195 0
9 21.79191 0
9 21.79197 0
9 21.79186 0
9 21.79193 0
9 21.79202 0
9 21.79206 0
9 21.79189 0
9 21.79202 0
9 21.79178 0
9 21.79177 0
9 21.79185 0
9 21.79192 0
9 21.79185 0
9 21.79198 0
9 21.79181 0
9 21.79192 0
9 21.79207 0
9 21.792 0
9 21.79195 0
9 41.22736 0
9 41.22729 0
9 41.22735 0
9 41.2273 0
9 41.22735 0
9 21.79207 0
9 21.79184 0
9 21.79204 0
9 21.79182 0
9 21.79197 0
9 21.79192 0
9 21.79195 0
9 21.79195 0
9 21.79191 0
9 21.79186 0
9 21.79197 0
9 21.79187 0
9 21.79185 0
9 21.79193 0
9 21.79193 0
9 21.79204 0
9 21.79212 0
9 21.79175 0
9 21.79193 0
9 31.31062 0
9 31.61962 0
9 31.61971 0
9 31.61969 0
9 31.61967 0
9 30.99053 0
9 30.9905 0
9 30.99052 0
9 30.99051 0
9 30.99046 0
9 23.47427 0
9 23.47435 0
9 23.47435 0
9 23.47435 0
9 23.19692 0
9 28.87672 0
9 28.87673 0
9 28.87673 0
9 28.87682 0
9 29.0177 0
9 29.01764 0
9 29.01764 0
9 29.01763 0
9 29.31054 0
9 29.31067 0
9 29.31064 0
9 29.31068 0
9 29.31075 0
9 32.84365 0
9 32.84375 0
9 32.84375 0
9 32.84362 0
9 23.557 0
9 23.55736 0
9 23.55697 0
9 23.55699 0
9 22.44692 0
9 22.44691 0
9 22.44684 0
9 22.44684 0
9 22.44685 0
9 21.79203 0
9 21.79197 0
9 21.79191 0
9 21.79201 0
9 21.7919 0
9 21.79193 0
9 21.79192 0
9 21.79205 0
9 21.79199 0
9 21.79183 0
9 21.79197 0
9 21.79197 0
9 21.79195 0
9 21.79188 0
9 21.79198 0
9 21.79185 0
9 22.68368 0
9 22.68362 0
9 22.68359 0
9 22.68372 0
9 21.79191 0
9 21.79193 0
9 21.79189 0
9 21.79205 0
9 21.79199 0
9 21.79187 0
9 21.79204 0
9 21.79199 0
9 21.79184 0
9 21.79185 0
9 21.79203 0
9 21.7919 0
9 21.79195 0
9 21.79191 0
9 11.51796 0
9 11.51779 0
9 11.51796 0
9 11.51791 0
9 11.51788 0
9 12.0161 0
9 12.01621 0
9 12.01611 0
9 12.01621 0
9 10.81505 0
9 10.81503 0
9 10.81511 0
9 10.81512 0
9 9.425043 0
9 9.425273 0
9 9.425063 0
9 9.425043 0
9 6.921043 0
9 6.9211 0
9 6.921071 0
9 6.920844 0
9 5.341921 0
9 4.568275 0
9 4.568233 0
9 4.568275 0
9 4.568275 0
9 14.06861 0
9 14.06854 0
9 14.06874 0
9 14.06848 0
9 2.765695 0
9 2.765695 0
9 2.765695 0
9 2.765766 0
9 3.996941 0
9 3.996745 0
9 3.997039 0
9 3.996843 0
9 4.728204 0
9 4.728121 0
9 4.727872 0
9 4.728079 0
9 4.727913 0
9 5.871493 0
9 5.871493 0
9 5.871493 0
9 5.871426 0
9 7.258988 0
9 7.259257 0
9 7.259176 0
9 7.25915 0
9 7.259176 0
9 16.59114 0
9 16.59107 0
9 16.59116 0
9 16.59107 0
9 16.38016 0
9 16.38012 0
9 16.38008 0
9 16.37998 0
9 16.38006 0
9 9.610939 0
9 9.611061 0
9 9.610714 0
9 9.611001 0
9 9.798217 0
9 9.798177 0
9 9.798057 0
9 9.798278 0
9 9.884812 0
9 9.884952 0
9 9.884692 0
9 9.884593 0
9 9.884971 0
9 9.630495 0
9 9.630617 0
9 9.630556 0
9 9.630413 0
9 9.467554 0
9 9.467699 0
9 9.467367 0
9 9.467616 0
9 9.457957 0
9 9.589705 0
9 9.589643 0
9 9.589643 0
9 9.58952 0
9 9.546187 0
9 9.546229 0
9 9.546311 0
9 9.546187 0
9 9.54629 0
9 9.546331 0
9 9.546352 0
9 9.546249 0
9 13.42012 0
9 13.41992 0
9 13.41988 0
9 13.41997 0
9 13.42001 0
9 11.86126 0
9 11.86133 0
9 11.86141 0
9 11.86136 0
9 11.15323 0
9 11.15332 0
9 11.1533 0
9 11.1533 0
9 10.75475 0
9 10.75453 0
9 10.75462 0
9 10.75455 0
9 10.62344 0
9 10.62342 0
9 10.62353 0
9 10.62334 0
9 10.56392 0
9 10.54581 0
9 10.54587 0
9 10.54576 0
9 10.54593 0
9 9.752256 0
9 9.752235 0
9 9.752195 0
9 9.752337 0
9 9.170419 0
9 9.170291 0
9 9.170398 0
9 9.170333 0
9 9.170376 0
9 8.312645 0
9 8.312574 0
9 8.312621 0
9 8.312787 0
9 7.817658 0
9 7.817558 0
9 7.817508 0
9 7.817508 0
9 7.817457 0
9 7.829199 0
9 7.829074 0
9 7.828974 0
9 7.829074 0
9 21.79201 0
9 21.79182 0
9 21.79193 0
9 21.79204 0
9 21.79185 0
9 21.79195 0
9 21.79195 0
9 21.79206 0
9 21.79201 0
9 21.79193 0
9 21.79183 0
9 21.79188 0
9 21.7919 0
9 21.79184 0
9 18.8225 0
9 18.82246 0
9 18.82258 0
9 18.82249 0
9 17.68303 0
9 17.00945 0
9 17.00937 0
9 17.00935 0
9 17.00945 0
9 18.97029 0
9 18.97029 0
9 18.97033 0
9 18.97037 0
9 15.03635 0
9 15.03647 0
9 15.03671 0
9 15.03639 0
9 15.03636 0
9 18.13684 0
9 18.13686 0
9 18.13692 0
9 18.13686 0
9 13.22944 0
9 13.22933 0
9 13.22941 0
9 13.22942 0
9 13.22957 0
9 31.18987 0
9 31.18997 0
9 31.18985 0
9 31.1899 0
9 31.18988 0
9 21.79201 0
9 21.79197 0
9 21.79203 0
9 21.79206 0
9 21.79214 0
9 21.79187 0
9 21.79204 0
9 21.792 0
9 21.79208 0
9 27.673 0
9 27.67309 0
9 27.67315 0
9 27.67301 0
9 27.67289 0
9 28.63173 0
9 28.63181 0
9 28.63175 0
9 28.6319 0
9 28.63177 0
9 26.81471 0
9 20.77483 0
9 20.77468 0
9 20.77471 0
9 20.77468 0
9 20.74963 0
9 20.74989 0
9 20.74973 0
9 20.74963 0
9 20.80905 0
9 20.24217 0
9 20.24211 0
9 20.24209 0
9 20.24213 0
9 18.70776 0
9 18.70776 0
9 18.7078 0
9 18.70781 0
9 18.70791 0
9 17.82899 0
9 17.82917 0
9 17.82893 0
9 17.82902 0
9 17.82906 0
9 26.67767 0
9 26.67759 0
9 26.67749 0
9 26.67769 0
9 26.6776 0
9 25.93279 0
9 25.93283 0
9 25.93279 0
9 25.93275 0
9 25.35963 0
9 33.86589 0
9 33.86609 0
9 33.866 0
9 33.86603 0
9 24.77898 0
9 24.7792 0
9 24.77898 0
9 24.77894 0
9 24.77896 0
9 27.5149 0
9 27.51471 0
9 27.51476 0
9 27.51486 0
9 23.1975 0
9 22.77263 0
9 22.77246 0
9 22.77239 0
9 22.77233 0
9 22.47583 0
9 22.47607 0
9 22.47598 0
9 22.47595 0
9 22.47598 0
9 22.11427 0
9 22.11443 0
9 22.11436 0
9 22.11443 0
9 22.11437 0
9 22.0519 0
9 22.05199 0
9 22.05199 0
9 22.05187 0
9 22.06082 0
9 22.06077 0
9 22.06091 0
9 22.0607 0
9 22.06069 0
9 21.79201 0
9 21.79197 0
9 21.79195 0
9 21.79195 0
9 21.79198 0
9 21.79188 0
9 21.79197 0
9 21.79191 0
9 21.79202 0
9 25.07827 0
9 25.07831 0
9 25.0783 0
9 25.07834 0
9 25.07827 0
9 25.31302 0
9 25.31314 0
9 25.3132 0
9 25.31314 0
9 25.87903 0
9 25.87906 0
9 25.8791 0
9 25.8792 0
9 26.10661 0
9 26.10671 0
9 26.10652 0
9 26.10666 0
9 26.1067 0
9 25.91743 0
9 25.9175 0
9 25.91746 0
9 25.91748 0
9 26.4311 0
9 26.431 0
9 26.43108 0
9 26.43117 0
9 21.792 0
9 21.79197 0
9 21.79183 0
9 21.79195 0
9 21.79212 0
9 21.79192 0
9 21.79197 0
9 21.79204 0
9 21.79207 0
9 21.7919 0
9 24.0154 0
9 24.01554 0
9 24.01549 0
9 24.01556 0
9 28.42249 0
9 28.5845 0
9 28.58439 0
9 28.58457 0
9 28.58452 0
9 28.58447 0
9 24.52795 0
9 24.52795 0
9 24.52808 0
9 24.5279 0
9 24.52793 0
9 30.14872 0
9 30.14867 0
9 30.14867 0
9 30.14853 0
9 30.06497 0
9 30.06493 0
9 30.06485 0
9 30.06494 0
9 29.78239 0
9 29.78219 0
9 29.78213 0
9 29.7821 0
9 29.50187 0
9 29.50187 0
9 29.50194 0
9 29.50189 0
9 29.19432 0
9 29.19457 0
9 29.19451 0
9 29.19451 0
9 29.19447 0
9 28.8511 0
9 28.85103 0
9 28.85102 0
9 28.85114 0
9 29.36081 0
9 29.36081 0
9 29.36059 0
9 29.36086 0
9 21.79197 0
9 21.79183 0
9 21.79195 0
9 21.79188 0
9 21.79189 0
9 16.36594 0
9 16.36596 0
9 16.36588 0
9 16.36599 0
9 16.36604 0
9 19.07755 0
9 19.07764 0
9 19.07759 0
9 19.07751 0
9 19.07756 0
9 21.46406 0
9 21.46404 0
9 21.46402 0
9 21.46403 0
9 16.25121 0
9 16.25105 0
9 16.25111 0
9 16.25122 0
9 16.25122 0
9 16.25118 0
9 16.47622 0
9 16.47606 0
9 16.4762 0
9 16.47612 0
9 16.47621 0
9 15.14634 0
9 15.14647 0
9 15.1463 0
9 15.14653 0
9 20.77643 0
9 20.77638 0
9 20.77624 0
9 20.77616 0
9 20.7763 0
9 21.79198 0
9 21.79188 0
9 21.79184 0
9 21.79195 0
9 21.79197 0
9 14.27363 0
9 14.27361 0
9 14.27388 0
9 14.27371 0
9 14.27359 0
9 15.17689 0
9 15.17679 0
9 15.17686 0
9 15.17683 0
9 15.13494 0
9 15.13508 0
9 15.13503 0
9 15.13511 0
9 15.13504 0
9 12.23263 0
9 12.23251 0
9 12.23274 0
9 12.23266 0
9 13.22981 0
9 13.22974 0
9 13.22974 0
9 13.22959 0
9 15.08587 0
9 15.08586 0
9 15.08569 0
9 15.08585 0
9 15.68033 0
9 15.68034 0
9 15.68032 0
9 15.68025 0
9 19.75266 0
9 19.75277 0
9 19.75275 0
9 19.75272 0
9 19.75275 0
9 16.84483 0
9 16.84456 0
9 16.84466 0
9 16.84462 0
9 17.0899 0
9 17.08994 0
9 17.08997 0
9 17.08988 0
9 17.16104 0
9 17.16115 0
9 17.16102 0
9 17.16113 0
9 16.929 0
9 16.92918 0
9 16.92921 0
9 16.92904 0
9 17.30199 0
9 17.30214 0
9 17.30201 0
9 17.30184 0
9 16.75965 0
9 16.7598 0
9 16.75986 0
9 16.7598 0
9 16.75969 0
9 21.79193 0
9 21.79185 0
9 21.79193 0
9 21.79197 0
9 21.79195 0
9 19.66174 0
9 19.66172 0
9 19.66171 0
9 19.66184 0
9 19.66177 0
9 19.00462 0
9 19.0046 0
9 19.00466 0
9 19.00461 0
9 18.974 0
9 26.18808 0
9 26.1881 0
9 26.1881 0
9 26.188 0
9 25.40348 0
9 25.26495 0
9 25.26495 0
9 25.26494 0
9 25.26495 0
9 25.07694 0
9 25.07675 0
9 25.07677 0
9 25.07684 0
9 14.14257 0
9 14.14252 0
9 14.14259 0
9 14.14253 0
9 14.14247 0
9 18.37445 0
9 18.37446 0
9 18.37437 0
9 18.37449 0
9 18.50918 0
9 18.50922 0
9 18.50913 0
9 18.5091 0
9 18.50923 0
9 18.74692 0
9 18.74693 0
9 18.74693 0
9 18.74687 0
9 18.8351 0
9 18.83503 0
9 18.83517 0
9 18.83518 0
9 19.30958 0
9 19.30964 0
9 19.30975 0
9 19.30954 0
9 19.97054 0
9 19.97058 0
9 19.97059 0
9 19.97057 0
9 19.97055 0
9 20.19798 0
9 20.19802 0
9 20.19808 0
9 20.19803 0
9 20.01784 0
9 20.01776 0
9 20.0178 0
9 20.01774 0
9 20.01782 0
9 19.92005 0
9 19.92012 0
9 19.91997 0
9 19.92003 0
9 19.90227 0
9 19.9023 0
9 19.90225 0
9 19.9023 0
9 19.7076 0
9 19.70757 0
9 19.70759 0
9 19.7076 0
9 19.70758 0
9 21.27889 0
9 21.27871 0
9 21.2788 0
9 21.27869 0
9 21.11195 0
9 21.11185 0
9 21.11197 0
9 21.11205 0
9 20.95616 0
9 20.82263 0
9 20.82261 0
9 20.82263 0
9 20.82271 0
9 20.82262 0
9 15.24825 0
9 15.24802 0
9 15.24815 0
9 15.24816 0
9 15.45878 0
9 15.45863 0
9 15.45858 0
9 15.45855 0
9 15.45867 0
9 21.79185 0
9 21.79195 0
9 21.79208 0
9 21.79188 0
9 21.79195 0
9 21.7919 0
9 21.79199 0
9 21.79189 0
9 21.79199 0
9 20.03782 0
9 20.03772 0
9 20.03793 0
9 20.03775 0
9 21.79197 0
9 21.79193 0
9 21.79197 0
9 21.79186 0
9 21.79192 0
9 21.79183 0
9 21.79215 0
9 21.79195 0
9 21.79189 0
9 21.79197 0
9 21.79193 0
9 21.79179 0
9 21.79193 0
9 21.79178 0
9 21.79197 0
9 21.79191 0
9 21.79186 0
9 21.79203 0
9 21.79197 0
9 21.792 0
9 21.79201 0
9 21.79206 0
9 21.7919 0
9 21.79193 0
9 21.7919 0
9 21.79183 0
9 21.79175 0
9 21.79186 0
9 21.79195 0
9 21.79193 0
9 21.79195 0
9 21.79197 0
9 21.79195 0
9 21.7921 0
9 21.79197 0
9 21.79218 0
9 21.79191 0
9 21.79205 0
9 21.79203 0
9 21.79195 0
9 21.79191 0
9 21.79203 0
9 21.79199 0
9 21.79202 0
9 21.792 0
9 21.79187 0
9 21.79191 0
9 21.7919 0
9 21.79182 0
9 38.1954 0
9 38.19534 0
9 38.19521 0
9 38.1954 0
9 38.19545 0
9 29.71955 0
9 29.71944 0
9 29.7195 0
9 29.71944 0
9 29.71947 0
9 37.02848 0
9 37.0284 0
9 37.02839 0
9 37.02835 0
9 36.83872 0
9 36.25716 0
9 36.25704 0
9 36.25691 0
9 36.25708 0
9 35.39621 0
9 35.39625 0
9 35.39621 0
9 35.39631 0
9 35.3961 0
9 34.17987 0
9 34.1799 0
9 34.17983 0
9 34.17969 0
9 33.44376 0
9 33.44367 0
9 33.44363 0
9 33.44368 0
9 33.4437 0
9 32.78484 0
9 32.78499 0
9 32.785 0
9 32.785 0
9 27.82748 0
9 27.82775 0
9 27.82748 0
9 27.82773 0
9 27.82768 0
9 27.82773 0
9 31.34074 0
9 31.34062 0
9 31.34068 0
9 31.34074 0
9 31.34064 0
9 30.68473 0
9 30.68472 0
9 30.68472 0
9 30.68475 0
9 30.76478 0
9 30.76467 0
9 30.76479 0
9 30.76443 0
9 30.76478 0
9 21.79201 0
9 21.79195 0
9 21.79189 0
9 21.79195 0
9 17.60407 0
9 17.60423 0
9 17.60435 0
9 17.60435 0
9 17.60419 0
9 18.33018 0
9 18.33032 0
9 18.33041 0
9 18.33023 0
9 18.55425 0
9 18.69384 0
9 18.69354 0
9 18.69353 0
9 18.69358 0
9 18.66142 0
9 18.66141 0
9 18.66158 0
9 18.66178 0
9 18.50177 0
9 18.5017 0
9 18.50173 0
9 18.50195 0
9 18.77716 0
9 18.77703 0
9 18.77741 0
9 18.7773 0
9 19.59727 0
9 19.59727 0
9 19.59727 0
9 19.59736 0
9 19.59719 0
9 20.57741 0
9 20.57767 0
9 20.57755 0
9 20.57761 0
9 23.44317 0
9 21.7921 0
9 21.79195 0
9 21.79191 0
9 21.79202 0
9 11.35943 0
9 11.35954 0
9 11.35933 0
9 11.35957 0
9 11.35961 0
9 11.19273 0
9 11.19273 0
9 11.19264 0
9 11.19294 0
9 11.38436 0
9 11.38456 0
9 11.38427 0
9 11.38434 0
9 11.29942 0
9 11.29939 0
9 11.29939 0
9 11.29939 0
9 11.12006 0
9 11.12013 0
9 11.12012 0
9 11.1201 0
9 11.13981 0
9 11.30826 0
9 11.30838 0
9 11.30861 0
9 11.30828 0
9 11.55154 0
9 11.55173 0
9 11.55159 0
9 11.55164 0
9 11.75381 0
9 11.75361 0
9 11.7537 0
9 11.75376 0
9 11.7756 0
9 11.77562 0
9 11.77557 0
9 11.77547 0
9 11.77565 0
9 12.23332 0
9 12.2334 0
9 12.23356 0
9 12.23355 0
9 13.10169 0
9 13.10169 0
9 13.10175 0
9 13.10168 0
9 13.10168 0
9 13.25946 0
9 13.2594 0
9 13.25941 0
9 13.25947 0
9 13.20352 0
9 12.86474 0
9 12.86476 0
9 12.86469 0
9 12.86457 0
9 12.04367 0
9 12.04387 0
9 12.04369 0
9 12.0438 0
9 11.75914 0
9 11.75921 0
9 11.75906 0
9 11.75918 0
9 11.75916 0
9 17.38638 0
9 17.38644 0
9 17.38662 0
9 17.38655 0
9 4.328934 0
9 4.534708 0
9 4.53475 0
9 4.534837 0
9 4.534621 0
9 5.332705 0
9 5.333 0
9 5.332742 0
9 5.332816 0
9 5.33289 0
9 8.26883 0
9 8.268877 0
9 8.268783 0
9 8.268949 0
9 8.268901 0
9 15.1539 0
9 15.15364 0
9 15.15377 0
9 15.1538 0
9 15.15376 0
9 15.61455 0
9 15.61446 0
9 15.61451 0
9 15.61457 0
9 15.61441 0
9 15.61431 0
9 21.79207 0
9 21.79198 0
9 21.79201 0
9 21.79209 0
9 12.92771 0
9 12.92774 0
9 12.92791 0
9 12.92777 0
9 12.92772 0
9 12.92777 0
9 11.1665 0
9 11.16654 0
9 11.16638 0
9 11.1665 0
9 9.486801 0
9 9.4943 0
9 9.49432 0
9 9.494382 0
9 9.494258 0
9 9.498253 0
9 9.49815 0
9 9.498191 0
9 9.498067 0
9 9.26582 0
9 9.265799 0
9 9.265672 0
9 9.265735 0
9 9.373203 0
9 9.373287 0
9 9.373203 0
9 9.373245 0
9 9.373266 0
9 11.60476 0
9 11.60473 0
9 11.60487 0
9 11.60482 0
9 17.45246 0
9 17.4525 0
9 17.45261 0
9 17.45243 0
9 16.31828 0
9 16.31819 0
9 16.31819 0
9 16.31812 0
9 16.31814 0
9 16.12532 0
9 16.12539 0
9 16.12545 0
9 16.12547 0
9 17.11286 0
9 17.11282 0
9 17.11286 0
9 17.11301 0
9 15.29027 0
9 15.2905 0
9 15.29054 0
9 15.29036 0
9 15.29051 0
9 21.7919 0
9 21.79185 0
9 21.79195 0
9 21.792 0
9 21.7919 0
9 18.78369 0
9 18.78353 0
9 18.78353 0
9 18.78357 0
9 21.79203 0
9 21.79187 0
9 21.79205 0
9 21.79193 0
9 21.79208 0
9 21.79186 0
9 21.79204 0
9 21.79202 0
9 21.79191 0
9 21.79195 0
9 21.79203 0
9 21.79197 0
9 12.52202 0
9 12.52226 0
9 12.52205 0
9 12.52212 0
9 12.52227 0
9 21.79181 0
9 21.79199 0
9 21.79201 0
9 21.79197 0
9 21.79189 0
9 13.49427 0
9 13.49437 0
9 13.49453 0
9 13.49431 0
9 14.01913 0
9 14.019 0
9 14.01919 0
9 14.01914 0
9 14.01921 0
9 20.92058 0
9 20.92055 0
9 20.9206 0
9 20.92043 0
9 21.19583 0
9 21.19606 0
9 21.19602 0
9 21.19593 0
9 21.38339 0
9 21.60655 0
9 21.60677 0
9 21.60662 0
9 21.6065 0
9 21.97063 0
9 21.97067 0
9 21.97064 0
9 21.97063 0
9 22.38952 0
9 22.38953 0
9 22.38948 0
9 22.3895 0
9 22.38945 0
9 22.71872 0
9 22.71882 0
9 22.71869 0
9 22.71858 0
9 22.71866 0
9 14.99065 0
9 14.99076 0
9 14.99066 0
9 14.99076 0
9 15.02155 0
9 15.02156 0
9 15.02156 0
9 15.0214 0
9 21.64126 0
9 21.64137 0
9 21.6412 0
9 21.64133 0
9 21.75567 0
9 21.75145 0
9 21.75161 0
9 21.7516 0
9 21.75149 0
9 21.60439 0
9 21.60453 0
9 21.60452 0
9 21.60451 0
9 21.59068 0
9 21.59058 0
9 21.59067 0
9 21.59074 0
9 21.25373 0
9 21.25379 0
9 21.25373 0
9 21.25376 0
9 21.23991 0
9 14.29616 0
9 14.29619 0
9 14.2962 0
9 14.29623 0
9 14.42751 0
9 14.42751 0
9 14.4277 0
9 14.42756 0
9 14.44431 0
9 21.79193 0
9 21.79197 0
9 21.79189 0
9 21.79189 0
9 16.29403 0
9 16.29391 0
9 16.29399 0
9 16.29419 0
9 16.294 0
9 11.02107 0
9 11.02107 0
9 11.02116 0
9 11.021 0
9 11.02127 0
9 15.45223 0
9 15.45218 0
9 15.45221 0
9 15.45216 0
9 15.63276 0
9 21.79205 0
9 21.7919 0
9 21.79207 0
9 21.79197 0
9 21.79191 0
9 21.79192 0
9 21.79184 0
9 21.79195 0
9 21.79201 0
9 21.79206 0
9 21.79202 0
9 21.79206 0
9 21.79202 0
9 21.79202 0
9 21.79195 0
9 21.79193 0
9 21.79195 0
9 17.59953 0
9 17.59958 0
9 17.59958 0
9 17.59954 0
9 17.59974 0
9 17.7716 0
9 17.77163 0
9 17.77165 0
9 17.7716 0
9 17.77175 0
9 18.06566 0
9 18.06561 0
9 18.0657 0
9 18.06554 0
9 18.06562 0
9 16.55378 0
9 16.55395 0
9 16.55382 0
9 16.5539 0
9 19.34063 0
9 19.34068 0
9 19.34077 0
9 19.34066 0
9 19.34068 0
9 14.66613 0
9 14.66629 0
9 14.66628 0
9 14.66614 0
9 14.66622 0
9 15.09757 0
9 15.09736 0
9 15.09753 0
9 15.09744 0
9 13.79558 0
9 13.79563 0
9 13.79558 0
9 13.7957 0
9 13.79554 0
9 13.8899 0
9 13.88978 0
9 13.88983 0
9 13.88993 0
9 13.7604 0
9 13.76058 0
9 13.76057 0
9 13.7605 0
9 9.968787 0
9 9.969084 0
9 9.969025 0
9 9.968886 0
9 9.793721 0
9 10.73704 0
9 10.73711 0
9 10.73717 0
9 10.73711 0
9 11.44264 0
9 11.44264 0
9 11.44264 0
9 11.44274 0
9 11.44269 0
9 12.01693 0
9 12.0167 0
9 12.01678 0
9 12.01678 0
9 12.48039 0
9 12.4804 0
9 12.48037 0
9 12.48051 0
9 12.93846 0
9 12.93843 0
9 12.93839 0
9 12.93848 0
9 12.93837 0
9 9.126859 0
9 9.126838 0
9 9.126966 0
9 9.126838 0
9 5.770475 0
9 5.445177 0
9 5.445213 0
9 5.445033 0
9 5.445177 0
9 13.34704 0
9 13.347 0
9 13.347 0
9 13.34698 0
9 13.42543 0
9 13.45492 0
9 13.45486 0
9 13.45469 0
9 13.45475 0
9 13.4757 0
9 13.4757 0
9 13.47571 0
9 13.47574 0
9 13.37448 0
9 13.27052 0
9 13.27053 0
9 13.27043 0
9 13.2705 0
9 13.24095 0
9 13.24094 0
9 13.24085 0
9 13.24091 0
9 13.24089 0
9 13.23867 0
9 13.39188 0
9 13.39191 0
9 13.39191 0
9 13.39188 0
9 13.60424 0
9 13.60421 0
9 13.60429 0
9 13.60416 0
9 13.5341 0
9 13.53408 0
9 13.53408 0
9 13.53406 0
9 13.32816 0
9 13.32824 0
9 13.32818 0
9 13.32816 0
9 13.04697 0
9 13.04692 0
9 13.04689 0
9 13.04689 0
9 13.13613 0
9 13.32479 0
9 13.32485 0
9 13.32482 0
9 13.32483 0
9 13.42134 0
9 13.42135 0
9 13.42141 0
9 13.42141 0
9 16.01943 0
9 16.01945 0
9 16.01947 0
9 16.01952 0
9 14.76439 0
9 14.76429 0
9 14.76453 0
9 14.76437 0
9 14.81194 0
9 14.80937 0
9 14.8093 0
9 14.80938 0
9 14.80934 0
9 14.75323 0
9 14.75331 0
9 14.75331 0
9 14.75325 0
9 14.88805 0
9 14.88806 0
9 14.88801 0
9 14.88816 0
9 14.76766 0
9 14.76778 0
9 14.7678 0
9 14.7677 0
9 14.76769 0
9 14.8459 0
9 14.84601 0
9 14.846 0
9 14.846 0
9 14.9313 0
9 14.93128 0
9 14.93136 0
9 14.93131 0
9 14.98163 0
9 14.9816 0
9 14.98163 0
9 14.98168 0
9 14.98163 0
9 14.90234 0
9 14.90233 0
9 14.90231 0
9 14.90229 0
9 14.89682 0
9 14.89671 0
9 14.89682 0
9 14.89674 0
9 14.92579 0
9 14.89929 0
9 14.89944 0
9 14.89935 0
9 14.89935 0
9 14.75429 0
9 14.75427 0
9 14.75441 0
9 14.75435 0
9 14.75433 0
9 14.75445 0
9 14.75442 0
9 14.75445 0
9 14.39882 0
9 21.79197 0
9 21.7922 0
9 21.79186 0
9 21.79197 0
9 4.51731 0
9 14.62817 0
9 14.62823 0
9 14.62823 0
9 14.62812 0
9 4.221646 0
9 4.221739 0
9 4.221693 0
9 4.221693 0
9 15.40558 0
9 4.12431 0
9 4.124405 0
9 4.1245 0
9 4.124263 0
9 4.120272 0
9 4.120415 0
9 4.12032 0
9 4.120272 0
9 4.12032 0
9 14.9634 0
9 14.96336 0
9 14.96329 0
9 14.96333 0
9 14.94348 0
9 14.9435 0
9 14.94354 0
9 14.94353 0
9 14.80488 0
9 14.81007 0
9 14.81002 0
9 14.81002 0
9 14.80998 0
9 14.57874 0
9 14.57868 0
9 14.57877 0
9 14.57867 0
9 14.53892 0
9 14.51192 0
9 14.51201 0
9 14.51186 0
9 14.51194 0
9 14.54455 0
9 14.54452 0
9 14.54471 0
9 14.54462 0
9 14.58574 0
9 14.58581 0
9 14.58572 0
9 14.58576 0
9 14.60292 0
9 14.58288 0
9 14.58289 0
9 14.58289 0
9 14.58281 0
9 14.58285 0
9 15.42742 0
9 15.42742 0
9 15.42744 0
9 15.42747 0
9 15.52046 0
9 15.50423 0
9 15.50408 0
9 15.504 0
9 15.50428 0
9 15.3569 0
9 15.35697 0
9 15.35703 0
9 15.35697 0
9 15.12175 0
9 15.12167 0
9 15.12172 0
9 15.12182 0
9 15.12167 0
9 15.00339 0
9 15.00342 0
9 15.00345 0
9 15.00334 0
9 14.96706 0
9 14.96721 0
9 14.96705 0
9 14.96717 0
9 15.20636 0
9 15.20636 0
9 15.20641 0
9 15.20641 0
9 15.19966 0
9 15.29069 0
9 15.29077 0
9 15.29071 0
9 15.29064 0
9 15.55882 0
9 15.55869 0
9 15.55878 0
9 15.55873 0
9 15.65352 0
9 15.65359 0
9 15.65353 0
9 15.65348 0
9 15.78057 0
9 15.78064 0
9 15.78055 0
9 15.78059 0
9 15.74656 0
9 15.74656 0
9 15.74644 0
9 15.74653 0
9 15.6735 0
9 15.6734 0
9 15.6734 0
9 15.67353 0
9 15.6735 0
9 15.73914 0
9 15.73897 0
9 15.73898 0
9 15.73907 0
9 15.60547 0
9 15.60545 0
9 15.60552 0
9 15.60543 0
9 15.60548 0
9 15.53073 0
9 15.53076 0
9 15.53073 0
9 15.53081 0
9 15.39484 0
9 15.39483 0
9 15.39489 0
9 15.3948 0
9 5.503563 0
9 5.503741 0
9 5.503634 0
9 5.50367 0
9 5.503563 0
9 3.744236 0
9 3.744079 0
9 3.744183 0
9 3.744027 0
9 21.79208 0
9 21.79193 0
9 21.79195 0
9 21.79202 0
9 21.7919 0
9 12.59686 0
9 12.59673 0
9 12.5968 0
9 12.5968 0
9 12.59672 0
9 11.42556 0
9 11.42567 0
9 11.42568 0
9 11.42568 0
9 11.66809 0
9 11.66804 0
9 11.66819 0
9 11.66816 0
9 12.27655 0
9 12.27649 0
9 12.27639 0
9 12.27637 0
9 11.83251 0
9 11.83245 0
9 11.83251 0
9 11.83225 0
9 11.8326 0
9 11.19523 0
9 11.19503 0
9 11.19501 0
9 11.19514 0
9 11.1668 0
9 11.16678 0
9 11.16678 0
9 11.16678 0
9 11.39518 0
9 11.39525 0
9 11.39523 0
9 11.39529 0
9 14.65501 0
9 14.65498 0
9 14.6551 0
9 14.65519 0
9 14.65501 0
9 16.16023 0
9 16.16026 0
9 16.16019 0
9 16.16007 0
9 16.26818 0
9 16.2684 0
9 16.26828 0
9 16.26834 0
9 16.41217 0
9 16.41219 0
9 16.41226 0
9 16.41232 0
9 16.58878 0
9 16.58891 0
9 16.58892 0
9 16.58887 0
9 14.63806 0
9 14.63817 0
9 14.63813 0
9 14.63813 0
9 14.63821 0
9 21.79212 0
9 21.79198 0
9 21.79206 0
9 21.79204 0
9 21.7921 0
9 21.79195 0
9 21.79197 0
9 21.79192 0
9 21.79204 0
9 21.79187 0
9 21.79182 0
9 21.79198 0
9 21.79188 0
9 21.79185 0
9 21.79197 0
9 21.79187 0
9 21.79193 0
9 21.79189 0
9 21.79185 0
9 21.79185 0
9 21.79189 0
9 21.79191 0
9 21.79187 0
9 21.79203 0
9 21.7918 0
9 21.79198 0
9 21.79204 0
9 21.79185 0
9 21.79193 0
9 21.79191 0
9 21.79191 0
9 21.79201 0
9 21.79193 0
9 21.79204 0
9 21.79197 0
9 21.79202 0
9 21.79193 0
9 23.15543 0
9 23.1554 0
9 23.15547 0
9 23.15545 0
9 22.96155 0
9 22.96173 0
9 22.96162 0
9 22.96165 0
9 22.96163 0
9 19.09941 0
9 19.09929 0
9 19.09924 0
9 19.09916 0
9 19.0993 0
9 18.65768 0
9 18.65768 0
9 18.65791 0
9 18.65751 0
9 18.90292 0
9 18.903 0
9 18.90292 0
9 18.90296 0
9 18.91471 0
9 18.70628 0
9 18.70627 0
9 18.70635 0
9 18.70626 0
9 19.05528 0
9 19.05521 0
9 19.05519 0
9 19.05526 0
9 19.23631 0
9 19.2363 0
9 19.23638 0
9 19.23644 0
9 19.23639 0
9 19.85258 0
9 19.85256 0
9 19.85259 0
9 19.85267 0
9 20.31205 0
9 20.31211 0
9 20.31217 0
9 20.31214 0
9 20.31213 0
9 21.31101 0
9 21.31089 0
9 21.31108 0
9 21.31103 0
9 22.10478 0
9 22.10458 0
9 22.10476 0
9 22.10458 0
9 21.83845 0
9 21.83848 0
9 21.83838 0
9 21.83852 0
9 22.15505 0
9 22.15495 0
9 22.15468 0
9 22.15488 0
9 22.27601 0
9 22.27615 0
9 22.27612 0
9 22.27607 0
9 22.27613 0
9 22.47176 0
9 22.47188 0
9 22.47181 0
9 22.47172 0
9 22.97356 0
9 22.97359 0
9 22.9736 0
9 22.97355 0
9 22.97351 0
9 23.51334 0
9 23.51333 0
9 23.51348 0
9 23.51333 0
9 19.71131 0
9 19.71134 0
9 19.71127 0
9 19.71121 0
9 19.71131 0
9 11.03019 0
9 11.03003 0
9 11.03014 0
9 11.03016 0
9 11.03016 0
9 4.639288 0
9 4.63933 0
9 4.639372 0
9 4.639372 0
9 21.79195 0
9 21.79195 0
9 21.79191 0
9 21.79205 0
9 21.79185 0
9 21.79182 0
9 21.79188 0
9 21.79188 0
9 21.79191 0
9 21.79206 0
9 21.79193 0
9 21.79195 0
9 21.79192 0
9 21.7919 0
9 21.792 0
9 21.79197 0
9 21.79199 0
9 21.792 0
9 21.79197 0
9 11.07482 0
9 11.07491 0
9 11.07494 0
9 11.07489 0
9 11.07491 0
9 11.07485 0
9 14.96074 0
9 14.96094 0
9 14.96084 0
9 14.9608 0
9 9.141725 0
9 9.141789 0
9 9.141725 0
9 9.14181 0
9 8.543851 0
9 8.543874 0
9 8.543942 0
9 8.543851 0
9 8.217881 0
9 8.217762 0
9 8.217738 0
9 8.217762 0
9 7.469131 0
9 7.469236 0
9 7.469288 0
9 7.469315 0
9 7.469394 0
9 7.505874 0
9 7.506057 0
9 7.506057 0
9 7.506083 0
9 7.086816 0
9 7.086926 0
9 7.086816 0
9 7.086788 0
9 11.07082 0
9 11.07078 0
9 11.07087 0
9 11.07078 0
9 10.31259 0
9 10.31265 0
9 10.31269 0
9 10.31279 0
9 10.31269 0
9 10.5971 0
9 10.59706 0
9 10.59697 0
9 10.59708 0
9 10.59713 0
9 11.51167 0
9 11.5116 0
9 11.51167 0
9 11.51163 0
9 10.77534 0
9 10.77539 0
9 10.77532 0
9 10.77543 0
9 10.77534 0
9 10.50837 0
9 10.50811 0
9 10.50832 0
9 10.50824 0
9 10.43898 0
9 10.64006 0
9 10.63993 0
9 10.64015 0
9 10.64006 0
9 10.31605 0
9 10.31605 0
9 10.31599 0
9 10.31593 0
9 10.31595 0
9 9.777205 0
9 9.777205 0
9 9.777245 0
9 9.777245 0
9 9.777083 0
9 8.161928 0
9 8.16188 0
9 8.162073 0
9 8.161952 0
9 21.79193 0
9 21.79202 0
9 21.79212 0
9 21.79202 0
9 21.79199 0
9 21.79206 0
9 21.79184 0
9 21.79195 0
9 21.79195 0
9 19.97034 0
9 19.97017 0
9 19.97029 0
9 19.97029 0
9 19.97036 0
9 20.87257 0
9 20.87259 0
9 20.87274 0
9 20.87253 0
9 20.58702 0
9 20.58699 0
9 20.58712 0
9 20.58698 0
9 20.46745 0
9 20.46726 0
9 20.46742 0
9 20.46733 0
9 20.52983 0
9 20.12422 0
9 20.12418 0
9 20.12428 0
9 20.12417 0
9 20.05555 0
9 20.05574 0
9 20.0557 0
9 20.05565 0
9 19.96844 0
9 19.96846 0
9 19.96837 0
9 19.96844 0
9 19.59676 0
9 19.59683 0
9 19.59682 0
9 19.59685 0
9 19.28951 0
9 19.28949 0
9 19.28941 0
9 19.28947 0
9 18.82317 0
9 18.8231 0
9 18.82317 0
9 18.82302 0
9 18.82303 0
9 18.36513 0
9 18.36523 0
9 18.36512 0
9 18.3652 0
9 18.23975 0
9 18.23976 0
9 18.23971 0
9 18.23962 0
9 18.23973 0
9 17.10692 0
9 17.10654 0
9 17.10672 0
9 17.10676 0
9 13.90834 0
9 13.90814 0
9 13.90832 0
9 13.90846 0
9 13.90833 0
9 13.80068 0
9 13.80061 0
9 13.80068 0
9 13.80067 0
9 13.80061 0
9 17.37049 0
9 17.37048 0
9 17.37051 0
9 17.37055 0
9 21.79184 0
9 21.79195 0
9 21.79187 0
9 21.79195 0
9 21.7919 0
9 9.842628 0
9 9.842709 0
9 9.842669 0
9 9.842669 0
9 9.842688 0
9 8.846023 0
9 8.845844 0
9 8.845934 0
9 8.846 0
9 8.866674 0
9 8.86663 0
9 8.866652 0
9 8.866608 0
9 8.866608 0
9 8.822452 0
9 8.822385 0
9 8.822562 0
9 8.822407 0
9 9.058225 0
9 9.058203 0
9 9.05816 0
9 9.058268 0
9 9.058095 0
9 8.82726 0
9 8.827147 0
9 8.827282 0
9 8.827215 0
9 8.714808 0
9 8.714764 0
9 8.714787 0
9 8.714921 0
9 8.714741 0
9 8.315999 0
9 8.315928 0
9 8.316116 0
9 8.315999 0
9 8.218814 0
9 8.218814 0
9 8.21879 0
9 8.21879 0
9 8.218766 0
9 27.18868 0
9 27.18875 0
9 27.1887 0
9 27.1887 0
9 26.39153 0
9 26.3916 0
9 26.3917 0
9 26.39158 0
9 26.39155 0
9 26.43093 0
9 26.43087 0
9 26.43083 0
9 26.43096 0
9 26.43083 0
9 26.52512 0
9 26.52504 0
9 26.52517 0
9 26.52509 0
9 26.425 0
9 26.42513 0
9 26.425 0
9 26.42487 0
9 26.28618 0
9 26.28629 0
9 26.28634 0
9 26.28623 0
9 26.28611 0
9 26.24203 0
9 26.24198 0
9 26.24197 0
9 26.24185 0
9 21.79189 0
9 21.79199 0
9 21.79203 0
9 21.79205 0
9 21.7919 0
9 21.79207 0
9 21.792 0
9 21.79195 0
9 21.79199 0
9 21.7919 0
9 21.79201 0
9 21.79187 0
9 21.79193 0
9 21.79188 0
9 21.79201 0
9 21.79193 0
9 21.79208 0
9 21.79192 0
9 21.79206 0
9 21.79201 0
9 21.79195 0
9 21.79192 0
9 21.79192 0
9 21.79197 0
9 21.792 0
9 21.79192 0
9 21.79191 0
9 21.79203 0
9 21.79189 0
9 21.79189 0
9 21.79175 0
9 21.79186 0
9 21.79189 0
9 10.03907 0
9 10.03903 0
9 10.03911 0
9 10.03903 0
9 16.0262 0
9 16.0262 0
9 16.02621 0
9 16.02617 0
9 15.15296 0
9 15.153 0
9 15.15307 0
9 15.15301 0
9 15.15307 0
9 15.85792 0
9 15.85795 0
9 15.85798 0
9 15.85807 0
9 15.49313 0
9 15.49297 0
9 15.49288 0
9 15.49319 0
9 15.40195 0
9 15.40186 0
9 15.40195 0
9 15.40188 0
9 15.40188 0
9 15.30038 0
9 15.30048 0
9 15.3006 0
9 15.30058 0
9 15.30048 0
9 15.3261 0
9 15.32605 0
9 15.32599 0
9 15.32597 0
9 15.04383 0
9 15.06569 0
9 15.06577 0
9 15.06581 0
9 15.06582 0
9 15.44538 0
9 15.4453 0
9 15.44547 0
9 15.44543 0
9 15.44541 0
9 15.50221 0
9 15.50239 0
9 15.50243 0
9 15.50239 0
9 15.50232 0
9 15.11254 0
9 15.11249 0
9 15.11236 0
9 15.11238 0
9 17.33679 0
9 17.33693 0
9 17.33666 0
9 17.33666 0
9 17.33679 0
9 14.32059 0
9 14.32085 0
9 14.32065 0
9 14.32084 0
9 14.96624 0
9 14.96625 0
9 14.96625 0
9 14.96627 0
9 14.96633 0
9 21.79184 0
9 21.79185 0
9 21.792 0
9 21.79203 0
9 21.79195 0
9 6.581804 0
9 6.581894 0
9 6.581804 0
9 6.581804 0
9 8.95504 0
9 8.955018 0
9 8.955173 0
9 8.955084 0
9 21.7919 0
9 12.84219 0
9 12.84205 0
9 12.84188 0
9 12.84214 0
9 8.045715 0
9 8.045813 0
9 8.045837 0
9 8.045813 0
9 9.385693 0
9 9.385735 0
9 9.385567 0
9 9.385567 0
9 9.166496 0
9 9.166561 0
9 9.166561 0
9 9.166453 0
9 9.238972 0
9 9.238951 0
9 9.238909 0
9 9.238759 0
9 9.124986 0
9 10.10122 0
9 10.10124 0
9 10.10122 0
9 10.10114 0
9 21.79203 0
9 21.79171 0
9 21.79193 0
9 21.79206 0
9 21.79195 0
9 7.09033 0
9 7.090219 0
9 7.09033 0
9 7.090496 0
9 8.677766 0
9 8.677698 0
9 8.677789 0
9 8.677766 0
9 8.782168 0
9 8.782125 0
9 8.782102 0
9 8.78199 0
9 8.782146 0
9 8.674732 0
9 8.674664 0
9 8.674597 0
9 8.674755 0
9 8.753514 0
9 8.753402 0
9 8.753558 0
9 8.753558 0
9 8.806249 0
9 8.806315 0
9 8.806204 0
9 8.806293 0
9 8.550653 0
9 8.550653 0
9 8.550721 0
9 8.550537 0
9 8.55056 0
9 8.730145 0
9 8.730257 0
9 8.730212 0
9 8.730234 0
9 8.73019 0
9 21.79195 0
9 21.79203 0
9 21.79185 0
9 21.7918 0
9 14.58187 0
9 14.58176 0
9 14.58176 0
9 14.58189 0
9 14.58172 0
9 12.04428 0
9 12.04436 0
9 12.0443 0
9 12.04443 0
9 11.92514 0
9 11.92509 0
9 11.92527 0
9 11.92539 0
9 11.92527 0
9 11.97143 0
9 11.97154 0
9 11.97181 0
9 11.97161 0
9 12.09822 0
9 12.09836 0
9 12.0982 0
9 12.09827 0
9 12.09823 0
9 12.1653 0
9 12.16539 0
9 12.16538 0
9 12.16525 0
9 12.05674 0
9 12.05684 0
9 12.05676 0
9 12.05653 0
9 12.05687 0
9 11.86272 0
9 11.863 0
9 11.8629 0
9 11.86266 0
9 11.86279 0
9 11.95015 0
9 12.00804 0
9 12.00815 0
9 12.00809 0
9 12.00806 0
9 12.07893 0
9 12.07881 0
9 12.07875 0
9 12.07883 0
9 12.0794 0
9 12.07938 0
9 12.07953 0
9 12.07945 0
9 12.06434 0
9 12.06487 0
9 12.06508 0
9 12.06487 0
9 12.06501 0
9 11.91219 0
9 11.91214 0
9 11.91233 0
9 11.91199 0
9 11.91218 0
9 21.79202 0
9 21.7919 0
9 21.79193 0
9 21.79185 0
9 21.79185 0
9 26.36641 0
9 26.36658 0
9 26.36628 0
9 26.36649 0
9 26.05024 0
9 26.05029 0
9 26.05026 0
9 26.05026 0
9 25.89013 0
9 25.89006 0
9 25.89001 0
9 25.89003 0
9 25.89014 0
9 26.11326 0
9 26.11332 0
9 26.11314 0
9 26.11331 0
9 23.06063 0
9 23.06042 0
9 23.06057 0
9 23.06055 0
9 21.79188 0
9 21.79183 0
9 21.79201 0
9 21.79197 0
9 10.06589 0
9 10.06593 0
9 10.06597 0
9 10.06595 0
9 10.06585 0
9 7.837318 0
9 7.837342 0
9 7.837167 0
9 7.837543 0
9 11.73964 0
9 11.73957 0
9 11.73969 0
9 11.73969 0
9 11.73972 0
9 21.79183 0
9 21.79197 0
9 21.79182 0
9 21.79189 0
9 21.79209 0
9 5.826722 0
9 5.826655 0
9 5.826621 0
9 5.826587 0
9 21.79209 0
9 21.79187 0
9 21.792 0
9 21.79203 0
9 4.169647 0
9 10.90228 0
9 10.90223 0
9 10.9023 0
9 10.90234 0
9 10.90223 0
9 5.358 0
9 5.358 0
9 5.358 0
9 5.357964 0
9 6.14194 0
9 6.141972 0
9 6.142036 0
9 6.141972 0
9 6.141972 0
9 6.253259 0
9 6.25307 0
9 6.253102 0
9 6.253165 0
9 10.85177 0
9 10.85183 0
9 10.85165 0
9 10.85172 0
9 10.85175 0
9 21.79193 0
9 21.79195 0
9 21.79185 0
9 21.79186 0
9 6.167899 0
9 6.167836 0
9 6.167899 0
9 6.167899 0
9 5.319351 0
9 21.79202 0
9 21.79197 0
9 21.79193 0
9 21.79193 0
9 7.532598 0
9 7.53265 0
9 7.53265 0
9 7.532415 0
9 7.532546 0
9 7.59577 0
9 7.595589 0
9 7.595589 0
9 7.595615 0
9 7.595796 0
9 4.602323 0
9 4.602407 0
9 4.602407 0
9 4.602407 0
9 4.540233 0
9 4.593035 0
9 4.593035 0
9 4.593035 0
9 4.593035 0
9 4.820523 0
9 4.820564 0
9 4.820523 0
9 4.820605 0
9 5.139079 0
9 5.139117 0
9 5.139079 0
9 5.139002 0
9 5.3979 0
9 5.397936 0
9 5.398045 0
9 5.397972 0
9 6.215616 0
9 6.215648 0
9 6.215648 0
9 6.215616 0
9 6.215648 0
9 6.215679 0
9 10.62708 0
9 10.62706 0
9 10.62712 0
9 10.62706 0
9 10.71032 0
9 21.79199 0
9 21.792 0
9 21.79198 0
9 21.79193 0
9 21.79198 0
9 21.79193 0
9 21.79198 0
9 21.79201 0
9 21.7919 0
9 21.7919 0
9 21.79195 0
9 21.79193 0
9 17.2465 0
9 17.24659 0
9 17.24665 0
9 17.2465 0
9 17.24659 0
9 21.79198 0
9 21.79198 0
9 21.79189 0
9 21.79192 0
9 21.79195 0
9 29.74019 0
9 29.74016 0
9 29.74011 0
9 29.74003 0
9 27.74627 0
9 27.74616 0
9 27.7461 0
9 27.74621 0
9 27.74618 0
9 23.13968 0
9 23.13955 0
9 23.13961 0
9 23.1397 0
9 21.68314 0
9 21.68317 0
9 21.6833 0
9 21.68323 0
9 21.68327 0
9 19.38025 0
9 19.38038 0
9 19.38035 0
9 19.38055 0
9 19.38037 0
9 19.38043 0
9 11.32521 0
9 11.32517 0
9 11.32524 0
9 11.32516 0
9 18.44041 0
9 18.44045 0
9 18.44041 0
9 18.44036 0
9 18.44046 0
9 23.25818 0
9 23.25813 0
9 23.2581 0
9 23.25808 0
9 23.25802 0
9 22.63622 0
9 22.63627 0
9 22.63632 0
9 22.63616 0
9 20.21906 0
9 20.21919 0
9 20.21913 0
9 20.21907 0
9 20.05176 0
9 19.7563 0
9 19.75631 0
9 19.75624 0
9 19.75645 0
9 19.24395 0
9 19.24395 0
9 19.24403 0
9 19.24391 0
9 19.24398 0
9 21.68546 0
9 21.68542 0
9 21.68536 0
9 21.68535 0
9 22.56505 0
9 22.56509 0
9 22.56503 0
9 22.56487 0
9 22.565 0
9 30.91561 0
9 30.91571 0
9 30.91575 0
9 30.91575 0
9 26.05988 0
9 26.05991 0
9 26.05999 0
9 26.05992 0
9 33.26906 0
9 33.26905 0
9 33.26905 0
9 33.26901 0
9 33.2691 0
9 34.54454 0
9 34.54438 0
9 34.5445 0
9 34.54442 0
9 25.81754 0
9 24.25134 0
9 24.25103 0
9 24.25126 0
9 24.25129 0
9 24.28372 0
9 24.28362 0
9 24.28372 0
9 24.28372 0
9 24.66148 0
9 24.66173 0
9 24.6615 0
9 24.6616 0
9 24.66155 0
9 25.97101 0
9 25.971 0
9 25.97095 0
9 25.97101 0
9 25.97102 0
9 21.7919 0
9 21.79186 0
9 21.79193 0
9 21.79192 0
9 21.79186 0
9 21.79188 0
9 21.79201 0
9 21.79185 0
9 21.79208 0
9 13.54974 0
9 13.54977 0
9 13.54971 0
9 13.5498 0
9 0.4493696 0
9 0.4489339 0
9 0.4484978 0
9 0.4493696 0
9 0.4489339 0
9 21.7919 0
9 21.79199 0
9 21.79197 0
9 21.79197 0
9 21.79204 0
9 21.79183 0
9 21.7918 0
9 21.79199 0
9 21.79188 0
9 21.79188 0
9 21.79195 0
9 21.79188 0
9 21.79195 0
9 21.792 0
9 21.79202 0
9 21.79199 0
9 21.79183 0
9 21.79204 0
9 21.79203 0
9 21.79197 0
9 21.7919 0
9 21.79193 0
9 21.79192 0
9 21.79209 0
9 21.79208 0
9 21.79197 0
9 21.79197 0
9 7.543063 0
9 7.543115 0
9 7.542985 0
9 7.542855 0
9 7.536296 0
9 7.536375 0
9 7.53627 0
9 7.536375 0
9 7.503129 0
9 7.503024 0
9 7.502972 0
9 7.50305 0
9 7.503024 0
9 7.32405 0
9 7.323997 0
9 7.324131 0
9 7.324024 0
9 11.70612 0
9 11.70589 0
9 11.70609 0
9 11.70605 0
9 6.448318 0
9 6.44844 0
9 6.448288 0
9 6.448227 0
9 12.08981 0
9 12.08964 0
9 12.08971 0
9 12.08982 0
9 12.08959 0
9 21.79199 0
