7 27.65377
7 27.65383
7 31.04568
7 31.04559
7 31.04561
7 31.04553
7 31.04564
7 30.80647
7 30.80649
7 30.80652
7 30.80647
7 30.48938
7 30.48938
7 30.48934
7 30.4894
7 30.32802
7 30.16424
7 30.16431
7 30.16425
7 30.16433
7 29.98225
7 27.13264
7 27.1326
7 27.1326
7 27.13266
7 27.03536
7 27.03534
7 27.03512
7 27.03536
7 27.03529
7 29.97327
7 29.97316
7 29.97322
7 29.9733
7 29.97315
7 24.8544
7 24.85441
7 24.85439
7 24.85447
7 24.85448
7 26.01837
7 26.01843
7 26.01843
7 26.01848
7 25.95968
7 25.95958
7 25.95973
7 25.95962
7 25.95964
7 25.64628
7 25.64618
7 25.64622
7 25.64613
7 25.64627
7 25.50659
7 25.50655
7 25.5066
7 25.50651
7 25.55862
7 25.46819
7 25.46817
7 25.46826
7 25.46824
7 25.46826
7 10.08713
7 10.08693
7 10.08703
7 10.08703
7 10.08703
7 10.08689
7 31.45353
7 31.4534
7 31.45345
7 31.4535
7 30.09567
7 30.09568
7 30.09571
7 30.09578
7 30.0958
7 28.94607
7 28.94616
7 28.94626
7 28.94611
7 28.94616
7 24.21392
7 24.21399
7 24.21402
7 24.21406
7 24.21404
7 23.94085
7 23.94069
7 23.94061
7 23.94075
7 26.34911
7 26.54163
7 26.54139
7 26.54159
7 26.54154
7 25.96679
7 25.9669
7 25.96686
7 25.96671
7 25.54557
7 25.54567
7 25.54555
7 25.54551
7 25.5457
7 24.93784
7 24.93769
7 24.93785
7 24.93804
7 24.93781
7 25.02261
7 25.02287
7 25.02279
7 25.02295
7 24.62231
7 24.62234
7 24.62236
7 24.62233
7 24.62235
7 26.0798
7 26.07962
7 26.07963
7 26.07963
7 26.0795
7 10.08715
7 10.08689
7 10.08686
7 10.08699
7 10.08692
7 10.08693
7 49.07246
7 49.0725
7 49.07249
7 49.07253
7 49.07256
7 33.38619
7 33.38622
7 33.38632
7 33.38619
7 33.38616
7 45.31256
7 45.31244
7 45.31244
7 45.31252
7 45.31245
7 33.01069
7 33.01082
7 33.0108
7 33.01069
7 33.01077
7 34.95807
7 34.9581
7 34.95813
7 34.95815
7 34.95809
7 10.08703
7 10.08707
7 10.08686
7 10.08699
7 10.08703
7 10.41939
7 10.41928
7 10.4193
7 10.41949
7 10.41935
7 10.69058
7 10.69065
7 10.69075
7 10.6906
7 10.69062
7 16.18735
7 16.18736
7 16.18748
7 16.18731
7 16.18732
7 17.92427
7 17.9242
7 17.92426
7 17.92429
7 17.92418
7 16.03217
7 16.03217
7 16.03215
7 16.03204
7 16.03216
7 16.83135
7 16.8312
7 16.83141
7 16.83141
7 16.83121
7 10.50296
7 10.503
7 10.50302
7 10.50292
7 10.50298
7 10.92474
7 10.92458
7 10.92467
7 10.92463
7 10.92456
7 10.74426
7 10.74431
7 10.74437
7 10.74417
7 10.74433
7 10.74503
7 16.24113
7 16.24126
7 16.24113
7 16.2412
7 43.99324
7 43.99322
7 43.9932
7 43.99318
7 43.99313
7 43.99316
7 43.9931
7 10.08699
7 10.08697
7 10.08701
7 10.08686
7 10.08699
7 29.60594
7 29.60602
7 29.60582
7 29.606
7 29.60612
7 29.17501
7 29.17495
7 29.17499
7 29.17505
7 28.92324
7 28.92328
7 28.92322
7 28.92329
7 28.92317
7 28.34769
7 28.34771
7 28.3477
7 28.34763
7 28.34764
7 27.28058
7 27.28048
7 27.28052
7 27.2805
7 27.28066
7 20.0913
7 20.0913
7 20.09132
7 20.09126
7 20.09129
7 23.70014
7 23.70016
7 23.70023
7 23.70026
7 23.70026
7 10.08689
7 10.08697
7 10.08688
7 10.08707
7 16.86835
7 16.86831
7 16.86836
7 16.86815
7 16.8683
7 16.86831
7 7.928652
7 7.928652
7 7.928701
7 7.928627
7 7.928652
7 16.41556
7 16.41551
7 16.41561
7 16.41554
7 16.41567
7 10.90479
7 10.90483
7 10.90476
7 10.90477
7 11.13463
7 11.1347
7 11.13464
7 11.13468
7 11.13459
7 11.25503
7 11.25505
7 11.25517
7 11.25498
7 11.47025
7 11.47047
7 11.47023
7 11.47034
7 11.47023
7 11.47035
7 10.08703
7 10.08693
7 10.08692
7 10.08697
7 10.08699
7 11.8296
7 11.82958
7 11.82955
7 11.82957
7 11.82963
7 16.62101
7 16.62089
7 16.62098
7 16.62077
7 16.62111
7 16.6762
7 16.67638
7 16.67625
7 16.67644
7 16.78223
7 16.78213
7 16.78218
7 16.78229
7 16.78231
7 13.40984
7 13.40971
7 13.4098
7 13.40983
7 13.40994
7 13.40988
7 13.41003
7 13.40988
7 13.40986
7 10.08695
7 10.08695
7 10.08707
7 10.08695
7 10.08703
7 10.08682
7 23.2988
7 35.99681
7 35.99696
7 35.99693
7 35.95816
7 35.95815
7 35.95812
7 35.95829
7 35.95827
7 35.79813
7 35.79825
7 35.79819
7 35.79819
7 35.79829
7 35.80078
7 35.80076
7 35.80081
7 35.80068
7 35.80072
7 35.63464
7 35.63457
7 35.63465
7 35.63453
7 35.20755
7 35.20758
7 35.20755
7 35.20749
7 35.20749
7 26.18264
7 26.18266
7 26.18249
7 26.18268
7 26.18263
7 10.08695
7 10.08709
7 10.08701
7 10.08705
7 10.08695
7 15.11676
7 15.11687
7 15.11666
7 15.11678
7 15.1166
7 11.56184
7 11.5619
7 11.56177
7 11.56175
7 11.56187
7 10.90069
7 10.90071
7 10.90069
7 10.90062
7 10.73335
7 10.73332
7 10.73341
7 10.73343
7 10.58781
7 10.47431
7 10.47424
7 10.47435
7 10.47424
7 10.47424
7 9.852971
7 9.852832
7 9.852991
7 9.852971
7 9.455006
7 9.455006
7 9.455006
7 9.454985
7 9.45511
7 9.033202
7 9.033288
7 9.033332
7 9.033136
7 9.033114
7 8.757821
7 8.757889
7 8.757956
7 8.757844
7 8.757978
7 8.75055
7 8.750618
7 8.750641
7 8.750506
7 8.637087
7 8.637018
7 8.637064
7 8.637064
7 8.637018
7 8.755645
7 8.755578
7 8.755734
7 8.755623
7 8.960195
7 8.960041
7 8.960282
7 8.960195
7 8.960107
7 13.35198
7 13.35196
7 13.35195
7 13.35198
7 13.35205
7 13.01643
7 13.01661
7 13.01669
7 13.01657
7 13.01651
7 13.12616
7 13.12601
7 13.12606
7 13.12592
7 13.12618
7 13.1536
7 13.15339
7 13.15355
7 13.15361
7 13.20173
7 9.422708
7 9.422666
7 9.422791
7 9.422687
7 9.422645
7 8.456679
7 8.456865
7 8.456773
7 8.456865
7 8.456819
7 7.921916
7 7.921916
7 7.921816
7 7.921816
7 7.894463
7 7.894587
7 7.894463
7 7.894512
7 7.894637
7 7.885581
7 7.885507
7 7.885631
7 7.885482
7 8.095266
7 8.095242
7 8.095314
7 8.095314
7 8.095242
7 8.263153
7 8.262986
7 8.262939
7 8.26301
7 8.263058
7 8.379347
7 8.37923
7 8.379206
7 8.37923
7 8.379159
7 8.346638
7 8.346897
7 8.346827
7 8.346827
7 8.346827
7 8.629693
7 8.629624
7 8.629739
7 8.629739
7 8.530622
7 8.530577
7 8.530484
7 8.530554
7 8.5306
7 8.42653
7 8.42674
7 8.42667
7 8.426623
7 8.426716
7 8.574141
7 8.574118
7 8.574118
7 8.574118
7 8.574141
7 8.523115
7 8.523046
7 8.523023
7 8.523068
7 8.545437
7 8.576729
7 8.576729
7 8.576591
7 8.576591
7 8.576545
7 8.546356
7 8.546264
7 8.546471
7 8.546379
7 8.546379
7 8.630422
7 8.630535
7 8.63033
7 8.630376
7 8.630353
7 8.70545
7 8.705427
7 8.705472
7 8.705472
7 8.701568
7 8.632083
7 8.632037
7 8.632014
7 8.631947
7 8.866984
7 8.867051
7 8.867006
7 8.866873
7 8.866918
7 8.866896
7 9.059895
7 9.06009
7 9.060111
7 9.06009
7 9.060111
7 8.86202
7 8.862108
7 8.862042
7 8.861976
7 8.862108
7 8.823186
7 8.823341
7 8.823364
7 8.823341
7 8.823231
7 8.724315
7 8.72436
7 8.724338
7 8.724293
7 8.573293
7 8.573224
7 8.573293
7 8.573293
7 8.510962
7 8.432704
7 8.432867
7 8.432796
7 8.432727
7 8.432796
7 8.184557
7 8.184484
7 8.184437
7 8.184484
7 8.184437
7 8.053422
7 8.053568
7 8.053494
7 8.053494
7 8.053568
7 7.826817
7 7.826817
7 7.826868
7 7.826868
7 7.826842
7 7.761949
7 7.761923
7 7.76205
7 7.762025
7 8.202983
7 8.202935
7 8.202888
7 8.20284
7 8.202816
7 8.019663
7 8.019736
7 8.019761
7 8.019516
7 8.019663
7 8.019638
7 8.019638
7 8.019566
7 8.019663
7 7.974619
7 7.974742
7 7.974742
7 7.974742
7 7.974767
7 7.92838
7 7.928355
7 7.928355
7 7.928305
7 7.93469
7 7.934839
7 7.934641
7 7.934666
7 7.934617
7 7.819892
7 7.820044
7 7.819993
7 7.819993
7 7.819892
7 7.908375
7 7.908299
7 7.908275
7 7.908375
7 7.884038
7 7.880701
7 7.880725
7 7.880751
7 7.880825
7 7.880676
7 7.846028
7 7.846103
7 7.846003
7 7.846078
7 7.845978
7 7.813213
7 7.813213
7 7.813238
7 7.813213
7 7.813213
7 7.612751
7 7.612803
7 7.612803
7 7.612751
7 7.612854
7 7.518621
7 7.518569
7 7.518517
7 7.518621
7 7.498394
7 7.52603
7 7.526134
7 7.525926
7 7.525899
7 7.526082
7 7.514654
7 7.514575
7 7.514627
7 7.514654
7 7.514654
7 7.530565
7 7.530436
7 7.530513
7 7.530565
7 7.460036
7 7.459983
7 7.46001
7 7.460036
7 7.459905
7 7.419392
7 7.419365
7 7.419445
7 7.419339
7 7.419392
7 7.520135
7 7.520266
7 7.520187
7 7.520214
7 7.539784
7 7.539759
7 7.539915
7 7.539784
7 7.539811
7 7.593237
7 7.593185
7 7.593212
7 7.593263
7 7.53601
7 7.486031
7 7.4859
7 7.486057
7 7.486031
7 7.550786
7 7.571004
7 7.571004
7 7.571082
7 7.571004
7 7.484405
7 7.484275
7 7.484353
7 7.48451
7 7.484432
7 7.478819
7 7.478635
7 7.478793
7 7.478635
7 7.423172
7 7.423199
7 7.423068
7 7.423172
7 7.423093
7 7.505979
7 7.506109
7 7.506057
7 7.505979
7 7.506005
7 7.44985
7 7.449981
7 7.449875
7 7.450007
7 7.449955
7 7.533484
7 7.533405
7 7.533457
7 7.533535
7 7.533535
7 7.578311
7 7.578207
7 7.578233
7 7.578414
7 7.578181
7 7.536765
7 7.536713
7 7.536661
7 7.536817
7 7.560422
7 7.560577
7 7.560448
7 7.560526
7 7.560552
7 7.691487
7 7.691436
7 7.691462
7 7.691538
7 7.691436
7 7.691462
7 7.765235
7 7.765185
7 7.765159
7 7.765185
7 7.765286
7 7.848155
7 7.848055
7 7.84808
7 7.848004
7 7.84808
7 7.798403
7 7.798403
7 7.798478
7 7.798377
7 7.798453
7 7.88446
7 7.884436
7 7.884286
7 7.884311
7 7.884362
7 7.84948
7 7.849504
7 7.849504
7 7.84953
7 7.84938
7 7.887846
7 7.887921
7 7.887796
7 7.887895
7 7.887895
7 7.887821
7 7.978926
7 7.978827
7 7.978901
7 7.978926
7 7.978803
7 7.922262
7 7.922312
7 7.922213
7 7.922287
7 7.922287
7 7.942604
7 7.942455
7 7.942604
7 7.942554
7 7.942455
7 7.857178
7 7.857103
7 7.857178
7 7.857152
7 7.857103
7 7.942677
7 7.942826
7 7.942702
7 7.942826
7 7.973733
7 7.973634
7 7.973708
7 7.97361
7 7.97361
7 6.659263
7 6.659293
7 6.659293
7 6.659234
7 6.785963
7 6.785847
7 6.785847
7 6.785905
7 6.785934
7 6.7807
7 6.780758
7 6.780787
7 22.81944
7 22.81949
7 22.8174
7 22.81732
7 22.81735
7 22.81737
7 22.81733
7 22.82577
7 22.82578
7 22.82575
7 22.82582
7 22.82579
7 22.93049
7 22.93041
7 22.93041
7 22.93039
7 22.93044
7 22.97834
7 22.97828
7 22.97831
7 22.97829
7 22.97838
7 17.44022
7 17.44016
7 17.44019
7 17.44019
7 17.44019
7 23.88436
7 23.88435
7 23.88426
7 23.88435
7 23.88427
7 6.868927
7 6.868927
7 6.868956
7 6.868898
7 6.868842
7 6.737669
7 6.73764
7 6.737815
7 6.737728
7 6.542688
7 6.542658
7 6.542658
7 6.542568
7 6.542688
7 6.443268
7 6.443238
7 6.443238
7 6.443238
7 6.420831
7 6.412581
7 6.412428
7 6.412428
7 6.412519
7 23.88433
7 23.88433
7 23.88439
7 23.88429
7 23.88433
7 23.88437
7 23.88436
7 23.88433
7 23.88438
7 23.88442
7 23.88433
7 23.88438
7 23.88436
7 23.88435
7 23.88433
7 23.88435
7 23.88431
7 23.88429
7 23.88442
7 23.88435
7 23.88433
7 23.88432
7 23.88431
7 23.88429
7 23.88443
7 23.88436
7 4.169412
7 4.169506
7 4.169647
7 4.1696
7 6.222678
7 6.227779
7 6.227811
7 6.227937
7 6.227842
7 6.396661
7 6.396845
7 6.396814
7 6.396814
7 6.396814
7 6.573486
7 6.573546
7 6.573457
7 6.573546
7 6.827944
7 6.827771
7 6.827886
7 6.827886
7 6.827886
7 7.446793
7 7.446899
7 7.446951
7 7.446688
7 7.503783
7 7.503756
7 7.503704
7 7.503756
7 7.503625
7 7.625346
7 7.62532
7 7.625295
7 7.625346
7 7.625295
7 7.51259
7 7.512564
7 7.512538
7 7.512669
7 7.50624
7 7.498341
7 7.498289
7 7.498341
7 7.498131
7 7.498315
7 7.407349
7 7.407322
7 7.407349
7 7.407322
7 7.446741
7 7.446635
7 7.446741
7 7.44682
7 7.446635
7 7.423913
7 7.423913
7 7.423886
7 7.423966
7 7.423913
7 7.36551
7 7.365591
7 7.365564
7 7.36567
7 7.36551
7 17.80979
7 17.8098
7 17.80969
7 17.80986
7 17.80984
7 6.417777
7 6.417899
7 6.417746
7 6.417838
7 6.422938
7 6.42306
7 6.422969
7 6.42306
7 6.422938
7 6.359833
7 6.359925
7 6.359956
7 6.359833
7 6.359894
7 6.259526
7 6.259495
7 6.259526
7 6.259526
7 6.563187
7 6.563067
7 6.563037
7 6.563157
7 6.563157
7 6.702766
7 6.820241
7 6.820241
7 6.82027
7 6.820212
7 6.878942
7 6.878942
7 6.879
7 6.879028
7 6.878886
7 6.682752
7 6.682693
7 6.682723
7 6.682664
7 6.682723
7 6.682693
7 6.765875
7 6.765875
7 6.765933
7 6.765817
7 6.707972
7 6.708118
7 6.708118
7 6.708089
7 6.708089
7 6.785992
7 6.785847
7 6.785934
7 6.785934
7 6.785934
7 6.738048
7 6.737961
7 6.738077
7 6.738077
7 6.738106
7 6.723596
7 6.723596
7 6.723683
7 6.723742
7 6.797917
7 6.798004
7 6.798004
7 6.797889
7 6.797773
7 6.762367
7 6.76225
7 6.76225
7 6.762367
7 6.762309
7 6.838077
7 6.838134
7 6.838162
7 6.838162
7 6.838048
7 6.870355
7 6.870183
7 6.870298
7 6.870155
7 6.870269
7 6.897793
7 6.89785
7 6.897878
7 6.89785
7 6.89785
7 6.945176
7 6.945176
7 6.945148
7 6.945176
7 7.009582
7 7.00961
7 7.009554
7 7.00947
7 7.049904
7 7.090773
7 7.090773
7 7.090718
7 7.090745
7 7.133664
7 7.175152
7 7.175207
7 7.175261
7 7.175179
7 7.074986
7 7.087009
7 7.086899
7 7.086926
7 7.086899
7 6.923055
7 6.923168
7 6.922998
7 6.923055
7 6.922941
7 6.805127
7 6.805098
7 6.80504
7 6.805127
7 6.816156
7 6.861613
7 6.861556
7 6.861642
7 6.861585
7 6.82188
7 6.821851
7 6.821938
7 6.821909
7 6.821938
7 6.876575
7 6.876347
7 6.87629
7 6.876404
7 6.876262
7 6.911258
7 6.911258
7 6.911258
7 6.91123
7 6.8637
7 6.863671
7 6.863757
7 6.863643
7 6.863729
7 6.873837
7 6.873894
7 6.873922
7 6.874036
7 6.827685
7 6.827714
7 6.827542
7 6.827657
7 6.827657
7 6.836097
7 6.871126
7 6.871154
7 6.871183
7 6.871154
7 6.871183
7 7.33029
7 7.330397
7 7.330237
7 7.330183
7 7.33029
7 7.426847
7 7.426873
7 7.42682
7 7.426794
7 7.462087
7 7.40038
7 7.400406
7 7.400459
7 7.40038
7 7.410342
7 7.410368
7 7.410316
7 7.410316
7 7.410209
7 7.368174
7 7.364445
7 7.364338
7 7.364471
7 7.364259
7 7.372407
7 7.372407
7 7.372407
7 7.372301
7 7.372301
7 9.979692
7 9.97979
7 9.97975
7 9.979731
7 9.979771
7 7.910236
7 7.910236
7 7.910211
7 7.910211
7 7.910236
7 6.128871
7 6.128871
7 6.128871
7 6.128839
7 6.128871
7 5.947618
7 5.94765
7 5.947552
7 5.947552
7 5.947585
7 5.768131
7 5.768131
7 5.768165
7 5.768131
7 5.768199
7 5.785265
7 5.785232
7 5.785232
7 5.785164
7 5.785265
7 5.825578
7 5.825612
7 5.825645
7 5.825645
7 5.825679
7 5.594295
7 5.59426
7 5.594224
7 5.594224
7 6.74564
7 9.979771
7 9.97981
7 9.979692
7 9.97979
7 9.97975
7 9.979731
7 9.97975
7 9.979731
7 9.97975
7 9.979731
7 7.07421
7 7.074154
7 7.074265
7 7.074293
7 9.979651
7 9.979692
7 9.979711
7 9.97979
7 9.979731
7 9.97975
7 3.691675
7 3.691622
7 3.691675
7 3.69157
7 3.691675
7 3.787135
7 3.787135
7 3.78729
7 3.787238
7 3.787342
7 3.819365
7 3.819365
7 3.819263
7 3.819365
7 3.819365
7 3.819468
7 3.643896
7 3.644111
7 3.644111
7 3.643789
7 3.643789
7 3.638035
7 3.638035
7 3.638088
7 3.637873
7 3.637981
7 3.583482
7 3.583646
7 3.583537
7 3.583482
7 3.583482
7 3.55132
7 3.55132
7 3.551375
7 3.551265
7 3.552588
7 3.563044
7 3.563154
7 3.562879
7 3.562989
7 3.562989
7 3.673758
7 3.673758
7 3.673811
7 3.673758
7 3.673704
7 3.491044
7 3.491044
7 3.491213
7 3.4911
7 3.491044
7 3.547127
7 3.547292
7 3.547182
7 3.547513
7 3.493959
7 3.402085
7 3.402085
7 3.401912
7 3.402085
7 3.398572
7 3.398572
7 3.398572
7 3.398457
7 3.398572
7 3.324959
7 3.3249
7 3.324959
7 3.325018
7 3.325018
7 3.318476
7 3.318358
7 3.31824
7 3.31824
7 3.318299
7 3.22883
7 3.228709
7 3.228709
7 3.228466
7 3.233859
7 3.233677
7 3.233798
7 3.233798
7 3.23404
7 3.220877
7 3.220999
7 3.220999
7 3.220999
7 3.220999
7 3.289322
7 3.289262
7 3.289143
7 3.289262
7 3.289441
7 3.227071
7 3.227132
7 3.227011
7 3.227071
7 3.227011
7 3.190464
7 3.190403
7 3.190403
7 3.190526
7 3.190403
7 3.275245
7 3.275185
7 3.275066
7 3.275066
7 3.275245
7 3.334191
7 3.334543
7 3.334191
7 3.33425
7 3.334309
7 3.494296
7 3.494071
7 3.494128
7 3.494071
7 3.451336
7 3.387262
7 3.387378
7 3.387436
7 3.38732
7 3.38732
7 3.406398
7 3.406456
7 3.406341
7 3.406283
7 3.406283
7 3.414607
7 3.414493
7 3.414435
7 3.414321
7 3.497544
7 3.497432
7 3.497376
7 3.497488
7 3.497432
7 3.676901
7 3.676635
7 3.676635
7 3.676848
7 3.740783
7 3.740835
7 3.740939
7 3.740992
7 3.740939
7 3.798493
7 3.798544
7 3.79839
7 3.798442
7 3.798442
7 3.84252
7 3.842826
7 3.842775
7 3.842622
7 3.842571
7 3.881158
7 3.881309
7 3.881309
7 3.881309
7 3.881309
7 3.914417
7 3.914366
7 3.914366
7 3.914166
7 3.938903
7 4.018393
7 4.018344
7 4.018344
7 4.018393
7 4.060232
7 4.06028
7 4.060377
7 4.060328
7 4.060328
7 4.02263
7 4.02263
7 4.022484
7 4.02263
7 4.022679
7 4.097681
7 4.097777
7 4.097729
7 4.097777
7 4.097538
7 4.065968
7 4.065968
7 4.065968
7 4.066016
7 4.066016
7 4.112756
7 4.112756
7 4.11266
7 4.112803
7 3.849088
7 3.848834
7 3.848936
7 3.848936
7 3.848936
7 3.780874
7 3.780874
7 3.781029
7 3.780822
7 3.780822
7 4.29546
7 4.295506
7 4.295323
7 4.295551
7 4.309753
7 7.537468
7 7.537468
7 7.537494
7 7.537416
7 7.537337
7 26.62267
7 26.62275
7 26.62277
7 26.62269
7 26.62269
7 3.34164
7 3.341406
7 3.341582
7 3.34164
7 3.341523
7 3.169903
7 3.169903
7 3.16978
7 3.169965
7 3.169965
7 3.345388
7 3.345505
7 3.345446
7 3.345212
7 3.345563
7 3.471303
7 3.471472
7 3.471359
7 3.471529
7 3.471529
7 3.471529
7 3.5598
7 3.559855
7 3.55991
7 3.559855
7 3.518752
7 3.445203
7 3.44526
7 3.445317
7 3.44526
7 3.445317
7 21.88641
7 21.88656
7 21.88655
7 21.88648
7 21.88648
7 20.84837
7 20.84827
7 20.84831
7 20.84818
7 20.84826
7 9.979671
7 9.979692
7 9.979692
7 9.97981
7 9.979731
7 3.954879
7 3.954879
7 3.95478
7 3.954928
7 3.955027
7 4.031675
7 3.968521
7 3.968472
7 3.968225
7 3.968423
7 4.033714
7 4.100308
7 4.100404
7 4.100261
7 4.100165
7 4.067701
7 4.06775
7 4.067605
7 4.067605
7 4.235217
7 4.24856
7 4.248238
7 4.24856
7 4.248468
7 4.206914
7 4.245932
7 4.245885
7 4.245885
7 4.245701
7 4.101216
7 4.101264
7 4.101312
7 4.101407
7 4.101359
7 4.036481
7 4.036481
7 4.036481
7 4.036529
7 3.851987
7 3.789978
7 3.790029
7 3.789926
7 3.790029
7 3.738374
7 3.738479
7 3.738584
7 3.738322
7 3.738374
7 3.838135
7 3.838186
7 3.838135
7 3.838084
7 9.97975
7 9.97979
7 9.979711
7 9.97975
7 9.97979
7 5.051871
7 5.051987
7 5.051871
7 5.051948
7 5.052026
7 4.718374
7 4.718374
7 4.718333
7 4.718333
7 4.718333
7 4.589024
7 4.588939
7 4.588981
7 4.589024
7 4.588896
7 4.658712
7 4.658712
7 4.658586
7 4.658628
7 4.65867
7 4.735738
7 4.735738
7 4.735531
7 4.735779
7 4.735614
7 4.79812
7 4.798079
7 4.798079
7 4.798202
7 4.79812
7 4.860308
7 4.860308
7 4.860388
7 4.860268
7 4.855912
7 4.893889
7 4.893929
7 4.893929
7 4.893809
7 4.893889
7 4.86623
7 4.86623
7 4.86635
7 4.86627
7 4.866189
7 4.86623
7 4.86631
7 4.86631
7 4.86631
7 4.768551
7 4.768674
7 4.768715
7 4.768715
7 4.768756
7 4.67089
7 4.670722
7 4.670764
7 4.67068
7 4.670722
7 4.723603
7 4.723685
7 4.723727
7 4.723727
7 4.909875
7 4.909915
7 4.909915
7 4.909756
7 4.909835
7 3.503361
7 3.503305
7 3.503193
7 3.503249
7 3.503249
7 3.523756
7 3.523923
7 3.523923
7 3.523812
7 3.523645
7 3.495976
7 3.496088
7 3.496032
7 3.496032
7 3.496088
7 3.452981
7 3.453037
7 3.452867
7 3.453037
7 3.452981
7 3.518919
7 3.518919
7 3.518752
7 3.518975
7 3.519086
7 3.594992
7 3.594884
7 3.594884
7 3.594938
7 3.594992
7 3.919765
7 3.919616
7 3.919466
7 3.919566
7 3.919815
7 24.57692
7 24.57679
7 24.57686
7 24.57688
7 24.57685
7 9.97981
7 9.97979
7 9.979651
7 9.979731
7 9.97975
7 9.979711
7 5.893186
7 5.893186
7 5.892987
7 5.893119
7 5.892987
7 5.89302
7 5.45406
7 5.454167
7 5.454275
7 5.454239
7 5.454095
7 5.253036
7 5.253036
7 5.252961
7 5.252961
7 5.252961
7 5.14883
7 5.14883
7 5.148792
7 5.14883
7 5.148868
7 4.948429
7 4.948349
7 4.948349
7 4.948389
7 4.948349
7 4.805056
7 4.805015
7 4.805178
7 4.805097
7 4.805056
7 4.702696
7 7.79445
7 7.794476
7 7.794399
7 7.794476
7 7.794476
7 3.351644
7 3.351469
7 3.351644
7 3.351585
7 3.351702
7 3.18137
7 3.181493
7 3.181493
7 3.181493
7 3.091868
7 3.081276
7 3.08134
7 3.08134
7 3.081086
7 3.057871
7 3.057807
7 3.057999
7 3.057871
7 3.057999
7 3.008042
7 3.008302
7 3.008302
7 3.008302
7 3.008042
7 3.098888
7 3.098762
7 3.098888
7 3.098825
7 3.099015
7 3.082039
7 3.081912
7 3.082039
7 3.081975
7 3.082229
7 2.902859
7 2.902994
7 2.902994
7 2.903062
7 2.903062
7 2.881131
7 2.880996
7 2.88086
7 2.88086
7 2.760949
7 2.760737
7 2.760666
7 2.760595
7 2.760595
7 3.902291
7 3.902342
7 3.902342
7 3.902191
7 3.902442
7 3.90916
7 3.90911
7 3.90906
7 3.90896
7 3.90921
7 3.917617
7 3.917717
7 3.917717
7 3.917817
7 3.917667
7 3.921064
7 3.953294
7 3.953443
7 3.953343
7 3.953443
7 3.922961
7 3.922911
7 3.922911
7 3.923061
7 3.922961
7 3.93348
7 3.93353
7 3.93338
7 3.93343
7 3.93338
7 3.943225
7 3.943275
7 3.943126
7 3.943126
7 3.943076
7 5.076129
7 5.076014
7 5.076052
7 5.076091
7 5.076052
7 2.823414
7 2.823205
7 2.823344
7 2.823344
7 2.823275
7 2.843724
7 2.843999
7 2.843862
7 2.843999
7 2.912352
7 2.91215
7 2.91215
7 2.912218
7 2.91215
7 2.883576
7 2.88344
7 2.883576
7 2.883508
7 2.875282
7 2.804981
7 2.804981
7 2.804911
7 2.80512
7 2.804981
7 2.924894
7 2.924961
7 2.924894
7 2.924894
7 2.871195
7 2.871058
7 2.871263
7 2.871126
7 2.871263
7 2.806097
7 2.806027
7 2.806167
7 2.806027
7 2.806167
7 2.822998
7 2.823205
7 2.823275
7 2.822998
7 2.795124
7 2.75797
7 2.757899
7 2.757828
7 2.758183
7 2.758041
7 2.758112
7 2.757828
7 2.758183
7 2.758183
7 22.61975
7 22.61965
7 22.61965
7 22.61971
7 22.6197
7 24.20055
7 24.20053
7 24.20058
7 24.20049
7 24.20059
7 9.979692
7 9.979711
7 9.979731
7 9.979692
7 9.97981
7 5.066084
7 5.066162
7 5.066045
7 5.066084
7 5.066162
7 4.862967
7 4.863008
7 4.862766
7 4.862806
7 4.863008
7 4.72783
7 4.727748
7 4.727748
7 4.727789
7 4.727789
7 5.326823
7 5.326676
7 5.32686
7 5.326787
7 5.326639
7 7.318825
7 7.318852
7 7.318771
7 7.318852
7 7.318798
7 9.97979
7 9.979711
7 9.979731
7 9.979731
7 9.97979
7 25.88598
7 25.88591
7 25.88582
7 25.88598
7 25.88585
7 9.979771
7 9.97975
7 9.979731
7 9.97981
7 9.97983
7 9.979771
7 9.979731
7 9.97979
7 9.97979
7 9.97981
7 4.600747
7 4.600662
7 4.600747
7 4.600747
7 4.60079
7 3.500566
7 3.50051
7 3.500566
7 3.500621
7 3.500566
7 3.500733
7 3.419707
7 3.419821
7 3.419764
7 3.419707
7 3.419649
7 12.12831
7 12.12832
7 12.12836
7 12.12834
7 12.12839
7 12.12828
7 16.17518
7 16.17515
7 16.17514
7 16.17516
7 16.27977
7 15.12923
7 15.12935
7 15.12923
7 15.12932
7 15.12926
7 15.49195
7 15.49201
7 15.49199
7 15.49195
7 15.49199
7 15.59406
7 15.59406
7 15.59414
7 15.5941
7 15.5941
7 15.5941
7 9.479465
7 9.479278
7 9.479423
7 9.479298
7 9.479381
7 2.309189
7 2.309189
7 2.309273
7 2.309273
7 2.309273
7 2.247683
7 2.247683
7 2.247509
7 2.247857
7 2.247683
7 2.33087
7 2.330702
7 2.33087
7 2.330786
7 2.519094
7 2.519094
7 2.518939
7 2.519172
7 2.519094
7 2.519094
7 9.97975
7 9.979692
7 9.97975
7 9.979771
7 7.843151
7 34.76454
7 34.76448
7 34.76443
7 34.76459
7 34.76453
7 15.17452
7 15.17446
7 15.17467
7 15.17474
7 1.807752
7 9.979692
7 9.979771
7 9.979671
7 9.979632
7 9.979771
7 15.70851
7 15.70851
7 15.70862
7 15.70861
7 15.70858
7 15.88607
7 15.88617
7 15.88609
7 15.88605
7 15.88602
7 16.09281
7 16.09282
7 16.09273
7 16.09273
7 16.09273
7 16.1083
7 16.10812
7 16.10831
7 16.10825
7 16.10831
7 9.97975
7 9.97981
7 9.979771
7 9.979731
7 9.979692
7 3.600163
7 3.600218
7 3.600109
7 3.600272
7 3.600218
7 3.236643
7 3.236582
7 3.236703
7 3.236643
7 3.236643
7 3.019021
7 3.019021
7 3.018956
7 3.019085
7 3.018956
7 2.99199
7 2.991859
7 2.991859
7 2.991728
7 2.991794
7 2.837039
7 2.837039
7 2.837177
7 2.837177
7 2.837108
7 2.7919
7 2.79183
7 2.79176
7 2.79176
7 2.79169
7 2.637598
7 2.637598
7 2.637524
7 2.637376
7 2.637524
7 2.895635
7 2.895635
7 2.895432
7 2.895499
7 2.895499
7 9.979731
7 9.979711
7 9.979731
7 9.979711
7 9.979632
7 0.9946532
7 0.9942597
7 0.9946532
7 0.9946532
7 0.9946532
7 7.283973
7 7.283891
7 7.283811
7 7.283891
7 7.283999
7 7.315822
7 7.315929
7 7.315876
7 7.315876
7 7.315956
7 7.427824
7 7.427559
7 7.42748
7 7.42785
7 7.427612
7 7.433105
7 7.433185
7 7.433132
7 7.433105
7 7.433105
7 2.654243
7 2.655128
7 2.655202
7 2.655054
7 2.655054
7 2.655054
7 2.7157
7 2.715844
7 2.715844
7 2.715772
7 2.701536
7 13.81377
7 13.81405
7 13.81395
7 13.81403
7 13.81396
7 13.761
7 13.76101
7 13.76098
7 13.76093
7 13.33167
7 13.3316
7 13.33182
7 13.33158
7 13.33144
7 10.52774
7 8.881286
7 8.881241
7 8.881241
7 8.881307
7 8.881264
7 2.720165
7 2.720237
7 2.720021
7 2.720309
7 2.720094
7 2.406721
7 2.406559
7 2.406477
7 2.406477
7 2.406559
7 2.292174
7 2.292259
7 2.292259
7 2.292174
7 2.198468
7 2.163651
7 2.16347
7 2.163651
7 2.163561
7 2.163742
7 2.149767
7 2.149949
7 2.149767
7 2.149949
7 2.149949
7 2.148765
7 2.148765
7 2.148583
7 2.148583
7 2.148583
7 12.60824
7 12.60819
7 12.60822
7 12.60819
7 12.60825
7 12.60821
7 12.68759
7 12.68761
7 12.68772
7 12.68763
7 12.68764
7 12.67674
7 12.67675
7 12.67681
7 12.67678
7 12.73022
7 12.73034
7 12.73033
7 12.73038
7 12.73041
7 12.72752
7 12.74941
7 12.74944
7 12.74938
7 12.74942
7 12.74939
7 10.58513
7 10.58495
7 10.58508
7 10.58517
7 10.58498
7 2.094337
7 2.094337
7 2.09443
7 2.09443
7 2.094337
7 2.143293
7 2.143202
7 2.143384
7 2.143202
7 2.143293
7 2.113592
7 2.113592
7 2.113685
7 2.113685
7 2.106636
7 2.106357
7 2.106357
7 2.106636
7 2.106171
7 2.106357
7 2.097045
7 2.096952
7 2.097139
7 2.097232
7 2.096765
7 2.174209
7 2.174029
7 2.174029
7 2.174029
7 2.173939
7 2.160392
7 2.160301
7 2.160301
7 2.160301
7 2.160211
7 5.920762
7 5.920696
7 5.920762
7 5.920596
7 5.920762
7 9.881728
7 9.881867
7 9.881728
7 9.881867
7 9.881827
7 9.962335
7 9.962256
7 9.962335
7 9.962394
7 9.962374
7 10.07632
7 10.07622
7 10.07615
7 10.07628
7 10.07624
7 10.22987
7 10.22993
7 10.22997
7 10.22997
7 10.22537
7 10.15025
7 10.15007
7 10.15019
7 10.15011
7 10.15007
7 10.11425
7 10.00355
7 10.00361
7 10.00366
7 10.00372
7 10.00365
7 10.00997
7 10.00986
7 10.0099
7 10.0099
7 10.00978
7 9.97979
7 9.979771
7 9.979771
7 9.97983
7 9.979731
7 18.9589
7 18.95902
7 18.95902
7 18.959
7 18.95906
7 18.93574
7 18.93579
7 18.93569
7 18.93579
7 18.84061
7 18.77126
7 18.77119
7 18.77124
7 18.7712
7 18.77133
7 21.89818
7 21.89819
7 21.89816
7 21.89819
7 9.979731
7 9.979771
7 9.97979
7 9.979671
7 9.979771
7 4.834847
7 4.834807
7 4.834726
7 4.834807
7 4.834726
7 4.920079
7 4.92004
7 4.91996
7 4.91984
7 4.920079
7 3.015582
7 3.015647
7 3.015712
7 3.015517
7 3.155294
7 3.155108
7 3.155357
7 3.15517
7 3.155232
7 3.453661
7 3.453604
7 3.45349
7 3.453717
7 3.453661
7 3.341699
7 3.341816
7 3.341933
7 3.341757
7 3.336187
7 3.339882
7 3.339999
7 3.340058
7 3.339882
7 3.055693
7 3.055757
7 3.055629
7 3.055501
7 3.055757
7 5.575662
7 5.57545
7 5.575486
7 5.575767
7 5.575662
7 6.93879
7 6.938846
7 6.93879
7 6.938846
7 6.938846
7 7.144683
7 7.144793
7 7.144793
7 7.144793
7 7.384852
7 7.384852
7 7.384905
7 7.384878
7 7.384878
7 7.599102
7 7.599024
7 7.59905
7 7.599024
7 7.599102
7 7.550162
7 7.550241
7 7.550162
7 7.550189
7 7.550214
7 7.141937
7 7.141882
7 7.141827
7 7.141909
7 7.141827
7 7.141909
7 2.811115
7 2.811046
7 2.810976
7 2.811046
7 2.811046
7 2.649076
7 2.648928
7 2.649002
7 2.649002
7 2.649076
7 2.648854
7 2.122371
7 2.304098
7 2.304013
7 2.304013
7 2.304013
7 2.303758
7 9.90123
7 9.901211
7 9.901211
7 9.90131
7 9.90129
7 12.93317
7 14.88423
7 14.88427
7 14.8843
7 14.8844
7 14.88431
7 24.77886
7 24.77875
7 24.77886
7 24.77874
7 24.77887
7 7.923897
7 7.923798
7 7.923848
7 7.923947
7 7.923872
7 7.929667
7 7.929692
7 7.929692
7 7.929667
7 7.810248
7 7.81369
7 7.81364
7 7.81354
7 7.81354
7 7.792889
7 21.92226
7 21.92222
7 21.92231
7 21.9223
7 21.83146
7 21.70233
7 21.70232
7 21.70245
7 21.70232
7 23.59766
7 23.59752
7 23.59762
7 23.59757
7 23.59751
7 9.97981
7 9.97979
7 9.979711
7 9.979731
7 9.979731
7 11.09737
7 11.09739
7 11.09739
7 11.09744
7 11.09732
7 10.96824
7 10.96826
7 10.96823
7 10.96835
7 10.96826
7 11.05318
7 11.05316
7 11.05318
7 11.05316
7 11.22968
7 11.22977
7 11.22975
7 11.22979
7 11.22988
7 11.28898
7 11.28893
7 11.28889
7 11.289
7 11.28889
7 9.97975
7 9.97983
7 9.979731
7 9.97975
7 9.979771
7 9.979731
